"type","name","full_name","return_type","parameters","visibility","is_static","is_virtual","is_abstract","is_constructor","has_body","body_code_size","token"
"<>f__AnonymousType0`2","get_score","<score>j__TPar <>f__AnonymousType0`2::get_score()","<score>j__TPar","","public","False","False","False","False","True","7","0x06000002"
"<>f__AnonymousType0`2",".ctor","System.Void <>f__AnonymousType0`2::.ctor(<value>j__TPar,<score>j__TPar)","System.Void","<value>j__TPar value; <score>j__TPar score","public","False","False","False","True","True","21","0x06000003"
"DolocAPI","QueryResourceProto","System.Boolean DolocAPI::QueryResourceProto(System.String,DolocTown.Config.Resource.ResourceInfo&)","System.Boolean","System.String name; DolocTown.Config.Resource.ResourceInfo& proto","public","True","False","False","False","True","33","0x060000C7"
"DolocAPI","QueryVegetationProto","System.Boolean DolocAPI::QueryVegetationProto(System.String,DolocTown.Config.Resource.VegetationInfo&)","System.Boolean","System.String name; DolocTown.Config.Resource.VegetationInfo& proto","public","True","False","False","False","True","33","0x060000C8"
"DolocAPI","GetTechTreeTitle","System.String DolocAPI::GetTechTreeTitle(System.String)","System.String","System.String treeName","public","True","False","False","False","True","28","0x060000CA"
"DolocAPI","QueryResourceDocument","System.Boolean DolocAPI::QueryResourceDocument(System.String,DolocTown.Config.Resource.ResourceDocumentInfo&)","System.Boolean","System.String resourceName; DolocTown.Config.Resource.ResourceDocumentInfo& document","public","True","False","False","False","True","36","0x060000D5"
"DolocAPI","SpawnResourceDropItems","System.Void DolocAPI::SpawnResourceDropItems(DolocTown.DungeonResource,System.Boolean,System.String)","System.Void","DolocTown.DungeonResource resource; System.Boolean isRender; System.String overrideSpawnLut","public","True","False","False","False","True","24","0x06000138"
"DolocAPI","SpawnMonsterDropItems","System.Void DolocAPI::SpawnMonsterDropItems(DolocTown.Monster)","System.Void","DolocTown.Monster monster","public","True","False","False","False","True","22","0x06000139"
"DolocAPI","CostTechPoint","System.Void DolocAPI::CostTechPoint(System.Int32,DolocTown.Config.TechTree.TechPointType)","System.Void","System.Int32 count; DolocTown.Config.TechTree.TechPointType type","public","True","False","False","False","True","13","0x06000194"
"DolocAPI","AddTechExp","System.Void DolocAPI::AddTechExp(DolocTown.Config.TechTree.TechPointType,System.Int32)","System.Void","DolocTown.Config.TechTree.TechPointType type; System.Int32 exp","public","True","False","False","False","True","113","0x06000195"
"DolocAPI","AddTechPoint","System.Void DolocAPI::AddTechPoint(DolocTown.Config.TechTree.TechPointType,System.Int32)","System.Void","DolocTown.Config.TechTree.TechPointType type; System.Int32 pt","public","True","False","False","False","True","13","0x06000197"
"DolocAPI","SetDialogueTargetForeground","System.Void DolocAPI::SetDialogueTargetForeground(System.String,System.Boolean)","System.Void","System.String targetName; System.Boolean active","public","True","False","False","False","True","52","0x060001E0"
"DolocAPI","RefreshStore","System.Boolean DolocAPI::RefreshStore(System.String)","System.Boolean","System.String storeName","public","True","False","False","False","True","25","0x06000200"
"DolocAPI","UnlockStoreItem","System.Boolean DolocAPI::UnlockStoreItem(System.String,System.String)","System.Boolean","System.String storeName; System.String itemName","public","True","False","False","False","True","27","0x06000201"
"DolocAPI","CheckResourceUnlocked","System.Boolean DolocAPI::CheckResourceUnlocked(System.String)","System.Boolean","System.String resourceId","public","True","False","False","False","True","22","0x06000222"
"DolocAPI","CheckVegetationUnlocked","System.Boolean DolocAPI::CheckVegetationUnlocked(System.String)","System.Boolean","System.String vegetationId","public","True","False","False","False","True","22","0x06000224"
"DolocAPI","OpenStore","System.Boolean DolocAPI::OpenStore(System.String)","System.Boolean","System.String storeId","public","True","False","False","False","True","48","0x06000254"
"DolocAPI","JumpTechTreeNode","System.Void DolocAPI::JumpTechTreeNode(System.String,System.String)","System.Void","System.String treeId; System.String nodeName","public","True","False","False","False","True","37","0x06000276"
"DolocAPI","Command_RefreshVegetation","System.Void DolocAPI::Command_RefreshVegetation(System.String)","System.Void","System.String sceneName","private","True","False","False","False","True","46","0x06000294"
"DolocAPI","Command_GetResourceCountByClass","System.Int32 DolocAPI::Command_GetResourceCountByClass(System.String,System.String,System.Boolean)","System.Int32","System.String resourceClass; System.String roomId; System.Boolean needRender","private","True","False","False","False","True","117","0x06000295"
"DolocAPI","Command_RefreshResource","System.Void DolocAPI::Command_RefreshResource(System.String)","System.Void","System.String roomId","private","True","False","False","False","True","58","0x06000296"
"DolocAPI","Command_ClearResource","System.Void DolocAPI::Command_ClearResource(System.Int32,System.Int32,System.String)","System.Void","System.Int32 x; System.Int32 y; System.String roomId","private","True","False","False","False","True","99","0x06000298"
"DolocAPI","Command_ClearAllResources","System.Void DolocAPI::Command_ClearAllResources(System.String)","System.Void","System.String roomId","private","True","False","False","False","True","34","0x06000299"
"DolocAPI","Command_ClearAllVegetation","System.Void DolocAPI::Command_ClearAllVegetation(System.String)","System.Void","System.String roomId","private","True","False","False","False","True","33","0x0600029A"
"DolocAPI","Command_ClearResourceByType","System.Void DolocAPI::Command_ClearResourceByType(System.String,System.String)","System.Void","System.String type; System.String roomId","private","True","False","False","False","True","137","0x0600029B"
"DolocAPI","Command_ReplaceResource","System.Void DolocAPI::Command_ReplaceResource(System.String,System.Int32,System.Int32,System.String)","System.Void","System.String resourceId; System.Int32 x; System.Int32 y; System.String roomId","private","True","False","False","False","True","62","0x0600029C"
"DolocAPI","ReplaceResource","System.Void DolocAPI::ReplaceResource(DolocTown.Room,DolocTown.Config.Resource.ResourceInfo,UnityEngine.Vector2Int)","System.Void","DolocTown.Room room; DolocTown.Config.Resource.ResourceInfo proto; UnityEngine.Vector2Int pos","private","True","False","False","False","True","166","0x0600029D"
"DolocAPI","Command_RefreshResourceByType","System.Void DolocAPI::Command_RefreshResourceByType(System.String,System.String)","System.Void","System.String type; System.String roomId","public","True","False","False","False","True","40","0x0600029E"
"DolocAPI","RefreshResourceByType","System.Void DolocAPI::RefreshResourceByType(DolocTown.Room,DolocTown.Config.Resource.DungeonResourceType)","System.Void","DolocTown.Room room; DolocTown.Config.Resource.DungeonResourceType type","public","True","False","False","False","True","373","0x0600029F"
"DolocAPI","RefreshWorldVegetation","System.Void DolocAPI::RefreshWorldVegetation()","System.Void","","private","True","False","False","False","True","204","0x060002A0"
"DolocAPI","Command_UnlockResource","System.Void DolocAPI::Command_UnlockResource(System.String)","System.Void","System.String resourceName","private","True","False","False","False","True","22","0x060002A2"
"DolocAPI","Command_UnlockVegetation","System.Void DolocAPI::Command_UnlockVegetation(System.String)","System.Void","System.String vegetationName","private","True","False","False","False","True","22","0x060002A6"
"DolocAPI","Command_LockVegetation","System.Void DolocAPI::Command_LockVegetation(System.String)","System.Void","System.String vegetationName","private","True","False","False","False","True","22","0x060002A7"
"DolocAPI","Command_UnlockAllVegetation","System.Void DolocAPI::Command_UnlockAllVegetation()","System.Void","","private","True","False","False","False","True","83","0x060002A9"
"DolocAPI","Command_GenerateDungeonResource","System.Void DolocAPI::Command_GenerateDungeonResource(System.String)","System.Void","System.String name","private","True","False","False","False","True","85","0x060002AA"
"DolocAPI","Command_GenerateVegetation","System.Void DolocAPI::Command_GenerateVegetation(System.String)","System.Void","System.String name","private","True","False","False","False","True","107","0x060002AB"
"DolocAPI","Command_AddTechTreeExp","System.Void DolocAPI::Command_AddTechTreeExp(System.String,System.Int32)","System.Void","System.String type; System.Int32 exp","private","True","False","False","False","True","64","0x060002E0"
"DolocAPI","Command_SetStoreLevel","System.Void DolocAPI::Command_SetStoreLevel(System.Int32)","System.Void","System.Int32 level","private","True","False","False","False","True","22","0x06000322"
"DolocAPI","Command_RefreshStore","System.Void DolocAPI::Command_RefreshStore(System.String)","System.Void","System.String storeName","private","True","False","False","False","True","27","0x06000323"
"DolocAPI","Command_UnlockStoreItem","System.Void DolocAPI::Command_UnlockStoreItem(System.String,System.String)","System.Void","System.String storeName; System.String itemName","private","True","False","False","False","True","36","0x06000324"
"DolocAPI","Command_RevertUnlockStoreItem","System.Void DolocAPI::Command_RevertUnlockStoreItem(System.String,System.String)","System.Void","System.String storeName; System.String itemName","private","True","False","False","False","True","41","0x06000325"
"DolocAPI","Command_DropMoney","Cysharp.Threading.Tasks.UniTask DolocAPI::Command_DropMoney(System.Int32,System.Int32,System.Single)","Cysharp.Threading.Tasks.UniTask","System.Int32 totalMoney; System.Int32 dropCount; System.Single interval","private","True","False","False","False","True","71","0x06000335"
"DolocAPI","Command_OpenExchangeStore","Cysharp.Threading.Tasks.UniTask DolocAPI::Command_OpenExchangeStore(System.String)","Cysharp.Threading.Tasks.UniTask","System.String storeId","private","True","False","False","False","True","57","0x06000344"
"DolocAPI","Command_OpenStore","Cysharp.Threading.Tasks.UniTask DolocAPI::Command_OpenStore(System.String)","Cysharp.Threading.Tasks.UniTask","System.String storeName","private","True","False","False","False","True","63","0x06000345"
"DolocAPI","Command_GetSoldItemCountStore","System.Int32 DolocAPI::Command_GetSoldItemCountStore(System.String)","System.Int32","System.String itemName","private","True","False","False","False","True","7","0x06000346"
"DolocAPI","Command_GetLatestEarningInStore","System.Int32 DolocAPI::Command_GetLatestEarningInStore()","System.Int32","","private","True","False","False","False","True","6","0x06000347"
"DolocAPI","Command_GetTotalEarningsInStore","System.Int32 DolocAPI::Command_GetTotalEarningsInStore(System.String)","System.Int32","System.String storeName","private","True","False","False","False","True","24","0x06000348"
"DolocAPI","Command_GetBoughtItemCountStore","System.Int32 DolocAPI::Command_GetBoughtItemCountStore(System.String)","System.Int32","System.String itemName","private","True","False","False","False","True","7","0x06000349"
"DolocAPI","Command_GetLatestSpendingInStore","System.Int32 DolocAPI::Command_GetLatestSpendingInStore()","System.Int32","","private","True","False","False","False","True","6","0x0600034A"
"DolocAPI","Command_GetTotalSpendingInStore","System.Int32 DolocAPI::Command_GetTotalSpendingInStore(System.String)","System.Int32","System.String storeName","private","True","False","False","False","True","24","0x0600034B"
"DolocAPI","Command_ClearDropItems","System.Void DolocAPI::Command_ClearDropItems()","System.Void","","private","True","False","False","False","True","32","0x0600037A"
"DolocAPI","PlaceInBackpackOrGenerateDropItem","System.Void DolocAPI::PlaceInBackpackOrGenerateDropItem(DolocTown.Item,System.Boolean)","System.Void","DolocTown.Item item; System.Boolean checkBox","public","True","False","False","False","True","64","0x0600037F"
"DolocAPI","GenerateDropItem","System.Boolean DolocAPI::GenerateDropItem(DolocTown.IDropItemHost,DolocTown.Item,UnityEngine.Vector2,System.Boolean)","System.Boolean","DolocTown.IDropItemHost host; DolocTown.Item item; UnityEngine.Vector2 pos; System.Boolean shouldSendMsg","public","True","False","False","False","True","46","0x06000380"
"DolocAPI","GenerateDropItems","System.Boolean DolocAPI::GenerateDropItems(DolocTown.IDropItemHost,DolocTown.Config.Item.ItemSpawnEntry,System.Int32,UnityEngine.Vector2,System.Boolean)","System.Boolean","DolocTown.IDropItemHost host; DolocTown.Config.Item.ItemSpawnEntry entry; System.Int32 count; UnityEngine.Vector2 startPos; System.Boolean shouldSendMsg","public","True","False","False","False","True","50","0x06000381"
"DolocAPI","GenerateDropItems","System.Boolean DolocAPI::GenerateDropItems(DolocTown.IDropItemHost,DolocTown.Config.Item.ItemSpawnEntry,UnityEngine.Vector2,System.Boolean)","System.Boolean","DolocTown.IDropItemHost host; DolocTown.Config.Item.ItemSpawnEntry entry; UnityEngine.Vector2 pos; System.Boolean shouldSendMsg","public","True","False","False","False","True","72","0x06000382"
"DolocAPI","GenerateDropItems","System.Boolean DolocAPI::GenerateDropItems(DolocTown.IDropItemHost,System.String,UnityEngine.Vector2,System.Int32,System.Boolean)","System.Boolean","DolocTown.IDropItemHost host; System.String itemName; UnityEngine.Vector2 pos; System.Int32 count; System.Boolean shouldSendMsg","public","True","False","False","False","True","81","0x06000383"
"DolocAPI","GenerateDropItems","System.Boolean DolocAPI::GenerateDropItems(DolocTown.IDropItemHost,DolocTown.CountItem,UnityEngine.Vector2,System.Boolean)","System.Boolean","DolocTown.IDropItemHost host; DolocTown.CountItem countItem; UnityEngine.Vector2 pos; System.Boolean shouldSendMsg","public","True","False","False","False","True","32","0x06000384"
"DolocAPI","SpawnItems","DolocTown.CountItem[] DolocAPI::SpawnItems(System.String,UnityEngine.Vector2Int)","DolocTown.CountItem[]","System.String itemName; UnityEngine.Vector2Int countRange","public","True","False","False","False","True","45","0x06000389"
"DolocAPI","FastButton_OpenSeedStore","System.Void DolocAPI::FastButton_OpenSeedStore()","System.Void","","private","True","False","False","False","True","38","0x0600038F"
"DolocAPI/<>c","<FastButton_OpenSeedStore>b__1003_0","System.Boolean DolocAPI/<>c::<FastButton_OpenSeedStore>b__1003_0(DolocTown.StoreUiState)","System.Boolean","DolocTown.StoreUiState state","internal","False","False","False","False","True","12","0x0600953F"
"DolocAPI/<>c__DisplayClass680_0","<OpenStore>b__0","System.Boolean DolocAPI/<>c__DisplayClass680_0::<OpenStore>b__0(DolocTown.StoreUiState)","System.Boolean","DolocTown.StoreUiState state","internal","False","False","False","False","True","13","0x06009584"
"DolocAPI/<>c__DisplayClass718_0","<JumpTechTreeNode>b__0","System.Void DolocAPI/<>c__DisplayClass718_0::<JumpTechTreeNode>b__0()","System.Void","","internal","False","False","False","False","True","38","0x0600958F"
"DolocAPI/<>c__DisplayClass718_0","<JumpTechTreeNode>b__1","System.Boolean DolocAPI/<>c__DisplayClass718_0::<JumpTechTreeNode>b__1(DolocTown.TechTreeUiState)","System.Boolean","DolocTown.TechTreeUiState state","internal","False","False","False","False","True","19","0x06009590"
"DolocAPI/<>c__DisplayClass756_0","<Command_ClearResourceByType>b__0","System.Boolean DolocAPI/<>c__DisplayClass756_0::<Command_ClearResourceByType>b__0(DolocTown.DungeonResource)","System.Boolean","DolocTown.DungeonResource x","internal","False","False","False","False","True","15","0x06009592"
"DolocAPI/<>c__DisplayClass760_0","<RefreshResourceByType>b__0","System.Boolean DolocAPI/<>c__DisplayClass760_0::<RefreshResourceByType>b__0(DolocTown.Config.Resource.ResourceSpawnData)","System.Boolean","DolocTown.Config.Resource.ResourceSpawnData x","internal","False","False","False","False","True","20","0x06009594"
"DolocAPI/<Command_DropMoney>d__912","MoveNext","System.Void DolocAPI/<Command_DropMoney>d__912::MoveNext()","System.Void","","private","False","True","False","False","True","447","0x060095B7"
"DolocAPI/<Command_DropMoney>d__912","SetStateMachine","System.Void DolocAPI/<Command_DropMoney>d__912::SetStateMachine(System.Runtime.CompilerServices.IAsyncStateMachine)","System.Void","System.Runtime.CompilerServices.IAsyncStateMachine stateMachine","private","False","True","False","False","True","13","0x060095B8"
"DolocAPI/<>c__DisplayClass927_0","<Command_OpenExchangeStore>b__0","System.Boolean DolocAPI/<>c__DisplayClass927_0::<Command_OpenExchangeStore>b__0(DolocTown.RecipePanelUiState)","System.Boolean","DolocTown.RecipePanelUiState state","internal","False","False","False","False","True","18","0x060095BA"
"GameStateMachine","BeforeSwitchState","System.Void GameStateMachine::BeforeSwitchState(IDolocGameState,IDolocGameState)","System.Void","IDolocGameState cur; IDolocGameState lst","private","False","False","False","False","True","70","0x06000415"
"BoxUiState","get_ignoreSubmitWhenClick","System.Boolean BoxUiState::get_ignoreSubmitWhenClick()","System.Boolean","","protected","False","True","False","False","True","2","0x0600049A"
"DolocInputSource/NormalInputActions","get_ToggleTechTree","UnityEngine.InputSystem.InputAction DolocInputSource/NormalInputActions::get_ToggleTechTree()","UnityEngine.InputSystem.InputAction","","public","False","False","False","False","True","12","0x0600963A"
"DolocInputSource/BaseInputActions","get_ToggleTechTree","UnityEngine.InputSystem.InputAction DolocInputSource/BaseInputActions::get_ToggleTechTree()","UnityEngine.InputSystem.InputAction","","public","False","False","False","False","True","12","0x06009682"
"DolocInputSource/INormalInputActions","OnToggleTechTree","System.Void DolocInputSource/INormalInputActions::OnToggleTechTree(UnityEngine.InputSystem.InputAction/CallbackContext)","System.Void","UnityEngine.InputSystem.InputAction/CallbackContext context","public","False","True","True","False","False","0","0x060096B8"
"DolocInputSource/IBaseInputActions","OnToggleTechTree","System.Void DolocInputSource/IBaseInputActions::OnToggleTechTree(UnityEngine.InputSystem.InputAction/CallbackContext)","System.Void","UnityEngine.InputSystem.InputAction/CallbackContext context","public","False","True","True","False","False","0","0x060096F2"
"DolocUtils","Colored","System.String DolocUtils::Colored(System.String,UnityEngine.Color)","System.String","System.String str; UnityEngine.Color color","public","True","False","False","False","True","49","0x060004ED"
"DolocUtils","Colored","System.String DolocUtils::Colored(System.String,System.String)","System.String","System.String str; System.String hex","public","True","False","False","False","True","44","0x060004EE"
"DolocAssetCache","CheckHandleState","System.Void DolocAssetCache::CheckHandleState(UnityEngine.ResourceManagement.AsyncOperations.AsyncOperationHandle`1<System.Collections.Generic.IList`1<T>>)","System.Void","UnityEngine.ResourceManagement.AsyncOperations.AsyncOperationHandle`1<System.Collections.Generic.IList`1<T>> handle","private","False","False","False","False","True","74","0x06000536"
"DolocAssetCache/<>c__DisplayClass3_0","<Load>b__0","System.Void DolocAssetCache/<>c__DisplayClass3_0::<Load>b__0(UnityEngine.ResourceManagement.AsyncOperations.AsyncOperationHandle`1<System.Collections.Generic.IList`1<UnityEngine.Object>>)","System.Void","UnityEngine.ResourceManagement.AsyncOperations.AsyncOperationHandle`1<System.Collections.Generic.IList`1<UnityEngine.Object>> h","internal","False","False","False","False","True","29","0x0600970D"
"DolocBundleManager","get_techTrees","DolocTown.GameData.TechTreeDatabase DolocBundleManager::get_techTrees()","DolocTown.GameData.TechTreeDatabase","","public","False","False","False","False","True","7","0x06000595"
"DolocBundleManager","set_techTrees","System.Void DolocBundleManager::set_techTrees(DolocTown.GameData.TechTreeDatabase)","System.Void","DolocTown.GameData.TechTreeDatabase value","private","False","False","False","False","True","8","0x06000596"
"DolocBundleManager","get_effectsConfig","DolocTown.GameData.DRockEffectsConfig DolocBundleManager::get_effectsConfig()","DolocTown.GameData.DRockEffectsConfig","","public","False","False","False","False","True","7","0x060005AF"
"DolocBundleManager","set_effectsConfig","System.Void DolocBundleManager::set_effectsConfig(DolocTown.GameData.DRockEffectsConfig)","System.Void","DolocTown.GameData.DRockEffectsConfig value","private","False","False","False","False","True","8","0x060005B0"
"DolocBundleManager","LoadTechTrees","System.Boolean DolocBundleManager::LoadTechTrees()","System.Boolean","","private","False","False","False","False","True","204","0x060005B5"
"DolocResources","readConfig","System.Boolean DolocResources::readConfig(System.String,System.String&)","System.Boolean","System.String name; System.String& source","public","True","False","False","False","True","35","0x060005C6"
"DolocResources","getConfigSource","System.String DolocResources::getConfigSource(System.String)","System.String","System.String name","public","True","False","False","False","True","25","0x060005C7"
"DolocResources","loadConfig","System.Boolean DolocResources::loadConfig(System.String,System.String&)","System.Boolean","System.String path; System.String& source","public","True","False","False","False","True","31","0x060005C8"
"DolocResources","loadSpriteAtlas","System.Boolean DolocResources::loadSpriteAtlas(System.String,System.Collections.Generic.Dictionary`2<System.String,UnityEngine.Sprite>&,System.Action`1<System.String>)","System.Boolean","System.String path; System.Collections.Generic.Dictionary`2<System.String,UnityEngine.Sprite>& lut; System.Action`1<System.String> log","public","True","False","False","False","True","169","0x060005C9"
"DolocResources","loadSpriteAtlas","System.Boolean DolocResources::loadSpriteAtlas(System.String,System.Collections.Generic.Dictionary`2<System.String,UnityEngine.Sprite>&,System.Func`2<System.String,System.String>,System.Action`1<System.String>)","System.Boolean","System.String path; System.Collections.Generic.Dictionary`2<System.String,UnityEngine.Sprite>& lut; System.Func`2<System.String,System.String> handleKey; System.Action`1<System.String> log","public","True","False","False","False","True","175","0x060005CA"
"DolocResources","get_defaultNpcController","UnityEngine.RuntimeAnimatorController DolocResources::get_defaultNpcController()","UnityEngine.RuntimeAnimatorController","","public","True","False","False","False","True","11","0x060005CB"
"GameManager","BeforeAwake","System.Void GameManager::BeforeAwake()","System.Void","","private","False","False","False","False","True","66","0x060005ED"
"DolocTweenValue",".ctor","System.Void DolocTweenValue::.ctor(DG.Tweening.Core.DOGetter`1<System.Single>,DG.Tweening.Core.DOSetter`1<System.Single>)","System.Void","DG.Tweening.Core.DOGetter`1<System.Single> getter; DG.Tweening.Core.DOSetter`1<System.Single> setter","public","False","False","False","True","True","21","0x060006E5"
"DolocTweenValue",".ctor","System.Void DolocTweenValue::.ctor(DG.Tweening.Core.DOGetter`1<System.Single>,DG.Tweening.Core.DOSetter`1<System.Single>,DG.Tweening.Ease,System.Single)","System.Void","DG.Tweening.Core.DOGetter`1<System.Single> getter; DG.Tweening.Core.DOSetter`1<System.Single> setter; DG.Tweening.Ease ease; System.Single time","public","False","False","False","True","True","24","0x060006E6"
"DolocTweenColorHandler",".ctor","System.Void DolocTweenColorHandler::.ctor(DG.Tweening.Core.DOGetter`1<UnityEngine.Color>,DG.Tweening.Core.DOSetter`1<UnityEngine.Color>)","System.Void","DG.Tweening.Core.DOGetter`1<UnityEngine.Color> getter; DG.Tweening.Core.DOSetter`1<UnityEngine.Color> setter","public","False","False","False","True","True","21","0x06000701"
"DolocTweenFadeInout",".ctor","System.Void DolocTweenFadeInout::.ctor(DG.Tweening.Core.DOGetter`1<UnityEngine.Color>,DG.Tweening.Core.DOSetter`1<UnityEngine.Color>)","System.Void","DG.Tweening.Core.DOGetter`1<UnityEngine.Color> getter; DG.Tweening.Core.DOSetter`1<UnityEngine.Color> setter","public","False","False","False","True","True","20","0x0600070D"
"DolocTweenFadeInout",".ctor","System.Void DolocTweenFadeInout::.ctor(DG.Tweening.Core.DOGetter`1<UnityEngine.Color>,DG.Tweening.Core.DOSetter`1<UnityEngine.Color>,DG.Tweening.Ease,System.Single)","System.Void","DG.Tweening.Core.DOGetter`1<UnityEngine.Color> getter; DG.Tweening.Core.DOSetter`1<UnityEngine.Color> setter; DG.Tweening.Ease ease; System.Single time","public","False","False","False","True","True","23","0x0600070E"
"DolocTweenFadeInoutList","join","System.Void DolocTweenFadeInoutList::join(DG.Tweening.Core.DOGetter`1<UnityEngine.Color>,DG.Tweening.Core.DOSetter`1<UnityEngine.Color>)","System.Void","DG.Tweening.Core.DOGetter`1<UnityEngine.Color> getter; DG.Tweening.Core.DOSetter`1<UnityEngine.Color> setter","public","False","False","False","False","True","31","0x06000719"
"UIAnimFloat",".ctor","System.Void UIAnimFloat::.ctor(DG.Tweening.Core.DOGetter`1<System.Single>,DG.Tweening.Core.DOSetter`1<System.Single>)","System.Void","DG.Tweening.Core.DOGetter`1<System.Single> getter; DG.Tweening.Core.DOSetter`1<System.Single> setter","public","False","False","False","True","True","21","0x06000783"
"UIAnimStree",".ctor","System.Void UIAnimStree::.ctor(UnityEngine.Transform,UnityEngine.Vector2,UnityEngine.Vector2,System.Single,DG.Tweening.Ease)","System.Void","UnityEngine.Transform transform; UnityEngine.Vector2 from; UnityEngine.Vector2 to; System.Single time; DG.Tweening.Ease ease","public","False","False","False","True","True","95","0x060007AC"
"UIAnimStree","start","System.Void UIAnimStree::start()","System.Void","","public","False","False","False","False","True","12","0x060007AD"
"UIAnimStree","stop","System.Void UIAnimStree::stop()","System.Void","","public","False","False","False","False","True","12","0x060007AE"
"XLua.StaticLuaCallbacks","LoadSocketCore","System.Int32 XLua.StaticLuaCallbacks::LoadSocketCore(System.IntPtr)","System.Int32","System.IntPtr L","internal","True","False","False","False","True","7","0x060008D3"
"XLua.StaticLuaCallbacks","LoadFromResource","System.Int32 XLua.StaticLuaCallbacks::LoadFromResource(System.IntPtr)","System.Int32","System.IntPtr L","internal","True","False","False","False","True","172","0x060008D6"
"XLua.LuaTable","ForEach","System.Void XLua.LuaTable::ForEach(System.Action`2<TKey,TValue>)","System.Void","System.Action`2<TKey,TValue> action","public","False","False","False","False","True","120","0x06000938"
"XLua.LuaDLL.Lua","luaopen_socket_core","System.Int32 XLua.LuaDLL.Lua::luaopen_socket_core(System.IntPtr)","System.Int32","System.IntPtr L","public","True","False","False","False","False","0","0x06000A4C"
"RedSaw.ExceptionRecorder","AddIgnoreCase","System.Void RedSaw.ExceptionRecorder::AddIgnoreCase(RedSaw.ExceptionTriggerPoint)","System.Void","RedSaw.ExceptionTriggerPoint point","public","False","False","False","False","True","14","0x06000A92"
"RedSaw.PoolCore","get_OnCreated","System.Action`1<UnityEngine.GameObject> RedSaw.PoolCore::get_OnCreated()","System.Action`1<UnityEngine.GameObject>","","public","False","False","False","False","True","7","0x06000A9B"
"RedSaw.PoolCore","set_OnCreated","System.Void RedSaw.PoolCore::set_OnCreated(System.Action`1<UnityEngine.GameObject>)","System.Void","System.Action`1<UnityEngine.GameObject> value","public","False","False","False","False","True","8","0x06000A9C"
"RedSaw.PoolCore","get_Container","UnityEngine.Transform RedSaw.PoolCore::get_Container()","UnityEngine.Transform","","public","False","False","False","False","True","7","0x06000A9D"
"RedSaw.PoolCore",".ctor","System.Void RedSaw.PoolCore::.ctor(UnityEngine.GameObject,UnityEngine.Transform)","System.Void","UnityEngine.GameObject pfb; UnityEngine.Transform container","public","False","False","False","True","True","21","0x06000A9E"
"RedSaw.PoolCore","InvokeOnCreated","System.Void RedSaw.PoolCore::InvokeOnCreated(UnityEngine.GameObject)","System.Void","UnityEngine.GameObject instance","private","False","False","False","False","True","51","0x06000A9F"
"RedSaw.PoolCore","get_NewInstance","UnityEngine.GameObject RedSaw.PoolCore::get_NewInstance()","UnityEngine.GameObject","","public","False","False","False","False","True","27","0x06000AA0"
"RedSaw.PoolCore`1","get_OnCreated","System.Action`1<T> RedSaw.PoolCore`1::get_OnCreated()","System.Action`1<T>","","public","False","False","False","False","True","7","0x06000AA1"
"RedSaw.PoolCore`1","set_OnCreated","System.Void RedSaw.PoolCore`1::set_OnCreated(System.Action`1<T>)","System.Void","System.Action`1<T> value","public","False","False","False","False","True","8","0x06000AA2"
"RedSaw.PoolCore`1","get_Container","UnityEngine.Transform RedSaw.PoolCore`1::get_Container()","UnityEngine.Transform","","public","False","False","False","False","True","7","0x06000AA3"
"RedSaw.PoolCore`1","get_Prefab","UnityEngine.GameObject RedSaw.PoolCore`1::get_Prefab()","UnityEngine.GameObject","","public","False","False","False","False","True","7","0x06000AA4"
"RedSaw.PoolCore`1",".ctor","System.Void RedSaw.PoolCore`1::.ctor(UnityEngine.GameObject,UnityEngine.Transform)","System.Void","UnityEngine.GameObject pfb; UnityEngine.Transform container","public","False","False","False","True","True","21","0x06000AA5"
"RedSaw.PoolCore`1","InvokeOnCreated","System.Void RedSaw.PoolCore`1::InvokeOnCreated(T)","System.Void","T instance","private","False","False","False","False","True","51","0x06000AA6"
"RedSaw.PoolCore`1","Spawn","System.Void RedSaw.PoolCore`1::Spawn(System.Collections.Generic.IEnumerable`1<T>)","System.Void","System.Collections.Generic.IEnumerable`1<T> components","public","False","False","False","False","True","55","0x06000AA7"
"RedSaw.PoolCore`1","get_NewInstance","T RedSaw.PoolCore`1::get_NewInstance()","T","","public","False","False","False","False","True","66","0x06000AA8"
"RedSaw.ObjectPool`1","ForEach","System.Void RedSaw.ObjectPool`1::ForEach(System.Action`1<T>)","System.Void","System.Action`1<T> handle","public","False","False","False","False","True","55","0x06000ACE"
"RedSaw.ObjectPool`1","ForEach","System.Void RedSaw.ObjectPool`1::ForEach(System.Action`2<T,System.Int32>)","System.Void","System.Action`2<T,System.Int32> handle","public","False","False","False","False","True","42","0x06000ACF"
"RedSaw.TilemapAutoPainter","IsCore","System.Boolean RedSaw.TilemapAutoPainter::IsCore(System.Boolean,System.Boolean,System.Boolean,System.Boolean,System.Boolean,System.Boolean,System.Boolean,System.Boolean)","System.Boolean","System.Boolean top; System.Boolean left; System.Boolean right; System.Boolean bottom; System.Boolean topLeft; System.Boolean topRight; System.Boolean bottomLeft; System.Boolean bottomRight","private","False","False","False","False","True","71","0x06000BBA"
"RedSaw.Web.WebOperationHandle","DoRequest","System.Void RedSaw.Web.WebOperationHandle::DoRequest(UnityEngine.Networking.UnityWebRequest)","System.Void","UnityEngine.Networking.UnityWebRequest request","public","False","False","False","False","True","56","0x06000C05"
"RedSaw.CommandLineInterface.Lexer","get_HasMore","System.Boolean RedSaw.CommandLineInterface.Lexer::get_HasMore()","System.Boolean","","private","False","False","False","False","True","20","0x06000D2A"
"RedSaw.CommandLineInterface.SyntaxTree","get_L","RedSaw.CommandLineInterface.SyntaxTree RedSaw.CommandLineInterface.SyntaxTree::get_L()","RedSaw.CommandLineInterface.SyntaxTree","","public","False","False","False","False","True","9","0x06000D7F"
"RedSaw.CommandLineInterface.SyntaxTree","get_R","RedSaw.CommandLineInterface.SyntaxTree RedSaw.CommandLineInterface.SyntaxTree::get_R()","RedSaw.CommandLineInterface.SyntaxTree","","public","False","False","False","False","True","9","0x06000D80"
"RedSaw.CommandLineInterface.SyntaxTree","get_IsLeaf","System.Boolean RedSaw.CommandLineInterface.SyntaxTree::get_IsLeaf()","System.Boolean","","public","False","False","False","False","True","11","0x06000D81"
"RedSaw.CommandLineInterface.SyntaxTree","get_DebugInfo","System.String RedSaw.CommandLineInterface.SyntaxTree::get_DebugInfo()","System.String","","public","False","False","False","False","True","625","0x06000D82"
"RedSaw.CommandLineInterface.SyntaxTree",".ctor","System.Void RedSaw.CommandLineInterface.SyntaxTree::.ctor(RedSaw.CommandLineInterface.SyntaxTreeCode,System.String)","System.Void","RedSaw.CommandLineInterface.SyntaxTreeCode opcode; System.String data","public","False","False","False","True","True","32","0x06000D83"
"RedSaw.CommandLineInterface.SyntaxTree",".ctor","System.Void RedSaw.CommandLineInterface.SyntaxTree::.ctor(RedSaw.CommandLineInterface.SyntaxTreeCode,System.String,RedSaw.CommandLineInterface.SyntaxTree)","System.Void","RedSaw.CommandLineInterface.SyntaxTreeCode opcode; System.String data; RedSaw.CommandLineInterface.SyntaxTree L","public","False","False","False","True","True","37","0x06000D84"
"RedSaw.CommandLineInterface.SyntaxTree",".ctor","System.Void RedSaw.CommandLineInterface.SyntaxTree::.ctor(RedSaw.CommandLineInterface.SyntaxTreeCode,System.String,RedSaw.CommandLineInterface.SyntaxTree,RedSaw.CommandLineInterface.SyntaxTree)","System.Void","RedSaw.CommandLineInterface.SyntaxTreeCode opcode; System.String data; RedSaw.CommandLineInterface.SyntaxTree L; RedSaw.CommandLineInterface.SyntaxTree R","public","False","False","False","True","True","42","0x06000D85"
"RedSaw.CommandLineInterface.SyntaxTree",".ctor","System.Void RedSaw.CommandLineInterface.SyntaxTree::.ctor(RedSaw.CommandLineInterface.SyntaxTreeCode,System.String,RedSaw.CommandLineInterface.SyntaxTree[])","System.Void","RedSaw.CommandLineInterface.SyntaxTreeCode opcode; System.String data; RedSaw.CommandLineInterface.SyntaxTree[] children","public","False","False","False","True","True","28","0x06000D86"
"RedSaw.CommandLineInterface.SyntaxTree","ToString","System.String RedSaw.CommandLineInterface.SyntaxTree::ToString()","System.String","","public","False","True","False","False","True","47","0x06000D87"
"RedSaw.CommandLineInterface.SyntaxTree/<>c",".cctor","System.Void RedSaw.CommandLineInterface.SyntaxTree/<>c::.cctor()","System.Void","","private","True","False","False","True","True","11","0x0600990E"
"RedSaw.CommandLineInterface.SyntaxTree/<>c",".ctor","System.Void RedSaw.CommandLineInterface.SyntaxTree/<>c::.ctor()","System.Void","","public","False","False","False","True","True","7","0x0600990F"
"RedSaw.CommandLineInterface.SyntaxTree/<>c","<get_DebugInfo>b__10_0","System.String RedSaw.CommandLineInterface.SyntaxTree/<>c::<get_DebugInfo>b__10_0(RedSaw.CommandLineInterface.SyntaxTree)","System.String","RedSaw.CommandLineInterface.SyntaxTree x","internal","False","False","False","False","True","7","0x06009910"
"RedSaw.CommandLineInterface.SyntaxAnalyzer","get_HasMore","System.Boolean RedSaw.CommandLineInterface.SyntaxAnalyzer::get_HasMore()","System.Boolean","","public","False","False","False","False","True","17","0x06000D8A"
"RedSaw.CommandLineInterface.SyntaxAnalyzer","Analyze","RedSaw.CommandLineInterface.SyntaxTree RedSaw.CommandLineInterface.SyntaxAnalyzer::Analyze(RedSaw.CommandLineInterface.LexerResult)","RedSaw.CommandLineInterface.SyntaxTree","RedSaw.CommandLineInterface.LexerResult lexerResult","public","False","False","False","False","True","29","0x06000D8D"
"RedSaw.CommandLineInterface.SyntaxAnalyzer","MatchId","System.Boolean RedSaw.CommandLineInterface.SyntaxAnalyzer::MatchId(RedSaw.CommandLineInterface.SyntaxTree&)","System.Boolean","RedSaw.CommandLineInterface.SyntaxTree& factor","private","False","False","False","False","True","78","0x06000D90"
"RedSaw.CommandLineInterface.SyntaxAnalyzer","NextParameterList","RedSaw.CommandLineInterface.SyntaxTree RedSaw.CommandLineInterface.SyntaxAnalyzer::NextParameterList()","RedSaw.CommandLineInterface.SyntaxTree","","private","False","False","False","False","True","102","0x06000D91"
"RedSaw.CommandLineInterface.SyntaxAnalyzer","NextParameterList_Command","RedSaw.CommandLineInterface.SyntaxTree RedSaw.CommandLineInterface.SyntaxAnalyzer::NextParameterList_Command()","RedSaw.CommandLineInterface.SyntaxTree","","private","False","False","False","False","True","70","0x06000D92"
"RedSaw.CommandLineInterface.SyntaxAnalyzer","NextFactor","RedSaw.CommandLineInterface.SyntaxTree RedSaw.CommandLineInterface.SyntaxAnalyzer::NextFactor()","RedSaw.CommandLineInterface.SyntaxTree","","private","False","False","False","False","True","414","0x06000D93"
"RedSaw.CommandLineInterface.SyntaxAnalyzer","NextConverter","RedSaw.CommandLineInterface.SyntaxTree RedSaw.CommandLineInterface.SyntaxAnalyzer::NextConverter()","RedSaw.CommandLineInterface.SyntaxTree","","private","False","False","False","False","True","113","0x06000D94"
"RedSaw.CommandLineInterface.SyntaxAnalyzer","NextAccess","RedSaw.CommandLineInterface.SyntaxTree RedSaw.CommandLineInterface.SyntaxAnalyzer::NextAccess()","RedSaw.CommandLineInterface.SyntaxTree","","private","False","False","False","False","True","260","0x06000D95"
"RedSaw.CommandLineInterface.SyntaxAnalyzer","NextExpr","RedSaw.CommandLineInterface.SyntaxTree RedSaw.CommandLineInterface.SyntaxAnalyzer::NextExpr(System.Boolean)","RedSaw.CommandLineInterface.SyntaxTree","System.Boolean isRoot","public","False","False","False","False","True","241","0x06000D96"
"RedSaw.CommandLineInterface.VirtualMachine","UnwrapStackObjectNoRequire","System.Object RedSaw.CommandLineInterface.VirtualMachine::UnwrapStackObjectNoRequire(RedSaw.CommandLineInterface.StackObject)","System.Object","RedSaw.CommandLineInterface.StackObject container","private","False","False","False","False","True","53","0x06000E2C"
"RedSaw.CommandLineInterface.VirtualMachine","ExecuteRoot","System.Object RedSaw.CommandLineInterface.VirtualMachine::ExecuteRoot(RedSaw.CommandLineInterface.SyntaxTree)","System.Object","RedSaw.CommandLineInterface.SyntaxTree node","public","False","False","False","False","True","105","0x06000E2D"
"RedSaw.CommandLineInterface.VirtualMachine","Execute","System.Void RedSaw.CommandLineInterface.VirtualMachine::Execute(RedSaw.CommandLineInterface.SyntaxTree,RedSaw.CommandLineInterface.VirtualMachine/ExecuteStatus)","System.Void","RedSaw.CommandLineInterface.SyntaxTree node; RedSaw.CommandLineInterface.VirtualMachine/ExecuteStatus status","private","False","False","False","False","True","217","0x06000E2E"
"RedSaw.CommandLineInterface.VirtualMachine","ExecuteFactorFloat","System.Void RedSaw.CommandLineInterface.VirtualMachine::ExecuteFactorFloat(RedSaw.CommandLineInterface.SyntaxTree,RedSaw.CommandLineInterface.VirtualMachine/ExecuteStatus)","System.Void","RedSaw.CommandLineInterface.SyntaxTree node; RedSaw.CommandLineInterface.VirtualMachine/ExecuteStatus status","private","False","False","False","False","True","309","0x06000E2F"
"RedSaw.CommandLineInterface.VirtualMachine","ExecuteFactorInt","System.Void RedSaw.CommandLineInterface.VirtualMachine::ExecuteFactorInt(RedSaw.CommandLineInterface.SyntaxTree,RedSaw.CommandLineInterface.VirtualMachine/ExecuteStatus)","System.Void","RedSaw.CommandLineInterface.SyntaxTree node; RedSaw.CommandLineInterface.VirtualMachine/ExecuteStatus status","private","False","False","False","False","True","309","0x06000E30"
"RedSaw.CommandLineInterface.VirtualMachine","ExecuteFactorTrue","System.Void RedSaw.CommandLineInterface.VirtualMachine::ExecuteFactorTrue(RedSaw.CommandLineInterface.SyntaxTree,RedSaw.CommandLineInterface.VirtualMachine/ExecuteStatus)","System.Void","RedSaw.CommandLineInterface.SyntaxTree node; RedSaw.CommandLineInterface.VirtualMachine/ExecuteStatus status","private","False","False","False","False","True","276","0x06000E31"
"RedSaw.CommandLineInterface.VirtualMachine","ExecuteFactorFalse","System.Void RedSaw.CommandLineInterface.VirtualMachine::ExecuteFactorFalse(RedSaw.CommandLineInterface.SyntaxTree,RedSaw.CommandLineInterface.VirtualMachine/ExecuteStatus)","System.Void","RedSaw.CommandLineInterface.SyntaxTree node; RedSaw.CommandLineInterface.VirtualMachine/ExecuteStatus status","private","False","False","False","False","True","276","0x06000E32"
"RedSaw.CommandLineInterface.VirtualMachine","ExecuteFactorNull","System.Void RedSaw.CommandLineInterface.VirtualMachine::ExecuteFactorNull(RedSaw.CommandLineInterface.SyntaxTree,RedSaw.CommandLineInterface.VirtualMachine/ExecuteStatus)","System.Void","RedSaw.CommandLineInterface.SyntaxTree node; RedSaw.CommandLineInterface.VirtualMachine/ExecuteStatus status","private","False","False","False","False","True","266","0x06000E33"
"RedSaw.CommandLineInterface.VirtualMachine","ExecuteFactorInput","System.Void RedSaw.CommandLineInterface.VirtualMachine::ExecuteFactorInput(RedSaw.CommandLineInterface.SyntaxTree,RedSaw.CommandLineInterface.VirtualMachine/ExecuteStatus)","System.Void","RedSaw.CommandLineInterface.SyntaxTree node; RedSaw.CommandLineInterface.VirtualMachine/ExecuteStatus status","private","False","False","False","False","True","45","0x06000E35"
"RedSaw.CommandLineInterface.VirtualMachine","ExecuteFactorString","System.Void RedSaw.CommandLineInterface.VirtualMachine::ExecuteFactorString(RedSaw.CommandLineInterface.SyntaxTree,RedSaw.CommandLineInterface.VirtualMachine/ExecuteStatus)","System.Void","RedSaw.CommandLineInterface.SyntaxTree node; RedSaw.CommandLineInterface.VirtualMachine/ExecuteStatus status","private","False","False","False","False","True","45","0x06000E36"
"RedSaw.CommandLineInterface.VirtualMachine","ExecuteSetField","System.Void RedSaw.CommandLineInterface.VirtualMachine::ExecuteSetField(RedSaw.CommandLineInterface.SyntaxTree,RedSaw.CommandLineInterface.VirtualMachine/ExecuteStatus)","System.Void","RedSaw.CommandLineInterface.SyntaxTree node; RedSaw.CommandLineInterface.VirtualMachine/ExecuteStatus status","private","False","False","False","False","True","649","0x06000E37"
"RedSaw.CommandLineInterface.VirtualMachine","ExecuteLoadVariable","System.Void RedSaw.CommandLineInterface.VirtualMachine::ExecuteLoadVariable(RedSaw.CommandLineInterface.SyntaxTree,RedSaw.CommandLineInterface.VirtualMachine/ExecuteStatus)","System.Void","RedSaw.CommandLineInterface.SyntaxTree node; RedSaw.CommandLineInterface.VirtualMachine/ExecuteStatus status","private","False","False","False","False","True","50","0x06000E38"
"RedSaw.CommandLineInterface.VirtualMachine","ExecuteDot","System.Void RedSaw.CommandLineInterface.VirtualMachine::ExecuteDot(RedSaw.CommandLineInterface.SyntaxTree,RedSaw.CommandLineInterface.VirtualMachine/ExecuteStatus)","System.Void","RedSaw.CommandLineInterface.SyntaxTree node; RedSaw.CommandLineInterface.VirtualMachine/ExecuteStatus status","private","False","False","False","False","True","465","0x06000E39"
"RedSaw.CommandLineInterface.VirtualMachine","ExecuteCall","System.Void RedSaw.CommandLineInterface.VirtualMachine::ExecuteCall(RedSaw.CommandLineInterface.SyntaxTree,RedSaw.CommandLineInterface.VirtualMachine/ExecuteStatus)","System.Void","RedSaw.CommandLineInterface.SyntaxTree node; RedSaw.CommandLineInterface.VirtualMachine/ExecuteStatus status","private","False","False","False","False","True","1066","0x06000E3A"
"RedSaw.CommandLineInterface.VirtualMachine","ExecuteAssign","System.Void RedSaw.CommandLineInterface.VirtualMachine::ExecuteAssign(RedSaw.CommandLineInterface.SyntaxTree,RedSaw.CommandLineInterface.VirtualMachine/ExecuteStatus)","System.Void","RedSaw.CommandLineInterface.SyntaxTree node; RedSaw.CommandLineInterface.VirtualMachine/ExecuteStatus status","private","False","False","False","False","True","387","0x06000E3B"
"RedSaw.CommandLineInterface.VirtualMachine","ExecuteIndex","System.Void RedSaw.CommandLineInterface.VirtualMachine::ExecuteIndex(RedSaw.CommandLineInterface.SyntaxTree,RedSaw.CommandLineInterface.VirtualMachine/ExecuteStatus)","System.Void","RedSaw.CommandLineInterface.SyntaxTree node; RedSaw.CommandLineInterface.VirtualMachine/ExecuteStatus status","private","False","False","False","False","True","327","0x06000E3C"
"RedSaw.CommandLineInterface.VirtualMachine","ExecuteSetElement","System.Void RedSaw.CommandLineInterface.VirtualMachine::ExecuteSetElement(RedSaw.CommandLineInterface.SyntaxTree,RedSaw.CommandLineInterface.VirtualMachine/ExecuteStatus)","System.Void","RedSaw.CommandLineInterface.SyntaxTree node; RedSaw.CommandLineInterface.VirtualMachine/ExecuteStatus status","private","False","False","False","False","True","511","0x06000E3D"
"RedSaw.CommandLineInterface.VirtualMachine","ExecuteConvert","System.Void RedSaw.CommandLineInterface.VirtualMachine::ExecuteConvert(RedSaw.CommandLineInterface.SyntaxTree,RedSaw.CommandLineInterface.VirtualMachine/ExecuteStatus)","System.Void","RedSaw.CommandLineInterface.SyntaxTree node; RedSaw.CommandLineInterface.VirtualMachine/ExecuteStatus status","private","False","False","False","False","True","390","0x06000E3E"
"RedSaw.AI.Jps","diagonalExplore","System.Boolean RedSaw.AI.Jps::diagonalExplore(UnityEngine.Vector2Int,UnityEngine.Vector2Int,System.Int32)","System.Boolean","UnityEngine.Vector2Int p; UnityEngine.Vector2Int d; System.Int32 cost","private","False","False","False","False","True","46","0x06000F59"
"RedSaw.AI.JpsL","diagonalExplore","System.Boolean RedSaw.AI.JpsL::diagonalExplore(UnityEngine.Vector2Int,UnityEngine.Vector2Int,System.Int32)","System.Boolean","UnityEngine.Vector2Int p; UnityEngine.Vector2Int d; System.Int32 cost","protected","False","False","False","False","True","46","0x06000F60"
"RedSaw.AI.LinearTask.LinearTask","ForEach","System.Void RedSaw.AI.LinearTask.LinearTask::ForEach(System.Action`1<RedSaw.AI.LinearTask.LinearTask>)","System.Void","System.Action`1<RedSaw.AI.LinearTask.LinearTask> handle","public","False","False","False","False","True","49","0x06000F9A"
"DolocTown.CityRoom",".ctor","System.Void DolocTown.CityRoom::.ctor(System.String,System.Int32,DolocTown.MissionItemManager,DolocTown.DropItemManager,DolocTown.RoomInteractableObjectManager,DolocTown.DungeonResourceManager,DolocTown.VegetationManager,DolocTown.PlatformManager,DolocTown.BuildingManager,DolocTown.EquipmentManager,DolocTown.AnimalManager,System.Boolean)","System.Void","System.String ProtoName; System.Int32 stopTime; DolocTown.MissionItemManager DM_missionItem; DolocTown.DropItemManager DM_dropitem; DolocTown.RoomInteractableObjectManager DM_interactableObject; DolocTown.DungeonResourceManager DM_dungeonResource; DolocTown.VegetationManager DM_vegetation; DolocTown.PlatformManager DM_platform; DolocTown.BuildingManager DM_building; DolocTown.EquipmentManager DM_equipment; DolocTown.AnimalManager DM_animal; System.Boolean blockCreate","public","False","False","False","True","True","76","0x060010BE"
"DolocTown.SuburbRoom",".ctor","System.Void DolocTown.SuburbRoom::.ctor(System.String,DolocTown.DropItemManager,DolocTown.MissionItemManager,DolocTown.DungeonResourceManager,DolocTown.VegetationManager,System.Int32,System.Boolean,DolocTown.PlatformManager,DolocTown.BuildingManager,DolocTown.EquipmentManager,DolocTown.AnimalManager)","System.Void","System.String ProtoName; DolocTown.DropItemManager DM_dropitem; DolocTown.MissionItemManager DM_missionItem; DolocTown.DungeonResourceManager DM_dungeonResource; DolocTown.VegetationManager DM_vegetation; System.Int32 stopTime; System.Boolean blockCreate; DolocTown.PlatformManager DM_platform; DolocTown.BuildingManager DM_building; DolocTown.EquipmentManager DM_equipment; DolocTown.AnimalManager DM_animal","public","False","False","False","True","True","27","0x060010EA"
"DolocTown.DialogueState","IgnoreNextOptionVisit","System.Void DolocTown.DialogueState::IgnoreNextOptionVisit()","System.Void","","public","False","False","False","False","True","13","0x060011DE"
"DolocTown.MissionChainManager","get_CompletedOrEndedMissionChains","System.String[] DolocTown.MissionChainManager::get_CompletedOrEndedMissionChains()","System.String[]","","public","False","False","False","False","True","23","0x060013A7"
"DolocTown.MissionGraphPatch","ExecuteNodeIgnoreMission","System.Void DolocTown.MissionGraphPatch::ExecuteNodeIgnoreMission(DolocTown.NodeCanvas.MissionNode)","System.Void","DolocTown.NodeCanvas.MissionNode node","private","True","False","False","False","True","78","0x060013BB"
"DolocTown.MissionManager","UpdatePerHourNoRender","System.Void DolocTown.MissionManager::UpdatePerHourNoRender()","System.Void","","public","False","False","False","False","True","131","0x06001421"
"DolocTown.MissionManager/<>c","<UpdatePerHourNoRender>b__24_0","System.Boolean DolocTown.MissionManager/<>c::<UpdatePerHourNoRender>b__24_0(DolocTown.IMission)","System.Boolean","DolocTown.IMission mission","internal","False","False","False","False","True","7","0x06009A20"
"DolocTown.Npc","SetToForeground","System.Void DolocTown.Npc::SetToForeground(System.Boolean)","System.Void","System.Boolean active","public","False","False","False","False","True","71","0x0600147E"
"DolocTown.Npc","get_isForegroundInDialogue","System.Boolean DolocTown.Npc::get_isForegroundInDialogue()","System.Boolean","","public","False","False","False","False","True","7","0x0600148B"
"DolocTown.Npc","set_isForegroundInDialogue","System.Void DolocTown.Npc::set_isForegroundInDialogue(System.Boolean)","System.Void","System.Boolean value","public","False","False","False","False","True","8","0x0600148C"
"DolocTown.Npc","get_IsInStreetMission","System.Boolean DolocTown.Npc::get_IsInStreetMission()","System.Boolean","","public","False","False","False","False","True","27","0x06001497"
"DolocTown.Npc","UpdatePerSecNoRender","System.Void DolocTown.Npc::UpdatePerSecNoRender()","System.Void","","public","False","False","False","False","True","27","0x0600149B"
"DolocTown.Npc","GetStreetPoint","UnityEngine.Vector2 DolocTown.Npc::GetStreetPoint(System.String,System.Boolean)","UnityEngine.Vector2","System.String sceneName; System.Boolean overrideHeight","private","False","False","False","False","True","150","0x060014AA"
"DolocTown.NpcManager","UpdatePerSecNoRender","System.Void DolocTown.NpcManager::UpdatePerSecNoRender()","System.Void","","public","False","False","False","False","True","57","0x060014D2"
"DolocTown.NpcWorkTaskStreet","get_WorkType","DolocTown.GameData.NpcScheduleWorkType DolocTown.NpcWorkTaskStreet::get_WorkType()","DolocTown.GameData.NpcScheduleWorkType","","public","False","True","False","False","True","2","0x06001526"
"DolocTown.NpcWorkTaskStreet","OnBegin","System.Void DolocTown.NpcWorkTaskStreet::OnBegin()","System.Void","","public","False","True","False","False","True","50","0x06001527"
"DolocTown.NpcWorkTaskStreet","OnExecute","RedSaw.AI.LinearTask.TaskStatus DolocTown.NpcWorkTaskStreet::OnExecute(System.Single)","RedSaw.AI.LinearTask.TaskStatus","System.Single dt","public","False","True","False","False","True","2","0x06001528"
"DolocTown.NpcWorkTaskStreet",".ctor","System.Void DolocTown.NpcWorkTaskStreet::.ctor()","System.Void","","public","False","False","False","True","True","7","0x06001529"
"DolocTown.ExchangeStore","get_id","System.String DolocTown.ExchangeStore::get_id()","System.String","","private","False","False","False","False","True","12","0x0600157C"
"DolocTown.ExchangeStore","get_CurrentItems","System.Collections.Generic.HashSet`1<System.String> DolocTown.ExchangeStore::get_CurrentItems()","System.Collections.Generic.HashSet`1<System.String>","","public","False","False","False","False","True","7","0x0600157D"
"DolocTown.ExchangeStore","get_SoldItems","System.Collections.Generic.Dictionary`2<System.String,System.Int32> DolocTown.ExchangeStore::get_SoldItems()","System.Collections.Generic.Dictionary`2<System.String,System.Int32>","","public","False","False","False","False","True","7","0x0600157E"
"DolocTown.ExchangeStore","get_IsValid","System.Boolean DolocTown.ExchangeStore::get_IsValid()","System.Boolean","","public","False","False","False","False","True","10","0x0600157F"
"DolocTown.ExchangeStore","get_title","System.String DolocTown.ExchangeStore::get_title()","System.String","","public","False","False","False","False","True","12","0x06001580"
"DolocTown.ExchangeStore","get_ItemCategory","System.Int32 DolocTown.ExchangeStore::get_ItemCategory()","System.Int32","","public","False","False","False","False","True","12","0x06001581"
"DolocTown.ExchangeStore",".ctor","System.Void DolocTown.ExchangeStore::.ctor(DolocTown.Config.Store.ExchangeStoreInfo)","System.Void","DolocTown.Config.Store.ExchangeStoreInfo proto","public","False","False","False","True","True","53","0x06001582"
"DolocTown.ExchangeStore",".ctor","System.Void DolocTown.ExchangeStore::.ctor(System.String,System.Collections.Generic.HashSet`1<System.String>,System.Collections.Generic.Dictionary`2<System.String,System.Int32>,System.Collections.Generic.HashSet`1<System.String>)","System.Void","System.String id; System.Collections.Generic.HashSet`1<System.String> currentItems; System.Collections.Generic.Dictionary`2<System.String,System.Int32> soldItems; System.Collections.Generic.HashSet`1<System.String> forceUnlockedItems","private","False","False","False","True","True","93","0x06001583"
"DolocTown.ExchangeStore","InitItems","System.Void DolocTown.ExchangeStore::InitItems()","System.Void","","private","False","False","False","False","True","79","0x06001584"
"DolocTown.ExchangeStore","ValidateFixedItems","System.Void DolocTown.ExchangeStore::ValidateFixedItems()","System.Void","","private","False","False","False","False","True","80","0x06001585"
"DolocTown.ExchangeStore","Refresh","System.Void DolocTown.ExchangeStore::Refresh()","System.Void","","public","False","True","False","False","True","91","0x06001586"
"DolocTown.ExchangeStore","UnlockStoreItem","System.Boolean DolocTown.ExchangeStore::UnlockStoreItem(System.String)","System.Boolean","System.String itemName","public","False","True","False","False","True","54","0x06001587"
"DolocTown.ExchangeStore","RevertUnlockStoreItem","System.Void DolocTown.ExchangeStore::RevertUnlockStoreItem(System.String)","System.Void","System.String itemName","public","False","True","False","False","True","14","0x06001588"
"DolocTown.ExchangeStore","CheckItemUnlock","System.Boolean DolocTown.ExchangeStore::CheckItemUnlock(DolocTown.Config.Store.ExchangeStoreItemData)","System.Boolean","DolocTown.Config.Store.ExchangeStoreItemData storeItem","private","False","False","False","False","True","87","0x06001589"
"DolocTown.ExchangeStore","GetItemCurrentStorage","System.Int32 DolocTown.ExchangeStore::GetItemCurrentStorage(System.String)","System.Int32","System.String itemName","public","False","False","False","False","True","56","0x0600158A"
"DolocTown.ExchangeStore","GetItemPrice","System.Int32 DolocTown.ExchangeStore::GetItemPrice(System.String)","System.Int32","System.String itemName","public","False","False","False","False","True","30","0x0600158B"
"DolocTown.ExchangeStore","GetItemCost","DolocTown.CountItem[] DolocTown.ExchangeStore::GetItemCost(System.String)","DolocTown.CountItem[]","System.String itemName","public","False","False","False","False","True","34","0x0600158C"
"DolocTown.ExchangeStore","BuyItem","System.Boolean DolocTown.ExchangeStore::BuyItem(System.String)","System.Boolean","System.String itemName","public","False","False","False","False","True","76","0x0600158D"
"DolocTown.ExchangeStore","GetStoreItem","DolocTown.Config.Store.ExchangeStoreItemData DolocTown.ExchangeStore::GetStoreItem(System.String)","DolocTown.Config.Store.ExchangeStoreItemData","System.String itemName","public","False","False","False","False","True","22","0x0600158E"
"DolocTown.ExchangeStore","GetSortedItems","System.String[] DolocTown.ExchangeStore::GetSortedItems()","System.String[]","","public","False","False","False","False","True","105","0x0600158F"
"DolocTown.ExchangeStore","get_IsFixedDuration","System.Boolean DolocTown.ExchangeStore::get_IsFixedDuration()","System.Boolean","","public","False","True","False","False","True","2","0x06001590"
"DolocTown.ExchangeStore","get_GroupId","System.String DolocTown.ExchangeStore::get_GroupId()","System.String","","public","False","True","False","False","True","7","0x06001591"
"DolocTown.ExchangeStore","get_RecipeIds","System.Collections.Generic.List`1<System.String> DolocTown.ExchangeStore::get_RecipeIds()","System.Collections.Generic.List`1<System.String>","","public","False","True","False","False","True","7","0x06001592"
"DolocTown.ExchangeStore","get_Title","System.String DolocTown.ExchangeStore::get_Title()","System.String","","public","False","True","False","False","True","7","0x06001593"
"DolocTown.ExchangeStore","get_BaseTimeRatio","System.Single DolocTown.ExchangeStore::get_BaseTimeRatio()","System.Single","","public","False","True","False","False","True","6","0x06001594"
"DolocTown.ExchangeStore","get_TimeAddition","System.Single DolocTown.ExchangeStore::get_TimeAddition()","System.Single","","public","False","True","False","False","True","7","0x06001595"
"DolocTown.ExchangeStore","set_TimeAddition","System.Void DolocTown.ExchangeStore::set_TimeAddition(System.Single)","System.Void","System.Single value","public","False","True","False","False","True","8","0x06001596"
"DolocTown.ExchangeStore","get_MaxCraftCount","System.Int32 DolocTown.ExchangeStore::get_MaxCraftCount()","System.Int32","","public","False","True","False","False","True","2","0x06001597"
"DolocTown.ExchangeStore","get_isValid","System.Boolean DolocTown.ExchangeStore::get_isValid()","System.Boolean","","public","False","True","False","False","True","10","0x06001598"
"DolocTown.ExchangeStore","get_SwitchMainInfo","System.String DolocTown.ExchangeStore::get_SwitchMainInfo()","System.String","","public","False","True","False","False","True","6","0x06001599"
"DolocTown.ExchangeStore","get_SwitchSubInfo","System.String DolocTown.ExchangeStore::get_SwitchSubInfo()","System.String","","public","False","True","False","False","True","6","0x0600159A"
"DolocTown.ExchangeStore","CheckRecipeUnlock","System.Boolean DolocTown.ExchangeStore::CheckRecipeUnlock(System.String)","System.Boolean","System.String recipeId","public","False","True","False","False","True","13","0x0600159B"
"DolocTown.ExchangeStore","TryGetRecipe","System.Boolean DolocTown.ExchangeStore::TryGetRecipe(DolocTown.CountItem[],DolocTown.IRecipe&)","System.Boolean","DolocTown.CountItem[] items; DolocTown.IRecipe& recipe","public","False","True","False","False","True","5","0x0600159C"
"DolocTown.ExchangeStore","GetRecipe","DolocTown.IRecipe DolocTown.ExchangeStore::GetRecipe(System.String)","DolocTown.IRecipe","System.String recipeId","public","False","True","False","False","True","42","0x0600159D"
"DolocTown.ExchangeStore","GetRecipeIdByOrder","System.Collections.Generic.List`1<System.String> DolocTown.ExchangeStore::GetRecipeIdByOrder()","System.Collections.Generic.List`1<System.String>","","private","False","False","False","False","True","149","0x0600159E"
"DolocTown.ExchangeStore","GetSoldCount","System.Int32 DolocTown.ExchangeStore::GetSoldCount(System.String)","System.Int32","System.String itemName","public","False","True","False","False","True","2","0x0600159F"
"DolocTown.ExchangeStoreRecipe","get_id","System.String DolocTown.ExchangeStoreRecipe::get_id()","System.String","","private","False","False","False","False","True","12","0x060015A0"
"DolocTown.ExchangeStoreRecipe","get_RecipeId","System.String DolocTown.ExchangeStoreRecipe::get_RecipeId()","System.String","","public","False","True","False","False","True","12","0x060015A1"
"DolocTown.ExchangeStoreRecipe","get_RecipeTitle","System.String DolocTown.ExchangeStoreRecipe::get_RecipeTitle()","System.String","","public","False","True","False","False","True","17","0x060015A2"
"DolocTown.ExchangeStoreRecipe","get_InputItems","DolocTown.CountItem[] DolocTown.ExchangeStoreRecipe::get_InputItems()","DolocTown.CountItem[]","","public","False","True","False","False","True","12","0x060015A3"
"DolocTown.ExchangeStoreRecipe","get_MoneyCost","System.Int32 DolocTown.ExchangeStoreRecipe::get_MoneyCost()","System.Int32","","public","False","True","False","False","True","43","0x060015A4"
"DolocTown.ExchangeStoreRecipe","get_OutputItem","DolocTown.RangedItem DolocTown.ExchangeStoreRecipe::get_OutputItem()","DolocTown.RangedItem","","public","False","True","False","False","True","12","0x060015A5"
"DolocTown.ExchangeStoreRecipe","get_TechPoint","System.Int32 DolocTown.ExchangeStoreRecipe::get_TechPoint()","System.Int32","","public","False","True","False","False","True","12","0x060015A6"
"DolocTown.ExchangeStoreRecipe","get_CostTime","System.Int32 DolocTown.ExchangeStoreRecipe::get_CostTime()","System.Int32","","public","False","True","False","False","True","2","0x060015A7"
"DolocTown.ExchangeStoreRecipe","get_Storage","System.Int32 DolocTown.ExchangeStoreRecipe::get_Storage()","System.Int32","","public","False","True","False","False","True","7","0x060015A8"
"DolocTown.ExchangeStoreRecipe","get_isValid","System.Boolean DolocTown.ExchangeStoreRecipe::get_isValid()","System.Boolean","","public","False","True","False","False","True","7","0x060015A9"
"DolocTown.ExchangeStoreRecipe",".ctor","System.Void DolocTown.ExchangeStoreRecipe::.ctor(DolocTown.Config.Store.ExchangeStoreItemData,System.Int32)","System.Void","DolocTown.Config.Store.ExchangeStoreItemData data; System.Int32 storage","public","False","False","False","True","True","31","0x060015AA"
"DolocTown.IStore","Refresh","System.Void DolocTown.IStore::Refresh()","System.Void","","public","False","True","True","False","False","0","0x060015AB"
"DolocTown.IStore","UnlockStoreItem","System.Boolean DolocTown.IStore::UnlockStoreItem(System.String)","System.Boolean","System.String itemName","public","False","True","True","False","False","0","0x060015AC"
"DolocTown.IStore","RevertUnlockStoreItem","System.Void DolocTown.IStore::RevertUnlockStoreItem(System.String)","System.Void","System.String itemName","public","False","True","True","False","False","0","0x060015AD"
"DolocTown.IStore","GetSoldCount","System.Int32 DolocTown.IStore::GetSoldCount(System.String)","System.Int32","System.String itemName","public","False","True","True","False","False","0","0x060015AE"
"DolocTown.Store","get_proto","DolocTown.Config.Store.StoreInfo DolocTown.Store::get_proto()","DolocTown.Config.Store.StoreInfo","","public","False","False","False","False","True","7","0x060015AF"
"DolocTown.Store","set_proto","System.Void DolocTown.Store::set_proto(DolocTown.Config.Store.StoreInfo)","System.Void","DolocTown.Config.Store.StoreInfo value","private","False","False","False","False","True","8","0x060015B0"
"DolocTown.Store","get_IsValid","System.Boolean DolocTown.Store::get_IsValid()","System.Boolean","","public","False","False","False","False","True","10","0x060015B1"
"DolocTown.Store","get_id","System.String DolocTown.Store::get_id()","System.String","","public","False","False","False","False","True","12","0x060015B2"
"DolocTown.Store","get_title","System.String DolocTown.Store::get_title()","System.String","","public","False","False","False","False","True","12","0x060015B3"
"DolocTown.Store","get_money","System.Int32 DolocTown.Store::get_money()","System.Int32","","public","False","False","False","False","True","7","0x060015B4"
"DolocTown.Store","set_money","System.Void DolocTown.Store::set_money(System.Int32)","System.Void","System.Int32 value","private","False","False","False","False","True","8","0x060015B5"
"DolocTown.Store","get_ItemCategory","System.Int32 DolocTown.Store::get_ItemCategory()","System.Int32","","public","False","False","False","False","True","24","0x060015B6"
"DolocTown.Store","get_TotalEarnings","System.Int32 DolocTown.Store::get_TotalEarnings()","System.Int32","","public","False","False","False","False","True","8","0x060015B7"
"DolocTown.Store","get_TotalSpending","System.Int32 DolocTown.Store::get_TotalSpending()","System.Int32","","public","False","False","False","False","True","8","0x060015B8"
"DolocTown.Store","get_seasonIndex","System.Int32 DolocTown.Store::get_seasonIndex()","System.Int32","","private","False","False","False","False","True","16","0x060015B9"
"DolocTown.Store","get_seasonPrice","DolocTown.Config.Store.StorePriceScaleData DolocTown.Store::get_seasonPrice()","DolocTown.Config.Store.StorePriceScaleData","","private","False","False","False","False","True","24","0x060015BA"
"DolocTown.Store",".ctor","System.Void DolocTown.Store::.ctor(DolocTown.Config.Store.StoreInfo)","System.Void","DolocTown.Config.Store.StoreInfo proto","public","False","False","False","True","True","92","0x060015BB"
"DolocTown.Store",".ctor","System.Void DolocTown.Store::.ctor(System.String,System.Int32,System.Collections.Generic.Dictionary`2<System.String,System.Int32>,System.Collections.Generic.Dictionary`2<System.String,System.Int32>,System.Collections.Generic.Dictionary`2<System.String,System.Int32>,System.Collections.Generic.HashSet`1<System.String>,System.Int64,System.Int64)","System.Void","System.String id; System.Int32 money; System.Collections.Generic.Dictionary`2<System.String,System.Int32> currentItems; System.Collections.Generic.Dictionary`2<System.String,System.Int32> buyBackItems; System.Collections.Generic.Dictionary`2<System.String,System.Int32> soldItems; System.Collections.Generic.HashSet`1<System.String> extraUnlockedItems; System.Int64 totalEarnings; System.Int64 totalSpending","private","False","False","False","True","True","156","0x060015BC"
"DolocTown.Store","Validate","System.Void DolocTown.Store::Validate()","System.Void","","private","False","False","False","False","True","90","0x060015BD"
"DolocTown.Store","ValidateItemDict","System.Void DolocTown.Store::ValidateItemDict(System.Collections.Generic.Dictionary`2<System.String,System.Int32>)","System.Void","System.Collections.Generic.Dictionary`2<System.String,System.Int32> dict","private","False","False","False","False","True","49","0x060015BE"
"DolocTown.Store","ValidateFixedItems","System.Void DolocTown.Store::ValidateFixedItems()","System.Void","","private","False","False","False","False","True","286","0x060015BF"
"DolocTown.Store","UnlockStoreItem","System.Boolean DolocTown.Store::UnlockStoreItem(System.String)","System.Boolean","System.String itemName","public","False","True","False","False","True","26","0x060015C0"
"DolocTown.Store","RevertUnlockStoreItem","System.Void DolocTown.Store::RevertUnlockStoreItem(System.String)","System.Void","System.String itemName","public","False","True","False","False","True","14","0x060015C1"
"DolocTown.Store","Refresh","System.Void DolocTown.Store::Refresh()","System.Void","","public","False","True","False","False","True","13","0x060015C2"
"DolocTown.Store","RefreshMoney","System.Void DolocTown.Store::RefreshMoney()","System.Void","","private","False","False","False","False","True","103","0x060015C3"
"DolocTown.Store","RefreshItems","System.Void DolocTown.Store::RefreshItems()","System.Void","","private","False","False","False","False","True","24","0x060015C4"
"DolocTown.Store","QueryItemRecord","System.Boolean DolocTown.Store::QueryItemRecord(System.String,DolocTown.Config.Store.StoreItemSeasonData&)","System.Boolean","System.String itemName; DolocTown.Config.Store.StoreItemSeasonData& record","private","False","False","False","False","True","24","0x060015C5"
"DolocTown.Store","SpawnStoreItems","System.Collections.Generic.Dictionary`2<System.String,System.Int32> DolocTown.Store::SpawnStoreItems()","System.Collections.Generic.Dictionary`2<System.String,System.Int32>","","private","False","False","False","False","True","305","0x060015C6"
"DolocTown.Store","IsItemUnlock","System.Boolean DolocTown.Store::IsItemUnlock(System.String)","System.Boolean","System.String itemName","private","False","False","False","False","True","21","0x060015C7"
"DolocTown.Store","IsItemUnlock","System.Boolean DolocTown.Store::IsItemUnlock(DolocTown.Config.Store.StoreItemSeasonData)","System.Boolean","DolocTown.Config.Store.StoreItemSeasonData record","private","False","False","False","False","True","28","0x060015C8"
"DolocTown.Store","CanSpawnItem","System.Boolean DolocTown.Store::CanSpawnItem(DolocTown.Config.Store.StoreItemSeasonData)","System.Boolean","DolocTown.Config.Store.StoreItemSeasonData record","private","False","False","False","False","True","87","0x060015C9"
"DolocTown.Store","GetItemSpawnCount","System.Int32 DolocTown.Store::GetItemSpawnCount(DolocTown.Config.Store.StoreItemSeasonData)","System.Int32","DolocTown.Config.Store.StoreItemSeasonData record","private","False","False","False","False","True","78","0x060015CA"
"DolocTown.Store","GetItemUnitSellingPrice","System.Int32 DolocTown.Store::GetItemUnitSellingPrice(System.String)","System.Int32","System.String itemName","public","False","False","False","False","True","38","0x060015CB"
"DolocTown.Store","GetItemUnitSellingPrice","System.Int32 DolocTown.Store::GetItemUnitSellingPrice(DolocTown.Item,System.Single&)","System.Int32","DolocTown.Item item; System.Single& priceScale","public","False","False","False","False","True","42","0x060015CC"
"DolocTown.Store","GetItemTotalSellingPrice","System.Int32 DolocTown.Store::GetItemTotalSellingPrice(DolocTown.Item)","System.Int32","DolocTown.Item item","public","False","False","False","False","True","38","0x060015CD"
"DolocTown.Store","GetPriceScale","System.Single DolocTown.Store::GetPriceScale(DolocTown.Config.Item.ItemSubTypeInfo)","System.Single","DolocTown.Config.Item.ItemSubTypeInfo type","private","False","False","False","False","True","45","0x060015CE"
"DolocTown.Store","GetItemUnitBuyingPrice","System.Int32 DolocTown.Store::GetItemUnitBuyingPrice(System.String,System.Boolean)","System.Int32","System.String itemName; System.Boolean isBuyback","public","False","False","False","False","True","30","0x060015CF"
"DolocTown.Store","GetSoldCount","System.Int32 DolocTown.Store::GetSoldCount(System.String)","System.Int32","System.String itemName","public","False","True","False","False","True","17","0x060015D0"
"DolocTown.Store","SellSingleItem","System.Boolean DolocTown.Store::SellSingleItem(DolocTown.Item,System.Int32&)","System.Boolean","DolocTown.Item item; System.Int32& price","public","False","False","False","False","True","14","0x060015D1"
"DolocTown.Store","SellItems","System.Int32 DolocTown.Store::SellItems(DolocTown.Item[],System.Int32&)","System.Int32","DolocTown.Item[] items; System.Int32& price","public","False","False","False","False","True","53","0x060015D2"
"DolocTown.Store","SellItem","System.Int32 DolocTown.Store::SellItem(DolocTown.Item,System.Int32,System.Boolean,System.Int32&)","System.Int32","DolocTown.Item item; System.Int32 count; System.Boolean limitCountByItem; System.Int32& price","public","False","False","False","False","True","12","0x060015D3"
"DolocTown.Store","SellItemInternal","System.Int32 DolocTown.Store::SellItemInternal(DolocTown.Item,System.Int32,System.Boolean,System.Int32&)","System.Int32","DolocTown.Item item; System.Int32 count; System.Boolean limitCountByItem; System.Int32& price","private","False","False","False","False","True","198","0x060015D4"
"DolocTown.Store","BuySingleItem","System.Boolean DolocTown.Store::BuySingleItem(DolocTown.StoreItemRef,System.Int32&)","System.Boolean","DolocTown.StoreItemRef storeItemRef; System.Int32& price","public","False","False","False","False","True","24","0x060015D5"
"DolocTown.Store","BuyItem","System.Boolean DolocTown.Store::BuyItem(DolocTown.StoreItemRef,System.Int32,System.Int32&)","System.Boolean","DolocTown.StoreItemRef storeItemRef; System.Int32 count; System.Int32& price","public","False","False","False","False","True","24","0x060015D6"
"DolocTown.Store","BuyItemInternal","System.Int32 DolocTown.Store::BuyItemInternal(System.String,System.Int32,System.Boolean,System.Int32&)","System.Int32","System.String itemName; System.Int32 count; System.Boolean isBuyback; System.Int32& price","private","False","False","False","False","True","182","0x060015D7"
"DolocTown.Store","AddMoney","System.Void DolocTown.Store::AddMoney(System.Int32,System.Boolean)","System.Void","System.Int32 price; System.Boolean isBuyback","private","False","False","False","False","True","62","0x060015D8"
"DolocTown.Store","CostMoney","System.Void DolocTown.Store::CostMoney(System.Int32)","System.Void","System.Int32 price","private","False","False","False","False","True","43","0x060015D9"
"DolocTown.Store","GetCurrentCount","System.Int32 DolocTown.Store::GetCurrentCount(DolocTown.StoreItemRef)","System.Int32","DolocTown.StoreItemRef storeItemRef","public","False","False","False","False","True","38","0x060015DA"
"DolocTown.Store","GetSortedItems","DolocTown.StoreItemRef[] DolocTown.Store::GetSortedItems()","DolocTown.StoreItemRef[]","","public","False","False","False","False","True","183","0x060015DB"
"DolocTown.Store","<.ctor>b__30_0","System.Void DolocTown.Store::<.ctor>b__30_0(System.Boolean)","System.Void","System.Boolean _","private","False","False","False","False","True","7","0x060015DC"
"DolocTown.Store","<.ctor>b__31_0","System.Void DolocTown.Store::<.ctor>b__31_0(System.Boolean)","System.Void","System.Boolean _","private","False","False","False","False","True","7","0x060015DD"
"DolocTown.Store","<SpawnStoreItems>b__41_0","System.Single DolocTown.Store::<SpawnStoreItems>b__41_0(DolocTown.Config.Store.StoreItemSeasonData)","System.Single","DolocTown.Config.Store.StoreItemSeasonData x","private","False","False","False","False","True","18","0x060015DE"
"DolocTown.Store/<>c",".cctor","System.Void DolocTown.Store/<>c::.cctor()","System.Void","","private","True","False","False","True","True","11","0x06009A38"
"DolocTown.Store/<>c",".ctor","System.Void DolocTown.Store/<>c::.ctor()","System.Void","","public","False","False","False","True","True","7","0x06009A39"
"DolocTown.Store/<>c","<Validate>b__32_0","System.Boolean DolocTown.Store/<>c::<Validate>b__32_0(System.String)","System.Boolean","System.String x","internal","False","False","False","False","True","9","0x06009A3A"
"DolocTown.StoreItemRef",".ctor","System.Void DolocTown.StoreItemRef::.ctor(System.String,System.Boolean)","System.Void","System.String itemName; System.Boolean isBuyback","public","False","False","False","True","True","15","0x060015DF"
"DolocTown.StoreManager","get_GlobalStoreLevel","System.Int32 DolocTown.StoreManager::get_GlobalStoreLevel()","System.Int32","","public","False","False","False","False","True","7","0x060015E0"
"DolocTown.StoreManager",".ctor","System.Void DolocTown.StoreManager::.ctor(System.Collections.Generic.Dictionary`2<System.String,DolocTown.Store>,System.Collections.Generic.Dictionary`2<System.String,DolocTown.ExchangeStore>,System.Int32)","System.Void","System.Collections.Generic.Dictionary`2<System.String,DolocTown.Store> stores; System.Collections.Generic.Dictionary`2<System.String,DolocTown.ExchangeStore> exchangeStores; System.Int32 globalStoreLevel","public","False","False","False","True","True","91","0x060015E1"
"DolocTown.StoreManager","Validate","System.Void DolocTown.StoreManager::Validate()","System.Void","","private","False","False","False","False","True","167","0x060015E2"
"DolocTown.StoreManager","InitCache","System.Void DolocTown.StoreManager::InitCache()","System.Void","","private","False","False","False","False","True","369","0x060015E3"
"DolocTown.StoreManager","AfterLoadData","System.Void DolocTown.StoreManager::AfterLoadData()","System.Void","","public","False","False","False","False","True","166","0x060015E4"
"DolocTown.StoreManager","OnMessage","System.Void DolocTown.StoreManager::OnMessage(DolocTown.GameMessage)","System.Void","DolocTown.GameMessage message","public","False","False","False","False","True","148","0x060015E5"
"DolocTown.StoreManager","QueryStore","System.Boolean DolocTown.StoreManager::QueryStore(System.String,T&)","System.Boolean","System.String name; T& store","public","False","False","False","False","True","76","0x060015E6"
"DolocTown.StoreManager","QueryStore","System.Boolean DolocTown.StoreManager::QueryStore(System.String,DolocTown.IStore&)","System.Boolean","System.String storeName; DolocTown.IStore& store","public","False","False","False","False","True","37","0x060015E7"
"DolocTown.StoreManager","RefreshAllStores","System.Void DolocTown.StoreManager::RefreshAllStores()","System.Void","","public","False","False","False","False","True","52","0x060015E8"
"DolocTown.StoreManager","SetGlobalStoreLevel","System.Void DolocTown.StoreManager::SetGlobalStoreLevel(System.Int32)","System.Void","System.Int32 level","public","False","False","False","False","True","17","0x060015E9"
"DolocTown.Bullet","get_AffectResource","System.Boolean DolocTown.Bullet::get_AffectResource()","System.Boolean","","public","False","False","False","False","True","7","0x0600162C"
"DolocTown.Bullet","set_AffectResource","System.Void DolocTown.Bullet::set_AffectResource(System.Boolean)","System.Void","System.Boolean value","private","False","False","False","False","True","8","0x0600162D"
"DolocTown.Bullet","get_AffectedResourceTypes","System.Collections.Generic.HashSet`1<System.Byte> DolocTown.Bullet::get_AffectedResourceTypes()","System.Collections.Generic.HashSet`1<System.Byte>","","public","False","False","False","False","True","7","0x0600162E"
"DolocTown.Bullet","set_AffectedResourceTypes","System.Void DolocTown.Bullet::set_AffectedResourceTypes(System.Collections.Generic.HashSet`1<System.Byte>)","System.Void","System.Collections.Generic.HashSet`1<System.Byte> value","private","False","False","False","False","True","8","0x0600162F"
"DolocTown.Bullet","SetResourceInfos","System.Void DolocTown.Bullet::SetResourceInfos(System.Collections.Generic.HashSet`1<System.Byte>,System.Int32,System.Int32)","System.Void","System.Collections.Generic.HashSet`1<System.Byte> affectResourceNames; System.Int32 toolLevel; System.Int32 chopCount","public","False","False","False","False","True","37","0x06001634"
"DolocTown.BulletMoverDrop",".ctor","System.Void DolocTown.BulletMoverDrop::.ctor(UnityEngine.Transform,System.Single,DolocTown.GameData.BulletDirectionType,System.Single)","System.Void","UnityEngine.Transform transform; System.Single moveSpeed; DolocTown.GameData.BulletDirectionType directionType; System.Single gravity","public","False","False","False","True","True","18","0x06001653"
"DolocTown.BulletMoverDrop","Move","System.Void DolocTown.BulletMoverDrop::Move(System.Single)","System.Void","System.Single deltaTime","public","False","True","False","False","True","95","0x06001654"
"DolocTown.BulletMoverDrop","ConfigureFireInfo","System.Void DolocTown.BulletMoverDrop::ConfigureFireInfo(UnityEngine.Vector2,UnityEngine.Vector2)","System.Void","UnityEngine.Vector2 pos; UnityEngine.Vector2 dir","public","False","True","False","False","True","76","0x06001655"
"DolocTown.DroneFunctionBrustCore",".ctor","System.Void DolocTown.DroneFunctionBrustCore::.ctor(DolocTown.Drone,DolocTown.Config.Drone.DroneFunctionProto)","System.Void","DolocTown.Drone drone; DolocTown.Config.Drone.DroneFunctionProto proto","public","False","False","False","True","True","21","0x060016D7"
"DolocTown.DroneFunctionBrustCore","OnReceiveMessage","System.Boolean DolocTown.DroneFunctionBrustCore::OnReceiveMessage(DolocTown.DroneEventType,DolocTown.GameEventArgs)","System.Boolean","DolocTown.DroneEventType type; DolocTown.GameEventArgs args","public","False","True","False","False","True","82","0x060016D8"
"DolocTown.DroneFunctionBrustCore","BrustAttack","System.Void DolocTown.DroneFunctionBrustCore::BrustAttack(System.Int32)","System.Void","System.Int32 count","private","False","False","False","False","True","70","0x060016D9"
"DolocTown.DroneFunctionChipDissolver","GenDropItem","System.Void DolocTown.DroneFunctionChipDissolver::GenDropItem(UnityEngine.Vector2)","System.Void","UnityEngine.Vector2 position","private","False","False","False","False","True","40","0x060016DE"
"DolocTown.DroneFunctionCollectorHelper","HandleResource","System.Void DolocTown.DroneFunctionCollectorHelper::HandleResource(DolocTown.Bullet,UnityEngine.Component)","System.Void","DolocTown.Bullet bullet; UnityEngine.Component other","public","True","False","False","False","True","138","0x060016E0"
"DolocTown.DroneFunctionCollectorHelper/<>c","<.ctor>b__3_0","System.Byte DolocTown.DroneFunctionCollectorHelper/<>c::<.ctor>b__3_0(DolocTown.Config.Resource.DungeonResourceType)","System.Byte","DolocTown.Config.Resource.DungeonResourceType x","internal","False","False","False","False","True","15","0x06009A60"
"DolocTown.DroneStruct","RestoreItems","System.Collections.Generic.List`1<DolocTown.Item> DolocTown.DroneStruct::RestoreItems(DolocTown.Item[])","System.Collections.Generic.List`1<DolocTown.Item>","DolocTown.Item[] items","private","False","False","False","False","True","141","0x0600171B"
"DolocTown.DroneStruct/<>c","<RestoreItems>b__23_0","System.Boolean DolocTown.DroneStruct/<>c::<RestoreItems>b__23_0(DolocTown.Item)","System.Boolean","DolocTown.Item item","internal","False","False","False","False","True","15","0x06009A65"
"DolocTown.DroneRenderer","SetDroneForeground","System.Void DolocTown.DroneRenderer::SetDroneForeground(System.Boolean)","System.Void","System.Boolean value","public","False","False","False","False","True","53","0x0600176F"
"DolocTown.DroneWeaponSword","HandleResource","System.Void DolocTown.DroneWeaponSword::HandleResource(System.Int32,UnityEngine.Collider2D,UnityEngine.Vector2)","System.Void","System.Int32 atk; UnityEngine.Collider2D other; UnityEngine.Vector2 hitPosition","private","False","False","False","False","True","89","0x060017C4"
"DolocTown.NianTail","Drop","System.Void DolocTown.NianTail::Drop(UnityEngine.Vector2)","System.Void","UnityEngine.Vector2 force","public","False","False","False","False","True","39","0x060017F0"
"DolocTown.MonsterAI_Nian/DropState","NextState","DolocTown.MonsterStateManager/MonsterState DolocTown.MonsterAI_Nian/DropState::NextState(System.Single)","DolocTown.MonsterStateManager/MonsterState","System.Single dt","public","False","True","False","False","True","30","0x06009AE0"
"DolocTown.MonsterAI_Nian/DropState","OnFixedUpdate","System.Void DolocTown.MonsterAI_Nian/DropState::OnFixedUpdate(System.Single)","System.Void","System.Single dt","public","False","True","False","False","True","95","0x06009AE1"
"DolocTown.MonsterAI_Nian/DropState","StartCountdown","System.Void DolocTown.MonsterAI_Nian/DropState::StartCountdown(System.Single)","System.Void","System.Single duration","public","False","False","False","False","True","15","0x06009AE2"
"DolocTown.MonsterAI_Nian/DropState","OnEnter","System.Void DolocTown.MonsterAI_Nian/DropState::OnEnter()","System.Void","","public","False","True","False","False","True","8","0x06009AE3"
"DolocTown.MonsterAI_Nian/DropState","OnExit","System.Void DolocTown.MonsterAI_Nian/DropState::OnExit()","System.Void","","public","False","True","False","False","True","23","0x06009AE4"
"DolocTown.MonsterAI_Nian/DropState",".ctor","System.Void DolocTown.MonsterAI_Nian/DropState::.ctor()","System.Void","","public","False","False","False","True","True","7","0x06009AE5"
"DolocTown.MonsterAI_NianHead/DropState","NextState","DolocTown.MonsterStateManager/MonsterState DolocTown.MonsterAI_NianHead/DropState::NextState(System.Single)","DolocTown.MonsterStateManager/MonsterState","System.Single dt","public","False","True","False","False","True","30","0x06009AF6"
"DolocTown.MonsterAI_NianHead/DropState","OnFixedUpdate","System.Void DolocTown.MonsterAI_NianHead/DropState::OnFixedUpdate(System.Single)","System.Void","System.Single dt","public","False","True","False","False","True","95","0x06009AF7"
"DolocTown.MonsterAI_NianHead/DropState","StartCountdown","System.Void DolocTown.MonsterAI_NianHead/DropState::StartCountdown(System.Single)","System.Void","System.Single duration","public","False","False","False","False","True","15","0x06009AF8"
"DolocTown.MonsterAI_NianHead/DropState","OnEnter","System.Void DolocTown.MonsterAI_NianHead/DropState::OnEnter()","System.Void","","public","False","True","False","False","True","8","0x06009AF9"
"DolocTown.MonsterAI_NianHead/DropState","OnExit","System.Void DolocTown.MonsterAI_NianHead/DropState::OnExit()","System.Void","","public","False","True","False","False","True","23","0x06009AFA"
"DolocTown.MonsterAI_NianHead/DropState",".ctor","System.Void DolocTown.MonsterAI_NianHead/DropState::.ctor()","System.Void","","public","False","False","False","True","True","7","0x06009AFB"
"DolocTown.MonsterAI_NianTail/DropState","NextState","DolocTown.MonsterStateManager/MonsterState DolocTown.MonsterAI_NianTail/DropState::NextState(System.Single)","DolocTown.MonsterStateManager/MonsterState","System.Single dt","public","False","True","False","False","True","30","0x06009B07"
"DolocTown.MonsterAI_NianTail/DropState","OnFixedUpdate","System.Void DolocTown.MonsterAI_NianTail/DropState::OnFixedUpdate(System.Single)","System.Void","System.Single dt","public","False","True","False","False","True","95","0x06009B08"
"DolocTown.MonsterAI_NianTail/DropState","StartCountdown","System.Void DolocTown.MonsterAI_NianTail/DropState::StartCountdown(System.Single)","System.Void","System.Single duration","public","False","False","False","False","True","15","0x06009B09"
"DolocTown.MonsterAI_NianTail/DropState","OnEnter","System.Void DolocTown.MonsterAI_NianTail/DropState::OnEnter()","System.Void","","public","False","True","False","False","True","8","0x06009B0A"
"DolocTown.MonsterAI_NianTail/DropState","OnExit","System.Void DolocTown.MonsterAI_NianTail/DropState::OnExit()","System.Void","","public","False","True","False","False","True","23","0x06009B0B"
"DolocTown.MonsterAI_NianTail/DropState",".ctor","System.Void DolocTown.MonsterAI_NianTail/DropState::.ctor()","System.Void","","public","False","False","False","True","True","7","0x06009B0C"
"DolocTown.MonsterGroup","Foreach","System.Void DolocTown.MonsterGroup::Foreach(System.Action`1<DolocTown.MonsterAI>)","System.Void","System.Action`1<DolocTown.MonsterAI> handle","public","False","False","False","False","True","142","0x0600184A"
"DolocTown.BTRunner","StartBT","System.Void DolocTown.BTRunner::StartBT(NodeCanvas.BehaviourTrees.BehaviourTree)","System.Void","NodeCanvas.BehaviourTrees.BehaviourTree bt","protected","False","False","False","False","True","15","0x06001881"
"DolocTown.MonsterDecorator","get_ShouldGenDropItems","System.Boolean DolocTown.MonsterDecorator::get_ShouldGenDropItems()","System.Boolean","","public","False","True","False","False","True","2","0x06001890"
"DolocTown.MonsterDecoratorNian","get_ShouldGenDropItems","System.Boolean DolocTown.MonsterDecoratorNian::get_ShouldGenDropItems()","System.Boolean","","public","False","True","False","False","True","7","0x060018B7"
"DolocTown.MonsterDecoratorNian","TryEnterDropState","System.Boolean DolocTown.MonsterDecoratorNian::TryEnterDropState()","System.Boolean","","private","False","False","False","False","True","109","0x060018C5"
"DolocTown.MonsterDecoratorNian","TryCountDownDropState","System.Boolean DolocTown.MonsterDecoratorNian::TryCountDownDropState(System.Single)","System.Boolean","System.Single duration","private","False","False","False","False","True","119","0x060018C6"
"DolocTown.MonsterDecoratorNian","TryQuitDropState","System.Void DolocTown.MonsterDecoratorNian::TryQuitDropState()","System.Void","","private","False","False","False","False","True","97","0x060018C7"
"DolocTown.MonsterDecoratorNian","IsDropAvailable","System.Boolean DolocTown.MonsterDecoratorNian::IsDropAvailable()","System.Boolean","","private","False","False","False","False","True","35","0x060018C8"
"DolocTown.MonsterDecoratorNian","Drop","System.Void DolocTown.MonsterDecoratorNian::Drop(UnityEngine.Vector2)","System.Void","UnityEngine.Vector2 position","public","False","False","False","False","True","395","0x060018C9"
"DolocTown.MonsterDecoratorNian","LongDropTesting","System.Void DolocTown.MonsterDecoratorNian::LongDropTesting(System.Single)","System.Void","System.Single dt","private","False","False","False","False","True","58","0x060018CB"
"DolocTown.MonsterDecoratorNian","OnExitDropState","System.Void DolocTown.MonsterDecoratorNian::OnExitDropState()","System.Void","","public","False","False","False","False","True","80","0x060018CC"
"DolocTown.MonsterDecoratorNian/<>c__DisplayClass42_0","<Drop>b__0","System.Boolean DolocTown.MonsterDecoratorNian/<>c__DisplayClass42_0::<Drop>b__0()","System.Boolean","","internal","False","False","False","False","True","16","0x06009B2C"
"DolocTown.MonsterDecoratorNian/<>c__DisplayClass42_0","<Drop>b__1","System.Void DolocTown.MonsterDecoratorNian/<>c__DisplayClass42_0::<Drop>b__1(DolocTown.NianTail)","System.Void","DolocTown.NianTail tail","internal","False","False","False","False","True","42","0x06009B2D"
"DolocTown.MonsterDecoratorNian/<>c","<OnExitDropState>b__45_0","System.Void DolocTown.MonsterDecoratorNian/<>c::<OnExitDropState>b__45_0(DolocTown.NianTail)","System.Void","DolocTown.NianTail tail","internal","False","False","False","False","True","8","0x06009B30"
"DolocTown.Monster","InvokeDropLib","System.Void DolocTown.Monster::InvokeDropLib()","System.Void","","public","False","False","False","False","True","25","0x06001954"
"DolocTown.MonsterAttackBehaviour","DoReadyAction","DG.Tweening.Tween DolocTown.MonsterAttackBehaviour::DoReadyAction(System.Single,System.Action,System.Boolean)","DG.Tweening.Tween","System.Single readyDuration; System.Action callback; System.Boolean shouldFaceTarget","protected","False","False","False","False","True","59","0x0600199B"
"DolocTown.MonsterAttackBehaviour","DoReadyAction","DG.Tweening.Tween DolocTown.MonsterAttackBehaviour::DoReadyAction(UnityEngine.Vector2,System.Single,System.Action,System.Boolean)","DG.Tweening.Tween","UnityEngine.Vector2 shootDir; System.Single readyDuration; System.Action callback; System.Boolean shouldFaceTarget","protected","False","False","False","False","True","61","0x0600199C"
"DolocTown.MonsterAttackBehaviour","DoRecoil","DG.Tweening.Tween DolocTown.MonsterAttackBehaviour::DoRecoil(UnityEngine.Vector2,DG.Tweening.TweenCallback,System.Single,System.Single,System.Single)","DG.Tweening.Tween","UnityEngine.Vector2 shootDir; DG.Tweening.TweenCallback callback; System.Single duration; System.Single recoilDistance; System.Single recoilDurationRatio","protected","False","False","False","False","True","130","0x0600199E"
"DolocTown.MonsterAttackBehaviour","BeforeInvoke","System.Void DolocTown.MonsterAttackBehaviour::BeforeInvoke()","System.Void","","public","False","True","False","False","True","1","0x060019A3"
"DolocTown.MonsterAttackBehaviourBullet","BeforeInvoke","System.Void DolocTown.MonsterAttackBehaviourBullet::BeforeInvoke()","System.Void","","public","False","True","False","False","True","7","0x060019A7"
"DolocTown.MonsterAttackBehaviourSkillBomb","StartDropBomb","System.Void DolocTown.MonsterAttackBehaviourSkillBomb::StartDropBomb()","System.Void","","private","False","False","False","False","True","53","0x060019E0"
"DolocTown.MonsterAttackBehaviourSkillBomb","DropBomb","System.Void DolocTown.MonsterAttackBehaviourSkillBomb::DropBomb()","System.Void","","private","False","False","False","False","True","201","0x060019E1"
"DolocTown.MonsterAttackBehaviourSkillLandmine","DropLandmine","System.Void DolocTown.MonsterAttackBehaviourSkillLandmine::DropLandmine(UnityEngine.Vector2)","System.Void","UnityEngine.Vector2 hdir","private","False","False","False","False","True","150","0x060019ED"
"DolocTown.MonsterAttackBehaviourSkillTimeBomb","DropTimeBomb","System.Void DolocTown.MonsterAttackBehaviourSkillTimeBomb::DropTimeBomb(UnityEngine.Vector2,System.Single)","System.Void","UnityEngine.Vector2 hdir; System.Single moveSpeed","private","False","False","False","False","True","112","0x060019F3"
"DolocTown.IMonsterMoverGroundRenderer","OnDrop","System.Void DolocTown.IMonsterMoverGroundRenderer::OnDrop()","System.Void","","public","False","True","True","False","False","0","0x06001A79"
"DolocTown.IMonsterMoverGroundRenderer/FallbackRenderer","OnDrop","System.Void DolocTown.IMonsterMoverGroundRenderer/FallbackRenderer::OnDrop()","System.Void","","public","False","True","False","False","True","1","0x06009B6D"
"DolocTown.MonsterMoverGroundRenderer","OnDrop","System.Void DolocTown.MonsterMoverGroundRenderer::OnDrop()","System.Void","","public","False","True","True","False","False","0","0x06001A80"
"DolocTown.MonsterMoverGroundRendererAmoeba","OnDrop","System.Void DolocTown.MonsterMoverGroundRendererAmoeba::OnDrop()","System.Void","","public","False","True","False","False","True","23","0x06001A8B"
"DolocTown.Landmine","Drop","System.Void DolocTown.Landmine::Drop()","System.Void","","private","False","False","False","False","True","144","0x06001AF5"
"DolocTown.DropItem","get_SceneSprite","UnityEngine.Sprite DolocTown.DropItem::get_SceneSprite()","UnityEngine.Sprite","","public","False","True","False","False","True","12","0x06001B2A"
"DolocTown.DropItem","get_SubscriptSprite","UnityEngine.Sprite DolocTown.DropItem::get_SubscriptSprite()","UnityEngine.Sprite","","public","False","True","False","False","True","2","0x06001B2B"
"DolocTown.DropItem","get_IsItem","System.Boolean DolocTown.DropItem::get_IsItem()","System.Boolean","","public","False","True","False","False","True","2","0x06001B2C"
"DolocTown.DropItem","get_ItemName","System.String DolocTown.DropItem::get_ItemName()","System.String","","public","False","True","False","False","True","7","0x06001B2D"
"DolocTown.DropItem","get_Disposable","System.Boolean DolocTown.DropItem::get_Disposable()","System.Boolean","","public","False","True","False","False","True","31","0x06001B2E"
"DolocTown.DropItem",".ctor","System.Void DolocTown.DropItem::.ctor(System.String,UnityEngine.Vector2,System.Boolean)","System.Void","System.String itemName; UnityEngine.Vector2 position; System.Boolean shouldSendMsg","public","False","False","False","True","True","16","0x06001B2F"
"DolocTown.DropItem",".ctor","System.Void DolocTown.DropItem::.ctor(System.Int32,UnityEngine.Vector2,System.String,System.Boolean)","System.Void","System.Int32 index; UnityEngine.Vector2 position; System.String itemName; System.Boolean shouldSendMsg","protected","False","False","False","True","True","18","0x06001B30"
"DolocTown.DropItem","ValidateDeserialization","System.Boolean DolocTown.DropItem::ValidateDeserialization()","System.Boolean","","protected","False","True","False","False","True","14","0x06001B31"
"DolocTown.DropItem","OnTouch","System.Void DolocTown.DropItem::OnTouch()","System.Void","","public","False","True","False","False","True","174","0x06001B32"
"DolocTown.DropItemBase","get_Host","DolocTown.IDropItemHost DolocTown.DropItemBase::get_Host()","DolocTown.IDropItemHost","","public","False","False","False","False","True","7","0x06001B33"
"DolocTown.DropItemBase","set_Host","System.Void DolocTown.DropItemBase::set_Host(DolocTown.IDropItemHost)","System.Void","DolocTown.IDropItemHost value","public","False","False","False","False","True","8","0x06001B34"
"DolocTown.DropItemBase","get_Renderer","DolocTown.DropItemRenderer DolocTown.DropItemBase::get_Renderer()","DolocTown.DropItemRenderer","","public","False","False","False","False","True","12","0x06001B35"
"DolocTown.DropItemBase","get_SubscriptSprite","UnityEngine.Sprite DolocTown.DropItemBase::get_SubscriptSprite()","UnityEngine.Sprite","","public","False","True","True","False","False","0","0x06001B36"
"DolocTown.DropItemBase","get_IsItem","System.Boolean DolocTown.DropItemBase::get_IsItem()","System.Boolean","","public","False","True","True","False","False","0","0x06001B37"
"DolocTown.DropItemBase","get_ItemName","System.String DolocTown.DropItemBase::get_ItemName()","System.String","","public","False","True","True","False","False","0","0x06001B38"
"DolocTown.DropItemBase","get_Disposable","System.Boolean DolocTown.DropItemBase::get_Disposable()","System.Boolean","","public","False","True","True","False","False","0","0x06001B39"
"DolocTown.DropItemBase","get_shieldCollector","System.Boolean DolocTown.DropItemBase::get_shieldCollector()","System.Boolean","","public","False","False","False","False","True","7","0x06001B3A"
"DolocTown.DropItemBase","set_shieldCollector","System.Void DolocTown.DropItemBase::set_shieldCollector(System.Boolean)","System.Void","System.Boolean value","private","False","False","False","False","True","8","0x06001B3B"
"DolocTown.DropItemBase","get_ShouldSendMsg","System.Boolean DolocTown.DropItemBase::get_ShouldSendMsg()","System.Boolean","","public","False","False","False","False","True","7","0x06001B3C"
"DolocTown.DropItemBase","get_IsRemoved","System.Boolean DolocTown.DropItemBase::get_IsRemoved()","System.Boolean","","public","False","False","False","False","True","10","0x06001B3D"
"DolocTown.DropItemBase",".ctor","System.Void DolocTown.DropItemBase::.ctor(UnityEngine.Vector2,System.Boolean)","System.Void","UnityEngine.Vector2 position; System.Boolean shouldSendMsg","protected","False","False","False","True","True","15","0x06001B3E"
"DolocTown.DropItemBase",".ctor","System.Void DolocTown.DropItemBase::.ctor(System.Int32,UnityEngine.Vector2,System.Boolean)","System.Void","System.Int32 index; UnityEngine.Vector2 position; System.Boolean shouldSendMsg","protected","False","False","False","True","True","16","0x06001B3F"
"DolocTown.DropItemBase","InvokeAchievement","System.Void DolocTown.DropItemBase::InvokeAchievement()","System.Void","","protected","False","True","False","False","True","83","0x06001B40"
"DolocTown.DropItemBase","SetShieldCollector","System.Void DolocTown.DropItemBase::SetShieldCollector(System.Boolean)","System.Void","System.Boolean shield","public","False","False","False","False","True","8","0x06001B41"
"DolocTown.DropItemManager",".ctor","System.Void DolocTown.DropItemManager::.ctor()","System.Void","","public","False","False","False","True","True","7","0x06001B42"
"DolocTown.DropItemManager",".ctor","System.Void DolocTown.DropItemManager::.ctor(RedSaw.IndexList`1<DolocTown.DropItemBase>)","System.Void","RedSaw.IndexList`1<DolocTown.DropItemBase> datas","protected","False","False","False","True","True","8","0x06001B43"
"DolocTown.DropItemManager","CreateDropItem","DolocTown.DropItem DolocTown.DropItemManager::CreateDropItem(DolocTown.IDropItemHost,System.String,UnityEngine.Vector2,System.Boolean)","DolocTown.DropItem","DolocTown.IDropItemHost host; System.String itemId; UnityEngine.Vector2 position; System.Boolean shouldSendMsg","public","False","False","False","False","True","26","0x06001B44"
"DolocTown.DropItemManager","CreateDropItem","DolocTown.DropItemBase DolocTown.DropItemManager::CreateDropItem(DolocTown.IDropItemHost,DolocTown.Item,UnityEngine.Vector2,System.Boolean)","DolocTown.DropItemBase","DolocTown.IDropItemHost host; DolocTown.Item item; UnityEngine.Vector2 position; System.Boolean shouldSendMsg","public","False","False","False","False","True","31","0x06001B45"
"DolocTown.DropItemManager","CreateMoney","DolocTown.DropItemMoney DolocTown.DropItemManager::CreateMoney(DolocTown.IDropItemHost,System.Int32,UnityEngine.Vector2,System.Boolean)","DolocTown.DropItemMoney","DolocTown.IDropItemHost host; System.Int32 value; UnityEngine.Vector2 pos; System.Boolean shouldSendMsg","public","False","False","False","False","True","26","0x06001B46"
"DolocTown.DropItemManager","RemoveDropItem","System.Boolean DolocTown.DropItemManager::RemoveDropItem(DolocTown.DropItemBase)","System.Boolean","DolocTown.DropItemBase item","public","False","False","False","False","True","8","0x06001B47"
"DolocTown.DropItemManager","RemoveDisposableItems","System.Void DolocTown.DropItemManager::RemoveDisposableItems()","System.Void","","public","False","False","False","False","True","115","0x06001B48"
"DolocTown.DropItemMoney","get_SceneSprite","UnityEngine.Sprite DolocTown.DropItemMoney::get_SceneSprite()","UnityEngine.Sprite","","public","False","True","False","False","True","6","0x06001B49"
"DolocTown.DropItemMoney","get_Count","System.Int32 DolocTown.DropItemMoney::get_Count()","System.Int32","","public","False","False","False","False","True","7","0x06001B4A"
"DolocTown.DropItemMoney","get_ItemName","System.String DolocTown.DropItemMoney::get_ItemName()","System.String","","public","False","True","False","False","True","6","0x06001B4B"
"DolocTown.DropItemMoney","get_Disposable","System.Boolean DolocTown.DropItemMoney::get_Disposable()","System.Boolean","","public","False","True","False","False","True","2","0x06001B4C"
"DolocTown.DropItemMoney","get_SubscriptSprite","UnityEngine.Sprite DolocTown.DropItemMoney::get_SubscriptSprite()","UnityEngine.Sprite","","public","False","True","False","False","True","2","0x06001B4D"
"DolocTown.DropItemMoney","get_IsItem","System.Boolean DolocTown.DropItemMoney::get_IsItem()","System.Boolean","","public","False","True","False","False","True","2","0x06001B4E"
"DolocTown.DropItemMoney",".ctor","System.Void DolocTown.DropItemMoney::.ctor(System.Int32,UnityEngine.Vector2,System.Boolean)","System.Void","System.Int32 count; UnityEngine.Vector2 position; System.Boolean shouldSendMsg","public","False","False","False","True","True","16","0x06001B4F"
"DolocTown.DropItemMoney",".ctor","System.Void DolocTown.DropItemMoney::.ctor(System.Int32,UnityEngine.Vector2,System.Int32)","System.Void","System.Int32 index; UnityEngine.Vector2 position; System.Int32 count","protected","False","False","False","True","True","17","0x06001B50"
"DolocTown.DropItemMoney","ValidateDeserialization","System.Boolean DolocTown.DropItemMoney::ValidateDeserialization()","System.Boolean","","protected","False","True","False","False","True","10","0x06001B51"
"DolocTown.DropItemMoney","OnTouch","System.Void DolocTown.DropItemMoney::OnTouch()","System.Void","","public","False","True","False","False","True","122","0x06001B52"
"DolocTown.DropItemMoney","InvokeAchievement","System.Void DolocTown.DropItemMoney::InvokeAchievement()","System.Void","","protected","False","True","False","False","True","28","0x06001B53"
"DolocTown.DropItemRenderer","get_shieldCollector","System.Boolean DolocTown.DropItemRenderer::get_shieldCollector()","System.Boolean","","public","False","False","False","False","True","24","0x06001B54"
"DolocTown.DropItemRenderer","set_BorderColor","System.Void DolocTown.DropItemRenderer::set_BorderColor(UnityEngine.Color)","System.Void","UnityEngine.Color value","public","False","False","False","False","True","13","0x06001B55"
"DolocTown.DropItemRenderer","__Init","System.Void DolocTown.DropItemRenderer::__Init()","System.Void","","protected","False","True","False","False","True","65","0x06001B56"
"DolocTown.DropItemRenderer","SetSprite","System.Void DolocTown.DropItemRenderer::SetSprite(UnityEngine.Sprite)","System.Void","UnityEngine.Sprite itemSprite","public","False","True","False","False","True","112","0x06001B57"
"DolocTown.DropItemRenderer","SetSprite","System.Void DolocTown.DropItemRenderer::SetSprite(UnityEngine.Sprite,UnityEngine.Sprite)","System.Void","UnityEngine.Sprite itemSprite; UnityEngine.Sprite subscriptSprite","public","False","False","False","False","True","46","0x06001B58"
"DolocTown.DropItemRenderer","Raise","System.Void DolocTown.DropItemRenderer::Raise(UnityEngine.Vector2,UnityEngine.Vector2,System.Boolean)","System.Void","UnityEngine.Vector2 start; UnityEngine.Vector2 target; System.Boolean useBounce","public","False","False","False","False","True","151","0x06001B59"
"DolocTown.DropItemRenderer","Parabola","System.Void DolocTown.DropItemRenderer::Parabola(UnityEngine.Vector2,UnityEngine.Vector2,System.Boolean)","System.Void","UnityEngine.Vector2 start; UnityEngine.Vector2 target; System.Boolean useBounce","public","False","False","False","False","True","146","0x06001B5A"
"DolocTown.DropItemRenderer","FixedUpdate","System.Void DolocTown.DropItemRenderer::FixedUpdate()","System.Void","","private","False","False","False","False","True","102","0x06001B5B"
"DolocTown.DropItemRenderer","OnRecycle","System.Void DolocTown.DropItemRenderer::OnRecycle()","System.Void","","public","False","True","False","False","True","72","0x06001B5C"
"DolocTown.DropItemRenderer","SetShieldCollector","System.Void DolocTown.DropItemRenderer::SetShieldCollector(System.Boolean)","System.Void","System.Boolean shield","public","False","False","False","False","True","23","0x06001B5D"
"DolocTown.DropItemRenderer","get_OnlyTouch","System.Boolean DolocTown.DropItemRenderer::get_OnlyTouch()","System.Boolean","","public","False","True","False","False","True","2","0x06001B5E"
"DolocTown.DropItemRenderer",".ctor","System.Void DolocTown.DropItemRenderer::.ctor()","System.Void","","public","False","False","False","True","True","7","0x06001B5F"
"DolocTown.SpecialDropItem","get_SceneSprite","UnityEngine.Sprite DolocTown.SpecialDropItem::get_SceneSprite()","UnityEngine.Sprite","","public","False","True","False","False","True","18","0x06001B60"
"DolocTown.SpecialDropItem","get_SubscriptSprite","UnityEngine.Sprite DolocTown.SpecialDropItem::get_SubscriptSprite()","UnityEngine.Sprite","","public","False","True","False","False","True","24","0x06001B61"
"DolocTown.SpecialDropItem","get_IsItem","System.Boolean DolocTown.SpecialDropItem::get_IsItem()","System.Boolean","","public","False","True","False","False","True","10","0x06001B62"
"DolocTown.SpecialDropItem","get_ItemName","System.String DolocTown.SpecialDropItem::get_ItemName()","System.String","","public","False","True","False","False","True","28","0x06001B63"
"DolocTown.SpecialDropItem","get_Disposable","System.Boolean DolocTown.SpecialDropItem::get_Disposable()","System.Boolean","","public","False","True","False","False","True","12","0x06001B64"
"DolocTown.SpecialDropItem","get_DropItem","DolocTown.Item DolocTown.SpecialDropItem::get_DropItem()","DolocTown.Item","","public","False","False","False","False","True","7","0x06001B65"
"DolocTown.SpecialDropItem",".ctor","System.Void DolocTown.SpecialDropItem::.ctor(DolocTown.Item,UnityEngine.Vector2,System.Boolean)","System.Void","DolocTown.Item item; UnityEngine.Vector2 position; System.Boolean shouldSendMsg","public","False","False","False","True","True","16","0x06001B66"
"DolocTown.SpecialDropItem",".ctor","System.Void DolocTown.SpecialDropItem::.ctor(System.Int32,DolocTown.Item,UnityEngine.Vector2,System.Boolean)","System.Void","System.Int32 index; DolocTown.Item item; UnityEngine.Vector2 position; System.Boolean shouldSendMsg","protected","False","False","False","True","True","23","0x06001B67"
"DolocTown.SpecialDropItem","ValidateDeserialization","System.Boolean DolocTown.SpecialDropItem::ValidateDeserialization()","System.Boolean","","protected","False","True","False","False","True","10","0x06001B68"
"DolocTown.SpecialDropItem","OnTouch","System.Void DolocTown.SpecialDropItem::OnTouch()","System.Void","","public","False","True","False","False","True","205","0x06001B69"
"DolocTown.Dungeon","RestoreRooms","System.Void DolocTown.Dungeon::RestoreRooms(DolocTown.GameData.RoomProto[],DolocTown.DungeonRoom[])","System.Void","DolocTown.GameData.RoomProto[] roomProtos; DolocTown.DungeonRoom[] rooms","private","False","False","False","False","True","172","0x06001B74"
"DolocTown.Dungeon","UpdateNoRender","System.Void DolocTown.Dungeon::UpdateNoRender()","System.Void","","public","False","False","False","False","True","30","0x06001B79"
"DolocTown.Dungeon","UpdatePerHourNoRender","System.Void DolocTown.Dungeon::UpdatePerHourNoRender(System.Int32)","System.Void","System.Int32 hourNow","public","False","False","False","False","True","31","0x06001B7B"
"DolocTown.DungeonRoom",".ctor","System.Void DolocTown.DungeonRoom::.ctor(System.String,System.String,DolocTown.DropItemManager,DolocTown.MissionItemManager,DolocTown.DungeonResourceManager,DolocTown.VegetationManager,System.Boolean,DolocTown.PlatformManager,DolocTown.BuildingManager,DolocTown.EquipmentManager,DolocTown.AnimalManager,System.Int32)","System.Void","System.String dungeonProtoName; System.String ProtoName; DolocTown.DropItemManager DM_dropitem; DolocTown.MissionItemManager DM_missionItem; DolocTown.DungeonResourceManager DM_dungeonResource; DolocTown.VegetationManager DM_vegetation; System.Boolean blockCreate; DolocTown.PlatformManager DM_platform; DolocTown.BuildingManager DM_building; DolocTown.EquipmentManager DM_equipment; DolocTown.AnimalManager DM_animal; System.Int32 stopTime","public","False","False","False","True","True","121","0x06001B9B"
"DolocTown.DungeonResourceManager","get_ResourceTotalCount","System.Int32 DolocTown.DungeonResourceManager::get_ResourceTotalCount()","System.Int32","","public","False","False","False","False","True","12","0x06001BAC"
"DolocTown.DungeonResourceManager","get_ResourceCountByName","System.Collections.Generic.Dictionary`2<System.String,System.Int32> DolocTown.DungeonResourceManager::get_ResourceCountByName()","System.Collections.Generic.Dictionary`2<System.String,System.Int32>","","public","False","False","False","False","True","90","0x06001BAD"
"DolocTown.DungeonResourceManager","get_CounterGenerator","RedSaw.Counter DolocTown.DungeonResourceManager::get_CounterGenerator()","RedSaw.Counter","","public","False","False","False","False","True","7","0x06001BAE"
"DolocTown.DungeonResourceManager","get_AllDungeonResources","System.Collections.Generic.IEnumerable`1<DolocTown.DungeonResource> DolocTown.DungeonResourceManager::get_AllDungeonResources()","System.Collections.Generic.IEnumerable`1<DolocTown.DungeonResource>","","public","False","False","False","False","True","7","0x06001BAF"
"DolocTown.DungeonResourceManager",".ctor","System.Void DolocTown.DungeonResourceManager::.ctor()","System.Void","","public","False","False","False","True","True","40","0x06001BB0"
"DolocTown.DungeonResourceManager",".ctor","System.Void DolocTown.DungeonResourceManager::.ctor(RedSaw.Counter,RedSaw.Counter,RedSaw.IndexList`1<DolocTown.DungeonResource>)","System.Void","RedSaw.Counter counterGrow; RedSaw.Counter counterGenerator; RedSaw.IndexList`1<DolocTown.DungeonResource> entities","public","False","False","False","True","True","135","0x06001BB1"
"DolocTown.DungeonResourceManager","_ClearInvalidResource","System.Int32 DolocTown.DungeonResourceManager::_ClearInvalidResource()","System.Int32","","public","False","False","False","False","True","86","0x06001BB2"
"DolocTown.DungeonResourceManager","RefreshCounterInterval","System.Void DolocTown.DungeonResourceManager::RefreshCounterInterval()","System.Void","","public","False","False","False","False","True","51","0x06001BB3"
"DolocTown.DungeonResourceManager","GrowNatureElements","System.Void DolocTown.DungeonResourceManager::GrowNatureElements(System.Boolean)","System.Void","System.Boolean isRender","public","False","False","False","False","True","74","0x06001BB4"
"DolocTown.DungeonResourceManager","TryGetRandomResource","DolocTown.DungeonResource DolocTown.DungeonResourceManager::TryGetRandomResource(DolocTown.Config.Resource.DungeonResourceClass)","DolocTown.DungeonResource","DolocTown.Config.Resource.DungeonResourceClass classType","public","False","False","False","False","True","47","0x06001BB5"
"DolocTown.DungeonResourceManager","TryGetRandomResource","DolocTown.DungeonResource DolocTown.DungeonResourceManager::TryGetRandomResource(System.String)","DolocTown.DungeonResource","System.String id","public","False","False","False","False","True","62","0x06001BB6"
"DolocTown.DungeonResourceManager","TryGetRandomResource","DolocTown.DungeonResource DolocTown.DungeonResourceManager::TryGetRandomResource(System.Collections.Generic.IEnumerable`1<System.String>)","DolocTown.DungeonResource","System.Collections.Generic.IEnumerable`1<System.String> ids","public","False","False","False","False","True","67","0x06001BB7"
"DolocTown.DungeonResourceManager","TryGetRandomResource","DolocTown.DungeonResource DolocTown.DungeonResourceManager::TryGetRandomResource(System.Collections.Generic.IEnumerable`1<System.String>,System.Int32[])","DolocTown.DungeonResource","System.Collections.Generic.IEnumerable`1<System.String> ids; System.Int32[] weights","public","False","False","False","False","True","68","0x06001BB8"
"DolocTown.DungeonResourceManager","TryGetRandomResource","DolocTown.DungeonResource DolocTown.DungeonResourceManager::TryGetRandomResource(System.Collections.Generic.IEnumerable`1<System.String>,System.Single[])","DolocTown.DungeonResource","System.Collections.Generic.IEnumerable`1<System.String> ids; System.Single[] weights","public","False","False","False","False","True","68","0x06001BB9"
"DolocTown.DungeonResourceManager","Clear","System.Void DolocTown.DungeonResourceManager::Clear()","System.Void","","public","False","False","False","False","True","12","0x06001BBA"
"DolocTown.DungeonResourceManager","CreateResource","DolocTown.DungeonResource DolocTown.DungeonResourceManager::CreateResource(DolocTown.IDungeonResourceHost,DolocTown.Config.Resource.ResourceInfo,UnityEngine.Vector2Int)","DolocTown.DungeonResource","DolocTown.IDungeonResourceHost host; DolocTown.Config.Resource.ResourceInfo proto; UnityEngine.Vector2Int anchor","public","False","False","False","False","True","216","0x06001BBB"
"DolocTown.DungeonResourceManager","RemoveResource","System.Boolean DolocTown.DungeonResourceManager::RemoveResource(DolocTown.DungeonResource)","System.Boolean","DolocTown.DungeonResource resource","public","False","False","False","False","True","13","0x06001BBC"
"DolocTown.DungeonResourceManager",".cctor","System.Void DolocTown.DungeonResourceManager::.cctor()","System.Void","","private","True","False","False","True","True","11","0x06001BBD"
"DolocTown.DungeonResourceManager/<>c",".cctor","System.Void DolocTown.DungeonResourceManager/<>c::.cctor()","System.Void","","private","True","False","False","True","True","11","0x06009B88"
"DolocTown.DungeonResourceManager/<>c",".ctor","System.Void DolocTown.DungeonResourceManager/<>c::.ctor()","System.Void","","public","False","False","False","True","True","7","0x06009B89"
"DolocTown.DungeonResourceManager/<>c","<.ctor>b__13_0","System.Boolean DolocTown.DungeonResourceManager/<>c::<.ctor>b__13_0(DolocTown.DungeonResource)","System.Boolean","DolocTown.DungeonResource x","internal","False","False","False","False","True","13","0x06009B8A"
"DolocTown.DungeonResourceManager/<>c","<_ClearInvalidResource>b__14_0","System.Boolean DolocTown.DungeonResourceManager/<>c::<_ClearInvalidResource>b__14_0(DolocTown.DungeonResource)","System.Boolean","DolocTown.DungeonResource x","internal","False","False","False","False","True","10","0x06009B8B"
"DolocTown.DungeonResourceManager/<>c__DisplayClass17_0",".ctor","System.Void DolocTown.DungeonResourceManager/<>c__DisplayClass17_0::.ctor()","System.Void","","public","False","False","False","True","True","7","0x06009B8C"
"DolocTown.DungeonResourceManager/<>c__DisplayClass17_0","<TryGetRandomResource>b__0","System.Boolean DolocTown.DungeonResourceManager/<>c__DisplayClass17_0::<TryGetRandomResource>b__0(DolocTown.DungeonResource)","System.Boolean","DolocTown.DungeonResource entity","internal","False","False","False","False","True","20","0x06009B8D"
"DolocTown.DungeonResourceManager/<>c__DisplayClass18_0",".ctor","System.Void DolocTown.DungeonResourceManager/<>c__DisplayClass18_0::.ctor()","System.Void","","public","False","False","False","True","True","7","0x06009B8E"
"DolocTown.DungeonResourceManager/<>c__DisplayClass18_0","<TryGetRandomResource>b__0","System.Boolean DolocTown.DungeonResourceManager/<>c__DisplayClass18_0::<TryGetRandomResource>b__0(DolocTown.DungeonResource)","System.Boolean","DolocTown.DungeonResource entity","internal","False","False","False","False","True","23","0x06009B8F"
"DolocTown.DungeonResourceManager/<>c__DisplayClass19_0",".ctor","System.Void DolocTown.DungeonResourceManager/<>c__DisplayClass19_0::.ctor()","System.Void","","public","False","False","False","True","True","7","0x06009B90"
"DolocTown.DungeonResourceManager/<>c__DisplayClass19_0","<TryGetRandomResource>b__0","System.Boolean DolocTown.DungeonResourceManager/<>c__DisplayClass19_0::<TryGetRandomResource>b__0(DolocTown.DungeonResource)","System.Boolean","DolocTown.DungeonResource entity","internal","False","False","False","False","True","23","0x06009B91"
"DolocTown.DungeonResourceManager/<>c__DisplayClass20_0",".ctor","System.Void DolocTown.DungeonResourceManager/<>c__DisplayClass20_0::.ctor()","System.Void","","public","False","False","False","True","True","7","0x06009B92"
"DolocTown.DungeonResourceManager/<>c__DisplayClass20_0","<TryGetRandomResource>b__0","System.Boolean DolocTown.DungeonResourceManager/<>c__DisplayClass20_0::<TryGetRandomResource>b__0(DolocTown.DungeonResource)","System.Boolean","DolocTown.DungeonResource entity","internal","False","False","False","False","True","23","0x06009B93"
"DolocTown.DungeonResourceManager/<>c__DisplayClass21_0",".ctor","System.Void DolocTown.DungeonResourceManager/<>c__DisplayClass21_0::.ctor()","System.Void","","public","False","False","False","True","True","7","0x06009B94"
"DolocTown.DungeonResourceManager/<>c__DisplayClass21_0","<TryGetRandomResource>b__0","System.Boolean DolocTown.DungeonResourceManager/<>c__DisplayClass21_0::<TryGetRandomResource>b__0(DolocTown.DungeonResource)","System.Boolean","DolocTown.DungeonResource entity","internal","False","False","False","False","True","23","0x06009B95"
"DolocTown.DungeonResource","get_Host","DolocTown.IDungeonResourceHost DolocTown.DungeonResource::get_Host()","DolocTown.IDungeonResourceHost","","public","False","False","False","False","True","7","0x06001BBE"
"DolocTown.DungeonResource","set_Host","System.Void DolocTown.DungeonResource::set_Host(DolocTown.IDungeonResourceHost)","System.Void","DolocTown.IDungeonResourceHost value","public","False","False","False","False","True","8","0x06001BBF"
"DolocTown.DungeonResource","get_Proto","DolocTown.Config.Resource.ResourceInfo DolocTown.DungeonResource::get_Proto()","DolocTown.Config.Resource.ResourceInfo","","public","False","False","False","False","True","7","0x06001BC0"
"DolocTown.DungeonResource","set_Proto","System.Void DolocTown.DungeonResource::set_Proto(DolocTown.Config.Resource.ResourceInfo)","System.Void","DolocTown.Config.Resource.ResourceInfo value","private","False","False","False","False","True","8","0x06001BC1"
"DolocTown.DungeonResource","get_Renderer","DolocTown.DungeonResourceRenderer DolocTown.DungeonResource::get_Renderer()","DolocTown.DungeonResourceRenderer","","public","False","True","False","False","True","7","0x06001BC2"
"DolocTown.DungeonResource","set_Renderer","System.Void DolocTown.DungeonResource::set_Renderer(DolocTown.DungeonResourceRenderer)","System.Void","DolocTown.DungeonResourceRenderer value","public","False","True","False","False","True","8","0x06001BC3"
"DolocTown.DungeonResource","get_CurrentSprite","UnityEngine.Sprite DolocTown.DungeonResource::get_CurrentSprite()","UnityEngine.Sprite","","public","False","True","False","False","True","18","0x06001BC4"
"DolocTown.DungeonResource","get_IsValid","System.Boolean DolocTown.DungeonResource::get_IsValid()","System.Boolean","","public","False","True","False","False","True","10","0x06001BC5"
"DolocTown.DungeonResource","get_ResourceName","System.String DolocTown.DungeonResource::get_ResourceName()","System.String","","public","False","False","False","False","True","12","0x06001BC6"
"DolocTown.DungeonResource","get_ResourceType","DolocTown.Config.Resource.DungeonResourceType DolocTown.DungeonResource::get_ResourceType()","DolocTown.Config.Resource.DungeonResourceType","","public","False","False","False","False","True","12","0x06001BC7"
"DolocTown.DungeonResource","get_isRender","System.Boolean DolocTown.DungeonResource::get_isRender()","System.Boolean","","public","False","False","False","False","True","7","0x06001BC8"
"DolocTown.DungeonResource","set_isRender","System.Void DolocTown.DungeonResource::set_isRender(System.Boolean)","System.Void","System.Boolean value","private","False","False","False","False","True","8","0x06001BC9"
"DolocTown.DungeonResource","get_currentLevel","System.Int32 DolocTown.DungeonResource::get_currentLevel()","System.Int32","","public","False","False","False","False","True","7","0x06001BCA"
"DolocTown.DungeonResource","set_currentLevel","System.Void DolocTown.DungeonResource::set_currentLevel(System.Int32)","System.Void","System.Int32 value","private","False","False","False","False","True","8","0x06001BCB"
"DolocTown.DungeonResource","get_currentLevelData","DolocTown.Config.Resource.ResourceLevelData DolocTown.DungeonResource::get_currentLevelData()","DolocTown.Config.Resource.ResourceLevelData","","public","False","False","False","False","True","18","0x06001BCC"
"DolocTown.DungeonResource","get_PositionCenter","UnityEngine.Vector2 DolocTown.DungeonResource::get_PositionCenter()","UnityEngine.Vector2","","public","False","False","False","False","True","63","0x06001BCD"
"DolocTown.DungeonResource","get_PositionTip","UnityEngine.Vector2 DolocTown.DungeonResource::get_PositionTip()","UnityEngine.Vector2","","public","False","False","False","False","True","75","0x06001BCE"
"DolocTown.DungeonResource",".ctor","System.Void DolocTown.DungeonResource::.ctor(DolocTown.IDungeonResourceHost,DolocTown.Config.Resource.ResourceInfo,UnityEngine.Vector3,UnityEngine.Vector2Int)","System.Void","DolocTown.IDungeonResourceHost host; DolocTown.Config.Resource.ResourceInfo proto; UnityEngine.Vector3 wp; UnityEngine.Vector2Int anchor","public","False","False","False","True","True","82","0x06001BCF"
"DolocTown.DungeonResource",".ctor","System.Void DolocTown.DungeonResource::.ctor(System.Int32,UnityEngine.Vector2Int,UnityEngine.Vector3,System.String,System.Int32,System.Int32,System.Int32,System.Int32,System.Int32)","System.Void","System.Int32 id; UnityEngine.Vector2Int anchor; UnityEngine.Vector3 position; System.String ResourceName; System.Int32 GrowthLevel; System.Int32 currentGrowth; System.Int32 currentHealth; System.Int32 skinIdx; System.Int32 randomSeed","protected","False","False","False","True","True","88","0x06001BD0"
"DolocTown.DungeonResource","RevertRandomValues","System.Void DolocTown.DungeonResource::RevertRandomValues(System.Int32)","System.Void","System.Int32 randomSeed","private","False","False","False","False","True","68","0x06001BD1"
"DolocTown.DungeonResource","ValidateDeserialization","System.Boolean DolocTown.DungeonResource::ValidateDeserialization()","System.Boolean","","protected","False","True","False","False","True","10","0x06001BD2"
"DolocTown.DungeonResource","CalLayerPositions","System.Collections.Generic.Dictionary`2<DolocTown.TerrainLayerName,UnityEngine.Vector2Int[]> DolocTown.DungeonResource::CalLayerPositions(UnityEngine.Vector2Int)","System.Collections.Generic.Dictionary`2<DolocTown.TerrainLayerName,UnityEngine.Vector2Int[]>","UnityEngine.Vector2Int anchor","protected","False","True","False","False","True","40","0x06001BD3"
"DolocTown.DungeonResource","SendMessage","System.Void DolocTown.DungeonResource::SendMessage(DolocTown.Config.Resource.ResourceInfo)","System.Void","DolocTown.Config.Resource.ResourceInfo proto","protected","False","False","False","False","True","65","0x06001BD4"
"DolocTown.DungeonResource","AddTechPoints","System.Void DolocTown.DungeonResource::AddTechPoints()","System.Void","","protected","False","False","False","False","True","67","0x06001BD5"
"DolocTown.DungeonResource","Render","System.Void DolocTown.DungeonResource::Render()","System.Void","","public","False","False","False","False","True","14","0x06001BD6"
"DolocTown.DungeonResource","OnRender","System.Void DolocTown.DungeonResource::OnRender()","System.Void","","protected","False","True","False","False","True","141","0x06001BD7"
"DolocTown.DungeonResource","SetSortingLayer","System.Void DolocTown.DungeonResource::SetSortingLayer(DolocTown.Config.General.SortingLayerInfo)","System.Void","DolocTown.Config.General.SortingLayerInfo sortingLayerInfo","protected","False","False","False","False","True","82","0x06001BD8"
"DolocTown.DungeonResource","UnRender","System.Void DolocTown.DungeonResource::UnRender()","System.Void","","public","False","False","False","False","True","20","0x06001BD9"
"DolocTown.DungeonResource","RefreshSubRenderers","System.Void DolocTown.DungeonResource::RefreshSubRenderers()","System.Void","","private","False","False","False","False","True","109","0x06001BDA"
"DolocTown.DungeonResource","ClearSubRenders","System.Void DolocTown.DungeonResource::ClearSubRenders()","System.Void","","private","False","False","False","False","True","68","0x06001BDB"
"DolocTown.DungeonResource","OnUnRender","System.Void DolocTown.DungeonResource::OnUnRender()","System.Void","","protected","False","True","False","False","True","1","0x06001BDC"
"DolocTown.DungeonResource","OnRemove","System.Void DolocTown.DungeonResource::OnRemove()","System.Void","","public","False","True","False","False","True","1","0x06001BDD"
"DolocTown.DungeonResource","RemoveResource","System.Void DolocTown.DungeonResource::RemoveResource(System.Boolean)","System.Void","System.Boolean useEffect","public","False","False","False","False","True","76","0x06001BDE"
"DolocTown.DungeonResource","_ClearEffects","System.Void DolocTown.DungeonResource::_ClearEffects(UnityEngine.Vector2)","System.Void","UnityEngine.Vector2 hitPosition","protected","False","True","False","False","True","1","0x06001BDF"
"DolocTown.DungeonResource","GenerateDropItems","System.Void DolocTown.DungeonResource::GenerateDropItems(System.Boolean,System.String,DolocTown.CountItem[])","System.Void","System.Boolean isRender; System.String overrideSpawnLut; DolocTown.CountItem[] extraItems","protected","False","False","False","False","True","17","0x06001BE0"
"DolocTown.DungeonResource","GenerateDropItems","System.Void DolocTown.DungeonResource::GenerateDropItems(System.Boolean,DolocTown.CountItem[])","System.Void","System.Boolean isRender; DolocTown.CountItem[] countItems","protected","False","False","False","False","True","184","0x06001BE1"
"DolocTown.DungeonResource","get_CurrentGrowth","System.Int32 DolocTown.DungeonResource::get_CurrentGrowth()","System.Int32","","public","False","False","False","False","True","7","0x06001BE2"
"DolocTown.DungeonResource","get_CanGrow","System.Boolean DolocTown.DungeonResource::get_CanGrow()","System.Boolean","","public","False","False","False","False","True","30","0x06001BE3"
"DolocTown.DungeonResource","get_MaxLevel","System.Int32 DolocTown.DungeonResource::get_MaxLevel()","System.Int32","","public","False","False","False","False","True","12","0x06001BE4"
"DolocTown.DungeonResource","get_currentGrowthThreshold","System.Int32 DolocTown.DungeonResource::get_currentGrowthThreshold()","System.Int32","","private","False","False","False","False","True","14","0x06001BE5"
"DolocTown.DungeonResource","Grow","System.Void DolocTown.DungeonResource::Grow(System.Boolean)","System.Void","System.Boolean useTween","public","False","False","False","False","True","50","0x06001BE6"
"DolocTown.DungeonResource","SetGrowthLevel","System.Void DolocTown.DungeonResource::SetGrowthLevel(System.Int32,System.Boolean)","System.Void","System.Int32 growthLevel; System.Boolean useTween","public","False","True","False","False","True","119","0x06001BE7"
"DolocTown.DungeonResource","SetMaxGrowthLevel","System.Void DolocTown.DungeonResource::SetMaxGrowthLevel(System.Boolean)","System.Void","System.Boolean useTween","public","False","False","False","False","True","14","0x06001BE8"
"DolocTown.DungeonResource","OnGrowthLevelChange","System.Void DolocTown.DungeonResource::OnGrowthLevelChange(System.Int32,System.Int32)","System.Void","System.Int32 oldLevel; System.Int32 newLevel","protected","False","True","False","False","True","7","0x06001BE9"
"DolocTown.DungeonResource","InitRandomGrowth","System.Void DolocTown.DungeonResource::InitRandomGrowth(System.Boolean)","System.Void","System.Boolean useMinHighLevelProb","public","False","False","False","False","True","91","0x06001BEA"
"DolocTown.DungeonResource","SetMaxHealth","System.Void DolocTown.DungeonResource::SetMaxHealth()","System.Void","","public","False","False","False","False","True","18","0x06001BEB"
"DolocTown.DungeonResource","OnAnimalTouch","System.Void DolocTown.DungeonResource::OnAnimalTouch()","System.Void","","public","False","True","False","False","True","1","0x06001BEC"
"DolocTown.DungeonResource","OnAnimalDistouch","System.Void DolocTown.DungeonResource::OnAnimalDistouch()","System.Void","","public","False","True","False","False","True","1","0x06001BED"
"DolocTown.DungeonResource","get_indicatePos","UnityEngine.Vector2 DolocTown.DungeonResource::get_indicatePos()","UnityEngine.Vector2","","protected","False","False","False","False","True","27","0x06001BEE"
"DolocTown.DungeonResource","CheckToolTypeMatch","System.Boolean DolocTown.DungeonResource::CheckToolTypeMatch(DolocTown.Config.Item.ToolType)","System.Boolean","DolocTown.Config.Item.ToolType type","public","False","False","False","False","True","15","0x06001BEF"
"DolocTown.DungeonResource","CheckToolLevelMatch","System.Boolean DolocTown.DungeonResource::CheckToolLevelMatch(DolocTown.Config.Item.ToolType,System.Int32)","System.Boolean","DolocTown.Config.Item.ToolType type; System.Int32 level","protected","False","False","False","False","True","26","0x06001BF0"
"DolocTown.DungeonResource","OnFell","System.Boolean DolocTown.DungeonResource::OnFell(DolocTown.ItemTool,UnityEngine.Vector2)","System.Boolean","DolocTown.ItemTool tool; UnityEngine.Vector2 hitPoint","public","False","True","False","False","True","29","0x06001BF1"
"DolocTown.DungeonResource","_Fell","System.Void DolocTown.DungeonResource::_Fell(DolocTown.ResourceFellData)","System.Void","DolocTown.ResourceFellData data","public","False","False","False","False","True","17","0x06001BF2"
"DolocTown.DungeonResource","_OnFell","System.Void DolocTown.DungeonResource::_OnFell(DolocTown.ResourceFellData)","System.Void","DolocTown.ResourceFellData fellData","protected","False","True","False","False","True","1","0x06001BF3"
"DolocTown.DungeonResource","OnCompleteFell","System.Void DolocTown.DungeonResource::OnCompleteFell()","System.Void","","protected","False","True","False","False","True","34","0x06001BF4"
"DolocTown.DungeonResource","RaiseRandomImpact","System.Void DolocTown.DungeonResource::RaiseRandomImpact(UnityEngine.Vector2)","System.Void","UnityEngine.Vector2 pos","protected","False","False","False","False","True","38","0x06001BF5"
"DolocTown.DungeonResource","get_OnlyTouch","System.Boolean DolocTown.DungeonResource::get_OnlyTouch()","System.Boolean","","public","False","True","False","False","True","2","0x06001BF6"
"DolocTown.DungeonResource","get_CanInteractContinues","System.Boolean DolocTown.DungeonResource::get_CanInteractContinues()","System.Boolean","","public","False","False","False","False","True","2","0x06001BF7"
"DolocTown.DungeonResource","get_DisableAfterInteract","System.Boolean DolocTown.DungeonResource::get_DisableAfterInteract()","System.Boolean","","public","False","True","False","False","True","2","0x06001BF8"
"DolocTown.DungeonResource","OnTouch","System.Void DolocTown.DungeonResource::OnTouch()","System.Void","","public","False","True","False","False","True","1","0x06001BF9"
"DolocTown.DungeonResource","OnDisTouch","System.Void DolocTown.DungeonResource::OnDisTouch()","System.Void","","public","False","True","False","False","True","1","0x06001BFA"
"DolocTown.DungeonResource","OnInteract","System.Void DolocTown.DungeonResource::OnInteract()","System.Void","","public","False","True","False","False","True","1","0x06001BFB"
"DolocTown.DungeonResource","OnHit","System.Boolean DolocTown.DungeonResource::OnHit(UnityEngine.Vector2)","System.Boolean","UnityEngine.Vector2 pos","public","False","True","False","False","True","2","0x06001BFC"
"DolocTown.DungeonResource","OnWater","System.Void DolocTown.DungeonResource::OnWater()","System.Void","","public","False","True","False","False","True","1","0x06001BFD"
"DolocTown.DungeonResource","OnMonsterTouch","System.Void DolocTown.DungeonResource::OnMonsterTouch(UnityEngine.Vector2)","System.Void","UnityEngine.Vector2 pos","public","False","True","False","False","True","1","0x06001BFE"
"DolocTown.DungeonResource","OnMonsterDisTouch","System.Void DolocTown.DungeonResource::OnMonsterDisTouch(UnityEngine.Vector2)","System.Void","UnityEngine.Vector2 pos","public","False","True","False","False","True","1","0x06001BFF"
"DolocTown.DungeonResource","OnWindBlow","System.Void DolocTown.DungeonResource::OnWindBlow(UnityEngine.Vector2)","System.Void","UnityEngine.Vector2 pos","public","False","True","False","False","True","1","0x06001C00"
"DolocTown.DungeonResource","OnBomb","System.Void DolocTown.DungeonResource::OnBomb(System.Single,System.Boolean,UnityEngine.Vector2)","System.Void","System.Single damage; System.Boolean criticalRate; UnityEngine.Vector2 pos","public","False","True","False","False","True","1","0x06001C01"
"DolocTown.ResourceFellData",".ctor","System.Void DolocTown.ResourceFellData::.ctor(DolocTown.DungeonResource,DolocTown.ItemTool,UnityEngine.Vector2)","System.Void","DolocTown.DungeonResource resource; DolocTown.ItemTool tool; UnityEngine.Vector2 hitPoint","public","False","False","False","True","True","350","0x06001C02"
"DolocTown.ResourceFellData","GetEffectiveLevel","System.Int32 DolocTown.ResourceFellData::GetEffectiveLevel(DolocTown.ItemTool,DolocTown.Config.Resource.DungeonResourceClass)","System.Int32","DolocTown.ItemTool tool; DolocTown.Config.Resource.DungeonResourceClass resourceClass","private","False","False","False","False","True","73","0x06001C03"
"DolocTown.ResourceFellData","CheckToolTypeMatch","System.Boolean DolocTown.ResourceFellData::CheckToolTypeMatch(DolocTown.Config.Resource.ResourceLevelData,DolocTown.Config.Item.ToolType)","System.Boolean","DolocTown.Config.Resource.ResourceLevelData currentLevelData; DolocTown.Config.Item.ToolType type","private","False","False","False","False","True","10","0x06001C04"
"DolocTown.ResourceFellData","CheckToolLevelMatch","System.Boolean DolocTown.ResourceFellData::CheckToolLevelMatch(DolocTown.Config.Resource.ResourceLevelData,DolocTown.Config.Item.ToolType,System.Int32)","System.Boolean","DolocTown.Config.Resource.ResourceLevelData currentLevelData; DolocTown.Config.Item.ToolType type; System.Int32 level","private","False","False","False","False","True","21","0x06001C05"
"DolocTown.ResourceFellData",".ctor","System.Void DolocTown.ResourceFellData::.ctor(System.Boolean,System.Int32,System.Int32,UnityEngine.Vector2,System.Boolean,System.Boolean,System.String,DolocTown.CountItem[])","System.Void","System.Boolean levelMatch; System.Int32 toolLevel; System.Int32 damage; UnityEngine.Vector2 hitPoint; System.Boolean shouldCounterBack; System.Boolean shouldRaiseToolTip; System.String overrideSpawnLut; DolocTown.CountItem[] extraItems","public","False","False","False","True","True","69","0x06001C06"
"DolocTown.DungeonResourceBuildingsGarbage",".ctor","System.Void DolocTown.DungeonResourceBuildingsGarbage::.ctor(DolocTown.IDungeonResourceHost,DolocTown.Config.Resource.ResourceInfo,UnityEngine.Vector3,UnityEngine.Vector2Int)","System.Void","DolocTown.IDungeonResourceHost host; DolocTown.Config.Resource.ResourceInfo proto; UnityEngine.Vector3 wp; UnityEngine.Vector2Int anchor","public","False","False","False","True","True","12","0x06001C07"
"DolocTown.DungeonResourceBuildingsGarbage",".ctor","System.Void DolocTown.DungeonResourceBuildingsGarbage::.ctor(System.Int32,UnityEngine.Vector2Int,UnityEngine.Vector3,System.String,System.Int32,System.Int32,System.Int32,System.Int32,System.Int32)","System.Void","System.Int32 id; UnityEngine.Vector2Int anchor; UnityEngine.Vector3 position; System.String ResourceName; System.Int32 GrowthLevel; System.Int32 currentGrowth; System.Int32 currentHealth; System.Int32 skinIdx; System.Int32 randomSeed","protected","False","False","False","True","True","22","0x06001C08"
"DolocTown.DungeonResourceBuildingsGarbage","_OnFell","System.Void DolocTown.DungeonResourceBuildingsGarbage::_OnFell(DolocTown.ResourceFellData)","System.Void","DolocTown.ResourceFellData fellData","protected","False","True","False","False","True","278","0x06001C09"
"DolocTown.DungeonResourceBuildingsGarbage","OnBomb","System.Void DolocTown.DungeonResourceBuildingsGarbage::OnBomb(System.Single,System.Boolean,UnityEngine.Vector2)","System.Void","System.Single damage; System.Boolean criticalRate; UnityEngine.Vector2 pos","public","False","True","False","False","True","95","0x06001C0A"
"DolocTown.DungeonResourceBuildingsGarbage","_ClearEffects","System.Void DolocTown.DungeonResourceBuildingsGarbage::_ClearEffects(UnityEngine.Vector2)","System.Void","UnityEngine.Vector2 hitPosition","protected","False","True","False","False","True","13","0x06001C0B"
"DolocTown.DungeonResourceCrop",".ctor","System.Void DolocTown.DungeonResourceCrop::.ctor(DolocTown.IDungeonResourceHost,DolocTown.Config.Resource.ResourceInfo,UnityEngine.Vector3,UnityEngine.Vector2Int)","System.Void","DolocTown.IDungeonResourceHost host; DolocTown.Config.Resource.ResourceInfo proto; UnityEngine.Vector3 wp; UnityEngine.Vector2Int anchor","public","False","False","False","True","True","12","0x06001C0C"
"DolocTown.DungeonResourceCrop",".ctor","System.Void DolocTown.DungeonResourceCrop::.ctor(System.Int32,UnityEngine.Vector2Int,UnityEngine.Vector3,System.String,System.Int32,System.Int32,System.Int32,System.Int32,System.Int32)","System.Void","System.Int32 id; UnityEngine.Vector2Int anchor; UnityEngine.Vector3 position; System.String ResourceName; System.Int32 GrowthLevel; System.Int32 currentGrowth; System.Int32 currentHealth; System.Int32 skinIdx; System.Int32 randomSeed","protected","False","False","False","True","True","22","0x06001C0D"
"DolocTown.DungeonResourceCrop","OnFell","System.Boolean DolocTown.DungeonResourceCrop::OnFell(DolocTown.ItemTool,UnityEngine.Vector2)","System.Boolean","DolocTown.ItemTool tool; UnityEngine.Vector2 hitPoint","public","False","True","False","False","True","2","0x06001C0E"
"DolocTown.DungeonResourceCrop","get_OnlyTouch","System.Boolean DolocTown.DungeonResourceCrop::get_OnlyTouch()","System.Boolean","","public","False","True","False","False","True","2","0x06001C0F"
"DolocTown.DungeonResourceCrop","OnTouch","System.Void DolocTown.DungeonResourceCrop::OnTouch()","System.Void","","public","False","True","False","False","True","85","0x06001C10"
"DolocTown.DungeonResourceCrop","OnInteract","System.Void DolocTown.DungeonResourceCrop::OnInteract()","System.Void","","public","False","True","False","False","True","60","0x06001C11"
"DolocTown.DungeonResourceCrop","OnDisTouch","System.Void DolocTown.DungeonResourceCrop::OnDisTouch()","System.Void","","public","False","True","False","False","True","44","0x06001C12"
"DolocTown.DungeonResourceCrop","OnMonsterTouch","System.Void DolocTown.DungeonResourceCrop::OnMonsterTouch(UnityEngine.Vector2)","System.Void","UnityEngine.Vector2 pos","public","False","True","False","False","True","20","0x06001C13"
"DolocTown.DungeonResourceCrop","OnMonsterDisTouch","System.Void DolocTown.DungeonResourceCrop::OnMonsterDisTouch(UnityEngine.Vector2)","System.Void","UnityEngine.Vector2 pos","public","False","True","False","False","True","20","0x06001C14"
"DolocTown.DungeonResourceCrop","OnWindBlow","System.Void DolocTown.DungeonResourceCrop::OnWindBlow(UnityEngine.Vector2)","System.Void","UnityEngine.Vector2 pos","public","False","True","False","False","True","12","0x06001C15"
"DolocTown.DungeonResourceCrop","OnBomb","System.Void DolocTown.DungeonResourceCrop::OnBomb(System.Single,System.Boolean,UnityEngine.Vector2)","System.Void","System.Single damage; System.Boolean ctr; UnityEngine.Vector2 pos","public","False","True","False","False","True","100","0x06001C16"
"DolocTown.DungeonResourceCrop","_ClearEffects","System.Void DolocTown.DungeonResourceCrop::_ClearEffects(UnityEngine.Vector2)","System.Void","UnityEngine.Vector2 hitPosition","protected","False","True","False","False","True","53","0x06001C17"
"DolocTown.DungeonResourceCrop","<OnInteract>b__6_0","System.Void DolocTown.DungeonResourceCrop::<OnInteract>b__6_0()","System.Void","","private","False","False","False","False","True","68","0x06001C18"
"DolocTown.DungeonResourceHive",".ctor","System.Void DolocTown.DungeonResourceHive::.ctor(DolocTown.IDungeonResourceHost,DolocTown.Config.Resource.ResourceInfo,UnityEngine.Vector3,UnityEngine.Vector2Int)","System.Void","DolocTown.IDungeonResourceHost host; DolocTown.Config.Resource.ResourceInfo proto; UnityEngine.Vector3 wp; UnityEngine.Vector2Int anchor","public","False","False","False","True","True","25","0x06001C19"
"DolocTown.DungeonResourceHive",".ctor","System.Void DolocTown.DungeonResourceHive::.ctor(System.Int32,UnityEngine.Vector2Int,UnityEngine.Vector3,System.String,System.Int32,System.Int32,System.Int32,System.Int32,System.Int32,System.Int32)","System.Void","System.Int32 id; UnityEngine.Vector2Int anchor; UnityEngine.Vector3 position; System.String ResourceName; System.Int32 GrowthLevel; System.Int32 currentGrowth; System.Int32 currentHealth; System.Int32 skinIdx; System.Int32 randomSeed; System.Int32 leftBees","protected","False","False","False","True","True","30","0x06001C1A"
"DolocTown.DungeonResourceHive","InvokeCounterBack","System.Void DolocTown.DungeonResourceHive::InvokeCounterBack(System.Int32)","System.Void","System.Int32 count","private","False","False","False","False","True","201","0x06001C1B"
"DolocTown.DungeonResourceHive","_OnFell","System.Void DolocTown.DungeonResourceHive::_OnFell(DolocTown.ResourceFellData)","System.Void","DolocTown.ResourceFellData fellData","protected","False","True","False","False","True","331","0x06001C1C"
"DolocTown.DungeonResourceHive","OnBomb","System.Void DolocTown.DungeonResourceHive::OnBomb(System.Single,System.Boolean,UnityEngine.Vector2)","System.Void","System.Single damage; System.Boolean criticalRate; UnityEngine.Vector2 pos","public","False","True","False","False","True","93","0x06001C1D"
"DolocTown.DungeonResourceModelMechanicalGarbage",".ctor","System.Void DolocTown.DungeonResourceModelMechanicalGarbage::.ctor(DolocTown.IDungeonResourceHost,DolocTown.Config.Resource.ResourceInfo,UnityEngine.Vector3,UnityEngine.Vector2Int)","System.Void","DolocTown.IDungeonResourceHost host; DolocTown.Config.Resource.ResourceInfo proto; UnityEngine.Vector3 wp; UnityEngine.Vector2Int anchor","public","False","False","False","True","True","12","0x06001C1E"
"DolocTown.DungeonResourceModelMechanicalGarbage",".ctor","System.Void DolocTown.DungeonResourceModelMechanicalGarbage::.ctor(System.Int32,UnityEngine.Vector2Int,UnityEngine.Vector3,System.String,System.Int32,System.Int32,System.Int32,System.Int32,System.Int32)","System.Void","System.Int32 id; UnityEngine.Vector2Int anchor; UnityEngine.Vector3 position; System.String ResourceName; System.Int32 GrowthLevel; System.Int32 currentGrowth; System.Int32 currentHealth; System.Int32 skinIdx; System.Int32 randomSeed","protected","False","False","False","True","True","22","0x06001C1F"
"DolocTown.DungeonResourceModelMechanicalGarbage","_OnFell","System.Void DolocTown.DungeonResourceModelMechanicalGarbage::_OnFell(DolocTown.ResourceFellData)","System.Void","DolocTown.ResourceFellData fellData","protected","False","True","False","False","True","318","0x06001C20"
"DolocTown.DungeonResourceModelMechanicalGarbage","OnBomb","System.Void DolocTown.DungeonResourceModelMechanicalGarbage::OnBomb(System.Single,System.Boolean,UnityEngine.Vector2)","System.Void","System.Single damage; System.Boolean criticalRate; UnityEngine.Vector2 pos","public","False","True","False","False","True","95","0x06001C21"
"DolocTown.DungeonResourceModelMechanicalGarbage","_ClearEffects","System.Void DolocTown.DungeonResourceModelMechanicalGarbage::_ClearEffects(UnityEngine.Vector2)","System.Void","UnityEngine.Vector2 hitPosition","protected","False","True","False","False","True","14","0x06001C22"
"DolocTown.DungeonResourceOre",".ctor","System.Void DolocTown.DungeonResourceOre::.ctor(DolocTown.IDungeonResourceHost,DolocTown.Config.Resource.ResourceInfo,UnityEngine.Vector3,UnityEngine.Vector2Int)","System.Void","DolocTown.IDungeonResourceHost host; DolocTown.Config.Resource.ResourceInfo proto; UnityEngine.Vector3 wp; UnityEngine.Vector2Int anchor","public","False","False","False","True","True","12","0x06001C23"
"DolocTown.DungeonResourceOre",".ctor","System.Void DolocTown.DungeonResourceOre::.ctor(System.Int32,UnityEngine.Vector2Int,UnityEngine.Vector3,System.String,System.Int32,System.Int32,System.Int32,System.Int32,System.Int32)","System.Void","System.Int32 id; UnityEngine.Vector2Int anchor; UnityEngine.Vector3 position; System.String ResourceName; System.Int32 GrowthLevel; System.Int32 currentGrowth; System.Int32 currentHealth; System.Int32 skinIdx; System.Int32 randomSeed","protected","False","False","False","True","True","22","0x06001C24"
"DolocTown.DungeonResourceOre","_OnFell","System.Void DolocTown.DungeonResourceOre::_OnFell(DolocTown.ResourceFellData)","System.Void","DolocTown.ResourceFellData fellData","protected","False","True","False","False","True","336","0x06001C25"
"DolocTown.DungeonResourceOre","OnBomb","System.Void DolocTown.DungeonResourceOre::OnBomb(System.Single,System.Boolean,UnityEngine.Vector2)","System.Void","System.Single damage; System.Boolean criticalRate; UnityEngine.Vector2 pos","public","False","True","False","False","True","95","0x06001C26"
"DolocTown.DungeonResourceOre","_ClearEffects","System.Void DolocTown.DungeonResourceOre::_ClearEffects(UnityEngine.Vector2)","System.Void","UnityEngine.Vector2 hitPosition","protected","False","True","False","False","True","31","0x06001C27"
"DolocTown.DungeonResourceModelPaperBox",".ctor","System.Void DolocTown.DungeonResourceModelPaperBox::.ctor(DolocTown.IDungeonResourceHost,DolocTown.Config.Resource.ResourceInfo,UnityEngine.Vector3,UnityEngine.Vector2Int)","System.Void","DolocTown.IDungeonResourceHost host; DolocTown.Config.Resource.ResourceInfo proto; UnityEngine.Vector3 wp; UnityEngine.Vector2Int anchor","public","False","False","False","True","True","12","0x06001C28"
"DolocTown.DungeonResourceModelPaperBox",".ctor","System.Void DolocTown.DungeonResourceModelPaperBox::.ctor(System.Int32,UnityEngine.Vector2Int,UnityEngine.Vector3,System.String,System.Int32,System.Int32,System.Int32,System.Int32,System.Int32)","System.Void","System.Int32 id; UnityEngine.Vector2Int anchor; UnityEngine.Vector3 position; System.String ResourceName; System.Int32 GrowthLevel; System.Int32 currentGrowth; System.Int32 currentHealth; System.Int32 skinIdx; System.Int32 randomSeed","protected","False","False","False","True","True","22","0x06001C29"
"DolocTown.DungeonResourceModelPaperBox","OnFell","System.Boolean DolocTown.DungeonResourceModelPaperBox::OnFell(DolocTown.ItemTool,UnityEngine.Vector2)","System.Boolean","DolocTown.ItemTool tool; UnityEngine.Vector2 hitPoint","public","False","True","False","False","True","2","0x06001C2A"
"DolocTown.DungeonResourceModelPaperBox","OnInteract","System.Void DolocTown.DungeonResourceModelPaperBox::OnInteract()","System.Void","","public","False","True","False","False","True","85","0x06001C2B"
"DolocTown.DungeonResourceModelPaperBox","get_OnlyTouch","System.Boolean DolocTown.DungeonResourceModelPaperBox::get_OnlyTouch()","System.Boolean","","public","False","True","False","False","True","2","0x06001C2C"
"DolocTown.DungeonResourceModelPaperBox","OnDisTouch","System.Void DolocTown.DungeonResourceModelPaperBox::OnDisTouch()","System.Void","","public","False","True","False","False","True","24","0x06001C2D"
"DolocTown.DungeonResourceModelPaperBox","OnTouch","System.Void DolocTown.DungeonResourceModelPaperBox::OnTouch()","System.Void","","public","False","True","False","False","True","73","0x06001C2E"
"DolocTown.DungeonResourceModelPaperBox","OnCompleteFell","System.Void DolocTown.DungeonResourceModelPaperBox::OnCompleteFell()","System.Void","","protected","False","True","False","False","True","18","0x06001C2F"
"DolocTown.DungeonResourceModelPaperBox","OnBomb","System.Void DolocTown.DungeonResourceModelPaperBox::OnBomb(System.Single,System.Boolean,UnityEngine.Vector2)","System.Void","System.Single damage; System.Boolean criticalRate; UnityEngine.Vector2 pos","public","False","True","False","False","True","57","0x06001C30"
"DolocTown.DungeonResourceModelPaperBox","_ClearEffects","System.Void DolocTown.DungeonResourceModelPaperBox::_ClearEffects(UnityEngine.Vector2)","System.Void","UnityEngine.Vector2 hitPosition","protected","False","True","False","False","True","49","0x06001C31"
"DolocTown.DungeonResourceTree",".ctor","System.Void DolocTown.DungeonResourceTree::.ctor(DolocTown.IDungeonResourceHost,DolocTown.Config.Resource.ResourceInfo,UnityEngine.Vector3,UnityEngine.Vector2Int)","System.Void","DolocTown.IDungeonResourceHost host; DolocTown.Config.Resource.ResourceInfo proto; UnityEngine.Vector3 wp; UnityEngine.Vector2Int anchor","public","False","False","False","True","True","23","0x06001C32"
"DolocTown.DungeonResourceTree",".ctor","System.Void DolocTown.DungeonResourceTree::.ctor(System.Int32,UnityEngine.Vector2Int,UnityEngine.Vector3,System.String,System.Int32,System.Int32,System.Int32,System.Int32,System.Int32)","System.Void","System.Int32 id; UnityEngine.Vector2Int anchor; UnityEngine.Vector3 position; System.String ResourceName; System.Int32 GrowthLevel; System.Int32 currentGrowth; System.Int32 currentHealth; System.Int32 skinIdx; System.Int32 randomSeed","protected","False","False","False","True","True","33","0x06001C33"
"DolocTown.DungeonResourceTree","OnRemove","System.Void DolocTown.DungeonResourceTree::OnRemove()","System.Void","","public","False","True","False","False","True","15","0x06001C34"
"DolocTown.DungeonResourceTree","OnFell","System.Boolean DolocTown.DungeonResourceTree::OnFell(DolocTown.ItemTool,UnityEngine.Vector2)","System.Boolean","DolocTown.ItemTool tool; UnityEngine.Vector2 hitPoint","public","False","True","False","False","True","19","0x06001C35"
"DolocTown.DungeonResourceTree","_OnFell","System.Void DolocTown.DungeonResourceTree::_OnFell(DolocTown.ResourceFellData)","System.Void","DolocTown.ResourceFellData fellData","protected","False","True","False","False","True","452","0x06001C36"
"DolocTown.DungeonResourceTree","get_roomScanner","DolocTown.RoomScanner DolocTown.DungeonResourceTree::get_roomScanner()","DolocTown.RoomScanner","","private","False","False","False","False","True","16","0x06001C37"
"DolocTown.DungeonResourceTree","OnTouch","System.Void DolocTown.DungeonResourceTree::OnTouch()","System.Void","","public","False","True","False","False","True","13","0x06001C38"
"DolocTown.DungeonResourceTree","OnDisTouch","System.Void DolocTown.DungeonResourceTree::OnDisTouch()","System.Void","","public","False","True","False","False","True","27","0x06001C39"
"DolocTown.DungeonResourceTree","OnBomb","System.Void DolocTown.DungeonResourceTree::OnBomb(System.Single,System.Boolean,UnityEngine.Vector2)","System.Void","System.Single damage; System.Boolean criticalRate; UnityEngine.Vector2 pos","public","False","True","False","False","True","100","0x06001C3A"
"DolocTown.DungeonResourceTree","SetMaxHealth","System.Void DolocTown.DungeonResourceTree::SetMaxHealth()","System.Void","","public","False","False","False","False","True","29","0x06001C3B"
"DolocTown.DungeonResourceTree","_ClearEffects","System.Void DolocTown.DungeonResourceTree::_ClearEffects(UnityEngine.Vector2)","System.Void","UnityEngine.Vector2 hitPosition","protected","False","True","False","False","True","112","0x06001C3C"
"DolocTown.DungeonResourceTree","get_Name","System.String DolocTown.DungeonResourceTree::get_Name()","System.String","","public","False","True","False","False","True","7","0x06001C3D"
"DolocTown.DungeonResourceTree","get_ContainedSlots","DolocTown.GameData.DecalSlot[] DolocTown.DungeonResourceTree::get_ContainedSlots()","DolocTown.GameData.DecalSlot[]","","public","False","True","False","False","True","12","0x06001C3E"
"DolocTown.DungeonResourceTree","get_AttachedDecals","System.Collections.Generic.Dictionary`2<System.Int32,DolocTown.IDecal> DolocTown.DungeonResourceTree::get_AttachedDecals()","System.Collections.Generic.Dictionary`2<System.Int32,DolocTown.IDecal>","","public","False","True","False","False","True","7","0x06001C3F"
"DolocTown.DungeonResourceTree","set_AttachedDecals","System.Void DolocTown.DungeonResourceTree::set_AttachedDecals(System.Collections.Generic.Dictionary`2<System.Int32,DolocTown.IDecal>)","System.Void","System.Collections.Generic.Dictionary`2<System.Int32,DolocTown.IDecal> value","public","False","True","False","False","True","8","0x06001C40"
"DolocTown.DungeonResourceTree","get_HostSprite","UnityEngine.Sprite DolocTown.DungeonResourceTree::get_HostSprite()","UnityEngine.Sprite","","public","False","True","False","False","True","7","0x06001C41"
"DolocTown.DungeonResourceTree","get_WorldPosition","UnityEngine.Vector3 DolocTown.DungeonResourceTree::get_WorldPosition()","UnityEngine.Vector3","","public","False","True","False","False","True","7","0x06001C42"
"DolocTown.DungeonResourceTree","ShiftTerrainContent","System.Void DolocTown.DungeonResourceTree::ShiftTerrainContent(UnityEngine.Vector2Int,UnityEngine.Vector3)","System.Void","UnityEngine.Vector2Int offset; UnityEngine.Vector3 positionOffset","public","False","True","False","False","True","65","0x06001C43"
"DolocTown.DungeonResourceTreeTrunk",".ctor","System.Void DolocTown.DungeonResourceTreeTrunk::.ctor(DolocTown.IDungeonResourceHost,DolocTown.Config.Resource.ResourceInfo,UnityEngine.Vector3,UnityEngine.Vector2Int)","System.Void","DolocTown.IDungeonResourceHost host; DolocTown.Config.Resource.ResourceInfo proto; UnityEngine.Vector3 wp; UnityEngine.Vector2Int anchor","public","False","False","False","True","True","12","0x06001C44"
"DolocTown.DungeonResourceTreeTrunk",".ctor","System.Void DolocTown.DungeonResourceTreeTrunk::.ctor(System.Int32,UnityEngine.Vector2Int,UnityEngine.Vector3,System.String,System.Int32,System.Int32,System.Int32,System.Int32,System.Int32)","System.Void","System.Int32 id; UnityEngine.Vector2Int anchor; UnityEngine.Vector3 position; System.String ResourceName; System.Int32 GrowthLevel; System.Int32 currentGrowth; System.Int32 currentHealth; System.Int32 skinIdx; System.Int32 randomSeed","protected","False","False","False","True","True","22","0x06001C45"
"DolocTown.DungeonResourceTreeTrunk","_OnFell","System.Void DolocTown.DungeonResourceTreeTrunk::_OnFell(DolocTown.ResourceFellData)","System.Void","DolocTown.ResourceFellData fellData","protected","False","True","False","False","True","264","0x06001C46"
"DolocTown.DungeonResourceTreeTrunk","_ClearEffects","System.Void DolocTown.DungeonResourceTreeTrunk::_ClearEffects(UnityEngine.Vector2)","System.Void","UnityEngine.Vector2 hitPosition","protected","False","True","False","False","True","13","0x06001C47"
"DolocTown.DungeonResourceTreeTrunk","OnBomb","System.Void DolocTown.DungeonResourceTreeTrunk::OnBomb(System.Single,System.Boolean,UnityEngine.Vector2)","System.Void","System.Single damage; System.Boolean criticalRate; UnityEngine.Vector2 pos","public","False","True","False","False","True","100","0x06001C48"
"DolocTown.DungeonResourceWeeds",".ctor","System.Void DolocTown.DungeonResourceWeeds::.ctor(DolocTown.IDungeonResourceHost,DolocTown.Config.Resource.ResourceInfo,UnityEngine.Vector3,UnityEngine.Vector2Int)","System.Void","DolocTown.IDungeonResourceHost host; DolocTown.Config.Resource.ResourceInfo proto; UnityEngine.Vector3 wp; UnityEngine.Vector2Int anchor","public","False","False","False","True","True","12","0x06001C49"
"DolocTown.DungeonResourceWeeds",".ctor","System.Void DolocTown.DungeonResourceWeeds::.ctor(System.Int32,UnityEngine.Vector2Int,UnityEngine.Vector3,System.String,System.Int32,System.Int32,System.Int32,System.Int32,System.Int32)","System.Void","System.Int32 id; UnityEngine.Vector2Int anchor; UnityEngine.Vector3 position; System.String ResourceName; System.Int32 GrowthLevel; System.Int32 currentGrowth; System.Int32 currentHealth; System.Int32 skinIdx; System.Int32 randomSeed","protected","False","False","False","True","True","22","0x06001C4A"
"DolocTown.DungeonResourceWeeds","OnRender","System.Void DolocTown.DungeonResourceWeeds::OnRender()","System.Void","","protected","False","True","False","False","True","33","0x06001C4B"
"DolocTown.DungeonResourceWeeds","_OnFell","System.Void DolocTown.DungeonResourceWeeds::_OnFell(DolocTown.ResourceFellData)","System.Void","DolocTown.ResourceFellData fellData","protected","False","True","False","False","True","360","0x06001C4C"
"DolocTown.DungeonResourceWeeds","OnTouch","System.Void DolocTown.DungeonResourceWeeds::OnTouch()","System.Void","","public","False","True","False","False","True","165","0x06001C4D"
"DolocTown.DungeonResourceWeeds","OnDisTouch","System.Void DolocTown.DungeonResourceWeeds::OnDisTouch()","System.Void","","public","False","True","False","False","True","50","0x06001C4E"
"DolocTown.DungeonResourceWeeds","OnWater","System.Void DolocTown.DungeonResourceWeeds::OnWater()","System.Void","","public","False","True","False","False","True","29","0x06001C4F"
"DolocTown.DungeonResourceWeeds","OnMonsterTouch","System.Void DolocTown.DungeonResourceWeeds::OnMonsterTouch(UnityEngine.Vector2)","System.Void","UnityEngine.Vector2 pos","public","False","True","False","False","True","20","0x06001C50"
"DolocTown.DungeonResourceWeeds","OnMonsterDisTouch","System.Void DolocTown.DungeonResourceWeeds::OnMonsterDisTouch(UnityEngine.Vector2)","System.Void","UnityEngine.Vector2 pos","public","False","True","False","False","True","20","0x06001C51"
"DolocTown.DungeonResourceWeeds","OnWindBlow","System.Void DolocTown.DungeonResourceWeeds::OnWindBlow(UnityEngine.Vector2)","System.Void","UnityEngine.Vector2 pos","public","False","True","False","False","True","12","0x06001C52"
"DolocTown.DungeonResourceWeeds","OnBomb","System.Void DolocTown.DungeonResourceWeeds::OnBomb(System.Single,System.Boolean,UnityEngine.Vector2)","System.Void","System.Single damage; System.Boolean criticalRate; UnityEngine.Vector2 pos","public","False","True","False","False","True","31","0x06001C53"
"DolocTown.DungeonResourceWeeds","_ClearEffects","System.Void DolocTown.DungeonResourceWeeds::_ClearEffects(UnityEngine.Vector2)","System.Void","UnityEngine.Vector2 hitPosition","protected","False","True","False","False","True","56","0x06001C54"
"DolocTown.DungeonResourceWeeds","OnAnimalTouch","System.Void DolocTown.DungeonResourceWeeds::OnAnimalTouch()","System.Void","","public","False","True","False","False","True","119","0x06001C55"
"DolocTown.DungeonResourceWeeds","get_AnimalInteractableRoom","DolocTown.Room DolocTown.DungeonResourceWeeds::get_AnimalInteractableRoom()","DolocTown.Room","","public","False","False","False","False","True","12","0x06001C56"
"DolocTown.DungeonResourceWeeds","get_AnimalInteractablePosition","UnityEngine.Vector2Int DolocTown.DungeonResourceWeeds::get_AnimalInteractablePosition()","UnityEngine.Vector2Int","","public","False","True","False","False","True","7","0x06001C57"
"DolocTown.DungeonResourceWeeds","get_AnimalInteractableWidth","System.Int32 DolocTown.DungeonResourceWeeds::get_AnimalInteractableWidth()","System.Int32","","public","False","True","False","False","True","12","0x06001C58"
"DolocTown.DungeonResourceWeeds","get_AnimalInteractablePositionWS","UnityEngine.Vector2 DolocTown.DungeonResourceWeeds::get_AnimalInteractablePositionWS()","UnityEngine.Vector2","","public","False","True","False","False","True","12","0x06001C59"
"DolocTown.DungeonResourceWeeds","get_AnimalInteractableIsValid","System.Boolean DolocTown.DungeonResourceWeeds::get_AnimalInteractableIsValid()","System.Boolean","","public","False","True","False","False","True","13","0x06001C5A"
"DolocTown.DungeonResourceWeeds","get_IsAnimalInteractableLocked","System.Boolean DolocTown.DungeonResourceWeeds::get_IsAnimalInteractableLocked()","System.Boolean","","public","False","False","False","False","True","7","0x06001C5B"
"DolocTown.DungeonResourceWeeds","set_IsAnimalInteractableLocked","System.Void DolocTown.DungeonResourceWeeds::set_IsAnimalInteractableLocked(System.Boolean)","System.Void","System.Boolean value","public","False","False","False","False","True","8","0x06001C5C"
"DolocTown.DungeonResourceWeeds","get_FeederPriority","System.Int32 DolocTown.DungeonResourceWeeds::get_FeederPriority()","System.Int32","","public","False","True","False","False","True","2","0x06001C5D"
"DolocTown.DungeonResourceWeeds","get_IsFeederEmpty","System.Boolean DolocTown.DungeonResourceWeeds::get_IsFeederEmpty()","System.Boolean","","public","False","True","False","False","True","45","0x06001C5E"
"DolocTown.DungeonResourceWeeds","get_AnimalCounter","System.Int32 DolocTown.DungeonResourceWeeds::get_AnimalCounter()","System.Int32","","public","False","True","False","False","True","7","0x06001C5F"
"DolocTown.DungeonResourceWeeds","set_AnimalCounter","System.Void DolocTown.DungeonResourceWeeds::set_AnimalCounter(System.Int32)","System.Void","System.Int32 value","public","False","True","False","False","True","14","0x06001C60"
"DolocTown.DungeonResourceWeeds","TakeFeeds","System.Int32 DolocTown.DungeonResourceWeeds::TakeFeeds(System.Int32,System.String&)","System.Int32","System.Int32 require; System.String& name","public","False","True","False","False","True","161","0x06001C61"
"DolocTown.DungeonResourceWeedsSmall",".ctor","System.Void DolocTown.DungeonResourceWeedsSmall::.ctor(DolocTown.IDungeonResourceHost,DolocTown.Config.Resource.ResourceInfo,UnityEngine.Vector3,UnityEngine.Vector2Int)","System.Void","DolocTown.IDungeonResourceHost host; DolocTown.Config.Resource.ResourceInfo proto; UnityEngine.Vector3 wp; UnityEngine.Vector2Int anchor","public","False","False","False","True","True","12","0x06001C62"
"DolocTown.DungeonResourceWeedsSmall",".ctor","System.Void DolocTown.DungeonResourceWeedsSmall::.ctor(System.Int32,UnityEngine.Vector2Int,UnityEngine.Vector3,System.String,System.Int32,System.Int32,System.Int32,System.Int32,System.Int32)","System.Void","System.Int32 id; UnityEngine.Vector2Int anchor; UnityEngine.Vector3 position; System.String ResourceName; System.Int32 GrowthLevel; System.Int32 currentGrowth; System.Int32 currentHealth; System.Int32 skinIdx; System.Int32 randomSeed","protected","False","False","False","True","True","22","0x06001C63"
"DolocTown.DungeonResourceWeedsSmall","OnTouch","System.Void DolocTown.DungeonResourceWeedsSmall::OnTouch()","System.Void","","public","False","True","False","False","True","104","0x06001C64"
"DolocTown.DungeonResourceWeedsSmall","OnDisTouch","System.Void DolocTown.DungeonResourceWeedsSmall::OnDisTouch()","System.Void","","public","False","True","False","False","True","13","0x06001C65"
"DolocTown.DungeonResourceWeedsSmall","OnMonsterTouch","System.Void DolocTown.DungeonResourceWeedsSmall::OnMonsterTouch(UnityEngine.Vector2)","System.Void","UnityEngine.Vector2 pos","public","False","True","False","False","True","20","0x06001C66"
"DolocTown.DungeonResourceWeedsSmall","OnMonsterDisTouch","System.Void DolocTown.DungeonResourceWeedsSmall::OnMonsterDisTouch(UnityEngine.Vector2)","System.Void","UnityEngine.Vector2 pos","public","False","True","False","False","True","20","0x06001C67"
"DolocTown.DungeonResourceWeedsSmall","OnWindBlow","System.Void DolocTown.DungeonResourceWeedsSmall::OnWindBlow(UnityEngine.Vector2)","System.Void","UnityEngine.Vector2 pos","public","False","True","False","False","True","12","0x06001C68"
"DolocTown.DungeonResourceRenderer","get_position","UnityEngine.Vector3 DolocTown.DungeonResourceRenderer::get_position()","UnityEngine.Vector3","","public","False","True","False","False","True","12","0x06001C70"
"DolocTown.DungeonResourceRenderer","set_position","System.Void DolocTown.DungeonResourceRenderer::set_position(UnityEngine.Vector3)","System.Void","UnityEngine.Vector3 value","public","False","True","False","False","True","48","0x06001C71"
"DolocTown.DungeonResourceRenderer","get_Sr","UnityEngine.SpriteRenderer DolocTown.DungeonResourceRenderer::get_Sr()","UnityEngine.SpriteRenderer","","public","False","False","False","False","True","7","0x06001C72"
"DolocTown.DungeonResourceRenderer","set_Sr","System.Void DolocTown.DungeonResourceRenderer::set_Sr(UnityEngine.SpriteRenderer)","System.Void","UnityEngine.SpriteRenderer value","protected","False","False","False","False","True","8","0x06001C73"
"DolocTown.DungeonResourceRenderer","get_outlineTarget","UnityEngine.SpriteRenderer DolocTown.DungeonResourceRenderer::get_outlineTarget()","UnityEngine.SpriteRenderer","","public","False","True","False","False","True","7","0x06001C74"
"DolocTown.DungeonResourceRenderer","get_PolygonCollider","UnityEngine.PolygonCollider2D DolocTown.DungeonResourceRenderer::get_PolygonCollider()","UnityEngine.PolygonCollider2D","","public","False","False","False","False","True","7","0x06001C75"
"DolocTown.DungeonResourceRenderer","set_PolygonCollider","System.Void DolocTown.DungeonResourceRenderer::set_PolygonCollider(UnityEngine.PolygonCollider2D)","System.Void","UnityEngine.PolygonCollider2D value","protected","False","False","False","False","True","8","0x06001C76"
"DolocTown.DungeonResourceRenderer","get_Animator","UnityEngine.Animator DolocTown.DungeonResourceRenderer::get_Animator()","UnityEngine.Animator","","public","False","False","False","False","True","7","0x06001C77"
"DolocTown.DungeonResourceRenderer","set_Animator","System.Void DolocTown.DungeonResourceRenderer::set_Animator(UnityEngine.Animator)","System.Void","UnityEngine.Animator value","protected","False","False","False","False","True","8","0x06001C78"
"DolocTown.DungeonResourceRenderer","get_DungeonResource","DolocTown.DungeonResource DolocTown.DungeonResourceRenderer::get_DungeonResource()","DolocTown.DungeonResource","","public","False","True","False","False","True","7","0x06001C79"
"DolocTown.DungeonResourceRenderer","set_DungeonResource","System.Void DolocTown.DungeonResourceRenderer::set_DungeonResource(DolocTown.DungeonResource)","System.Void","DolocTown.DungeonResource value","public","False","True","False","False","True","8","0x06001C7A"
"DolocTown.DungeonResourceRenderer","__Init","System.Void DolocTown.DungeonResourceRenderer::__Init()","System.Void","","protected","False","True","False","False","True","55","0x06001C7B"
"DolocTown.DungeonResourceRenderer","OnRecycle","System.Void DolocTown.DungeonResourceRenderer::OnRecycle()","System.Void","","public","False","True","False","False","True","87","0x06001C7C"
"DolocTown.DungeonResourceRenderer","FallDown","System.Void DolocTown.DungeonResourceRenderer::FallDown(System.Int32,System.Action,System.Action)","System.Void","System.Int32 dir; System.Action downCallback; System.Action afterCallback","public","False","False","False","False","True","291","0x06001C7D"
"DolocTown.DungeonResourceRenderer","Shine","System.Void DolocTown.DungeonResourceRenderer::Shine(System.Single)","System.Void","System.Single duration","public","False","False","False","False","True","1","0x06001C7E"
"DolocTown.DungeonResourceRenderer","_Shine","System.Void DolocTown.DungeonResourceRenderer::_Shine(System.Single)","System.Void","System.Single duration","public","False","False","False","False","True","82","0x06001C7F"
"DolocTown.DungeonResourceRenderer","Shake","System.Void DolocTown.DungeonResourceRenderer::Shake(System.Single,System.Single)","System.Void","System.Single duration; System.Single shakeStrength","public","False","False","False","False","True","62","0x06001C80"
"DolocTown.DungeonResourceRenderer","PlayAnimation","System.Void DolocTown.DungeonResourceRenderer::PlayAnimation(System.String)","System.Void","System.String name","public","False","False","False","False","True","58","0x06001C81"
"DolocTown.DungeonResourceRenderer","ForcePlayAnimation","System.Void DolocTown.DungeonResourceRenderer::ForcePlayAnimation(System.String)","System.Void","System.String name","public","False","False","False","False","True","56","0x06001C82"
"DolocTown.DungeonResourceRenderer","StopAnimation","System.Void DolocTown.DungeonResourceRenderer::StopAnimation()","System.Void","","protected","False","True","False","False","True","29","0x06001C83"
"DolocTown.DungeonResourceRenderer","SwingOnTouch","System.Void DolocTown.DungeonResourceRenderer::SwingOnTouch(System.Boolean)","System.Void","System.Boolean light","public","False","False","False","False","True","52","0x06001C84"
"DolocTown.DungeonResourceRenderer","SwingOnBlow","System.Void DolocTown.DungeonResourceRenderer::SwingOnBlow()","System.Void","","public","False","False","False","False","True","51","0x06001C85"
"DolocTown.DungeonResourceRenderer","OnDestroy","System.Void DolocTown.DungeonResourceRenderer::OnDestroy()","System.Void","","private","False","False","False","False","True","17","0x06001C86"
"DolocTown.DungeonResourceRenderer","get_ShouldCostEnergy","System.Boolean DolocTown.DungeonResourceRenderer::get_ShouldCostEnergy()","System.Boolean","","public","False","True","False","False","True","2","0x06001C87"
"DolocTown.DungeonResourceRenderer","get_ShouldCostChopCounter","System.Boolean DolocTown.DungeonResourceRenderer::get_ShouldCostChopCounter()","System.Boolean","","public","False","True","False","False","True","2","0x06001C88"
"DolocTown.DungeonResourceRenderer","OnFell","System.Boolean DolocTown.DungeonResourceRenderer::OnFell(DolocTown.ItemTool,UnityEngine.Vector2)","System.Boolean","DolocTown.ItemTool tool; UnityEngine.Vector2 hitPoint","public","False","True","False","False","True","20","0x06001C89"
"DolocTown.DungeonResourceRenderer","get_OnlyTouch","System.Boolean DolocTown.DungeonResourceRenderer::get_OnlyTouch()","System.Boolean","","public","False","True","False","False","True","18","0x06001C8A"
"DolocTown.DungeonResourceRenderer","get_CanInteractContinues","System.Boolean DolocTown.DungeonResourceRenderer::get_CanInteractContinues()","System.Boolean","","public","False","True","False","False","True","2","0x06001C8B"
"DolocTown.DungeonResourceRenderer","OnInteract","System.Void DolocTown.DungeonResourceRenderer::OnInteract()","System.Void","","public","False","True","False","False","True","17","0x06001C8C"
"DolocTown.DungeonResourceRenderer","OnTouch","System.Void DolocTown.DungeonResourceRenderer::OnTouch()","System.Void","","public","False","True","False","False","True","17","0x06001C8D"
"DolocTown.DungeonResourceRenderer","OnDisTouch","System.Void DolocTown.DungeonResourceRenderer::OnDisTouch()","System.Void","","public","False","True","False","False","True","17","0x06001C8E"
"DolocTown.DungeonResourceRenderer","get_attackableType","DolocTown.AttackableType DolocTown.DungeonResourceRenderer::get_attackableType()","DolocTown.AttackableType","","public","False","True","False","False","True","2","0x06001C8F"
"DolocTown.DungeonResourceRenderer","OnAttacked","System.Boolean DolocTown.DungeonResourceRenderer::OnAttacked(System.Single,System.Boolean,UnityEngine.Vector2,System.Boolean&)","System.Boolean","System.Single attack; System.Boolean isCritical; UnityEngine.Vector2 pos; System.Boolean& isDead","public","False","True","False","False","True","27","0x06001C90"
"DolocTown.DungeonResourceRenderer","OnSwordAttack","System.Boolean DolocTown.DungeonResourceRenderer::OnSwordAttack(System.Single,System.Boolean,UnityEngine.Vector2,System.Boolean&)","System.Boolean","System.Single atk; System.Boolean isCritical; UnityEngine.Vector2 pos; System.Boolean& isDead","public","False","True","False","False","True","12","0x06001C91"
"DolocTown.DungeonResourceRenderer","OnMonsterTouch","System.Void DolocTown.DungeonResourceRenderer::OnMonsterTouch(UnityEngine.Vector2)","System.Void","UnityEngine.Vector2 interactPosition","public","False","True","False","False","True","18","0x06001C92"
"DolocTown.DungeonResourceRenderer","OnMonsterDisTouch","System.Void DolocTown.DungeonResourceRenderer::OnMonsterDisTouch(UnityEngine.Vector2)","System.Void","UnityEngine.Vector2 interactPosition","public","False","True","False","False","True","18","0x06001C93"
"DolocTown.DungeonResourceRenderer","OnWater","System.Void DolocTown.DungeonResourceRenderer::OnWater()","System.Void","","public","False","True","False","False","True","17","0x06001C94"
"DolocTown.DungeonResourceRenderer","OnWindBlow","System.Void DolocTown.DungeonResourceRenderer::OnWindBlow(UnityEngine.Vector2)","System.Void","UnityEngine.Vector2 pos","public","False","True","False","False","True","18","0x06001C95"
"DolocTown.DungeonResourceRenderer","OnBomb","System.Void DolocTown.DungeonResourceRenderer::OnBomb(System.Single,System.Boolean,UnityEngine.Vector2)","System.Void","System.Single damage; System.Boolean criticalRate; UnityEngine.Vector2 pos","public","False","True","False","False","True","20","0x06001C96"
"DolocTown.DungeonResourceRenderer","DolocTown.IAnimalTouchable.OnAnimalTouch","System.Void DolocTown.DungeonResourceRenderer::DolocTown.IAnimalTouchable.OnAnimalTouch()","System.Void","","private","False","True","False","False","True","17","0x06001C97"
"DolocTown.DungeonResourceRenderer","DolocTown.IAnimalTouchable.OnAnimalDistouch","System.Void DolocTown.DungeonResourceRenderer::DolocTown.IAnimalTouchable.OnAnimalDistouch()","System.Void","","private","False","True","False","False","True","17","0x06001C98"
"DolocTown.DungeonResourceRenderer",".ctor","System.Void DolocTown.DungeonResourceRenderer::.ctor()","System.Void","","public","False","False","False","True","True","7","0x06001C99"
"DolocTown.DungeonResourceRenderer",".cctor","System.Void DolocTown.DungeonResourceRenderer::.cctor()","System.Void","","private","True","False","False","True","True","11","0x06001C9A"
"DolocTown.DungeonResourceRenderer/<>c__DisplayClass27_0",".ctor","System.Void DolocTown.DungeonResourceRenderer/<>c__DisplayClass27_0::.ctor()","System.Void","","public","False","False","False","True","True","7","0x06009B99"
"DolocTown.DungeonResourceRenderer/<>c__DisplayClass27_0","<FallDown>b__0","System.Void DolocTown.DungeonResourceRenderer/<>c__DisplayClass27_0::<FallDown>b__0()","System.Void","","internal","False","False","False","False","True","160","0x06009B9A"
"DolocTown.DungeonResourceRenderer/<>c__DisplayClass27_0","<FallDown>b__1","System.Void DolocTown.DungeonResourceRenderer/<>c__DisplayClass27_0::<FallDown>b__1()","System.Void","","internal","False","False","False","False","True","17","0x06009B9B"
"DolocTown.DungeonResourceRenderer/<>c__DisplayClass29_0",".ctor","System.Void DolocTown.DungeonResourceRenderer/<>c__DisplayClass29_0::.ctor()","System.Void","","public","False","False","False","True","True","7","0x06009B9C"
"DolocTown.DungeonResourceRenderer/<>c__DisplayClass29_0","<_Shine>b__0","System.Void DolocTown.DungeonResourceRenderer/<>c__DisplayClass29_0::<_Shine>b__0()","System.Void","","internal","False","False","False","False","True","35","0x06009B9D"
"DolocTown.EnvObject","get_Proto","DolocTown.Config.Resource.EnvObjectInfo DolocTown.EnvObject::get_Proto()","DolocTown.Config.Resource.EnvObjectInfo","","public","False","False","False","False","True","7","0x06001C9E"
"DolocTown.EnvObject","set_Proto","System.Void DolocTown.EnvObject::set_Proto(DolocTown.Config.Resource.EnvObjectInfo)","System.Void","DolocTown.Config.Resource.EnvObjectInfo value","private","False","False","False","False","True","8","0x06001C9F"
"DolocTown.EnvObject",".ctor","System.Void DolocTown.EnvObject::.ctor(DolocTown.Config.Resource.EnvObjectInfo,UnityEngine.Vector2)","System.Void","DolocTown.Config.Resource.EnvObjectInfo proto; UnityEngine.Vector2 position","public","False","False","False","True","True","22","0x06001CA1"
"DolocTown.EnvObjectBird",".ctor","System.Void DolocTown.EnvObjectBird::.ctor(DolocTown.Config.Resource.EnvObjectInfo,UnityEngine.Vector2)","System.Void","DolocTown.Config.Resource.EnvObjectInfo proto; UnityEngine.Vector2 position","public","False","False","False","True","True","9","0x06001CA5"
"DolocTown.EnvObjectAttribute",".ctor","System.Void DolocTown.EnvObjectAttribute::.ctor(DolocTown.Config.Resource.EnvObjectType)","System.Void","DolocTown.Config.Resource.EnvObjectType type","public","False","False","False","True","True","14","0x06001CA9"
"DolocTown.EnvObjectManager","LoadResourceEntityTypes","System.Type[] DolocTown.EnvObjectManager::LoadResourceEntityTypes()","System.Type[]","","private","True","False","False","False","True","94","0x06001CAA"
"DolocTown.EnvObjectManager","CreateEnvObject","DolocTown.EnvObject DolocTown.EnvObjectManager::CreateEnvObject(DolocTown.Config.Resource.EnvObjectInfo,UnityEngine.Vector2)","DolocTown.EnvObject","DolocTown.Config.Resource.EnvObjectInfo proto; UnityEngine.Vector2 position","public","False","False","False","False","True","64","0x06001CAB"
"DolocTown.GuaranteedData","get_table","DolocTown.Config.Resource.TbGlobalGuaranteed DolocTown.GuaranteedData::get_table()","DolocTown.Config.Resource.TbGlobalGuaranteed","","private","False","False","False","False","True","11","0x06001CBB"
"DolocTown.GuaranteedData",".ctor","System.Void DolocTown.GuaranteedData::.ctor(DolocTown.Config.Resource.GuaranteedType,System.Collections.Generic.Dictionary`2<System.String,System.Int32>,System.Collections.Generic.Dictionary`2<System.String,System.Int32>,System.Collections.Generic.Dictionary`2<System.String,System.Int32>,System.Collections.Generic.HashSet`1<System.String>)","System.Void","DolocTown.Config.Resource.GuaranteedType type; System.Collections.Generic.Dictionary`2<System.String,System.Int32> currentCounts; System.Collections.Generic.Dictionary`2<System.String,System.Int32> activatedCounts; System.Collections.Generic.Dictionary`2<System.String,System.Int32> globalCounts; System.Collections.Generic.HashSet`1<System.String> unlockedIds","public","False","False","False","True","True","80","0x06001CBC"
"DolocTown.GuaranteedData","TryGetGuaranteedInfo","System.Boolean DolocTown.GuaranteedData::TryGetGuaranteedInfo(System.String,DolocTown.Config.Resource.GlobalGuaranteedInfo&)","System.Boolean","System.String spawnId; DolocTown.Config.Resource.GlobalGuaranteedInfo& info","public","False","False","False","False","True","26","0x06001CBD"
"DolocTown.GuaranteedManager",".ctor","System.Void DolocTown.GuaranteedManager::.ctor(System.Collections.Generic.Dictionary`2<DolocTown.Config.Resource.GuaranteedType,DolocTown.GuaranteedData>)","System.Void","System.Collections.Generic.Dictionary`2<DolocTown.Config.Resource.GuaranteedType,DolocTown.GuaranteedData> guaranteedDatas","public","False","False","False","True","True","131","0x06001CC5"
"DolocTown.GuaranteedManager","UnlockGuaranteedItem","System.Void DolocTown.GuaranteedManager::UnlockGuaranteedItem(DolocTown.Config.Resource.GuaranteedType,System.String)","System.Void","DolocTown.Config.Resource.GuaranteedType type; System.String spawnId","public","False","False","False","False","True","14","0x06001CC6"
"DolocTown.GuaranteedManager","CheckGuaranteedItemUnlock","System.Boolean DolocTown.GuaranteedManager::CheckGuaranteedItemUnlock(DolocTown.Config.Resource.GuaranteedType,System.String)","System.Boolean","DolocTown.Config.Resource.GuaranteedType type; System.String spawnId","private","False","False","False","False","True","14","0x06001CC7"
"DolocTown.GuaranteedManager","CheckWithinGlobalLimit","System.Boolean DolocTown.GuaranteedManager::CheckWithinGlobalLimit(DolocTown.Config.Resource.GuaranteedType,System.String)","System.Boolean","DolocTown.Config.Resource.GuaranteedType type; System.String spawnId","private","False","False","False","False","True","14","0x06001CC8"
"DolocTown.GuaranteedManager","TryAddGlobalCount","System.Void DolocTown.GuaranteedManager::TryAddGlobalCount(DolocTown.Config.Resource.GuaranteedType,System.String,System.Int32,System.Int32&)","System.Void","DolocTown.Config.Resource.GuaranteedType type; System.String spawnId; System.Int32 count; System.Int32& validCount","private","False","False","False","False","True","17","0x06001CC9"
"DolocTown.GuaranteedManager","GetGuaranteedData","DolocTown.GuaranteedData DolocTown.GuaranteedManager::GetGuaranteedData(DolocTown.Config.Resource.GuaranteedType)","DolocTown.GuaranteedData","DolocTown.Config.Resource.GuaranteedType type","public","False","False","False","False","True","13","0x06001CCA"
"DolocTown.GuaranteedManager","GetGuaranteedIds","System.Collections.Generic.HashSet`1<System.String> DolocTown.GuaranteedManager::GetGuaranteedIds(DolocTown.Config.Resource.GuaranteedType,System.Collections.Generic.HashSet`1<System.String>,System.Collections.Generic.HashSet`1<System.String>)","System.Collections.Generic.HashSet`1<System.String>","DolocTown.Config.Resource.GuaranteedType type; System.Collections.Generic.HashSet`1<System.String> spawnedIds; System.Collections.Generic.HashSet`1<System.String> allIds","private","False","False","False","False","True","101","0x06001CCB"
"DolocTown.GuaranteedManager","SpawnResourceDropItems","System.Void DolocTown.GuaranteedManager::SpawnResourceDropItems(DolocTown.DungeonResource,System.Boolean,System.String)","System.Void","DolocTown.DungeonResource resource; System.Boolean isRender; System.String overrideSpawnLut","public","False","False","False","False","True","799","0x06001CCC"
"DolocTown.GuaranteedManager","IsValidResourceId","System.Boolean DolocTown.GuaranteedManager::IsValidResourceId(System.String)","System.Boolean","System.String id","private","False","False","False","False","True","21","0x06001CCD"
"DolocTown.GuaranteedManager","SpawnMonsterDropItems","System.Void DolocTown.GuaranteedManager::SpawnMonsterDropItems(DolocTown.Monster)","System.Void","DolocTown.Monster monster","public","False","False","False","False","True","430","0x06001CCE"
"DolocTown.GuaranteedManager","IsValidMonsterDropId","System.Boolean DolocTown.GuaranteedManager::IsValidMonsterDropId(System.String)","System.Boolean","System.String id","private","False","False","False","False","True","21","0x06001CCF"
"DolocTown.GuaranteedManager","<SpawnResourceDropItems>b__8_0","System.Boolean DolocTown.GuaranteedManager::<SpawnResourceDropItems>b__8_0(DolocTown.Config.Item.ItemSpawnData)","System.Boolean","DolocTown.Config.Item.ItemSpawnData spawnData","private","False","False","False","False","True","13","0x06001CD0"
"DolocTown.GuaranteedManager","<SpawnMonsterDropItems>b__10_0","System.Boolean DolocTown.GuaranteedManager::<SpawnMonsterDropItems>b__10_0(DolocTown.Config.Item.ItemSpawnData)","System.Boolean","DolocTown.Config.Item.ItemSpawnData spawnData","private","False","False","False","False","True","13","0x06001CD1"
"DolocTown.GuaranteedManager/<>c","<SpawnResourceDropItems>b__8_1","System.String DolocTown.GuaranteedManager/<>c::<SpawnResourceDropItems>b__8_1(DolocTown.CountItem)","System.String","DolocTown.CountItem x","internal","False","False","False","False","True","7","0x06009BA2"
"DolocTown.GuaranteedManager/<>c","<SpawnResourceDropItems>b__8_2","System.String DolocTown.GuaranteedManager/<>c::<SpawnResourceDropItems>b__8_2(DolocTown.Config.Item.ItemSpawnData)","System.String","DolocTown.Config.Item.ItemSpawnData x","internal","False","False","False","False","True","7","0x06009BA3"
"DolocTown.GuaranteedManager/<>c","<SpawnMonsterDropItems>b__10_1","System.String DolocTown.GuaranteedManager/<>c::<SpawnMonsterDropItems>b__10_1(DolocTown.CountItem)","System.String","DolocTown.CountItem x","internal","False","False","False","False","True","7","0x06009BA4"
"DolocTown.GuaranteedManager/<>c","<SpawnMonsterDropItems>b__10_2","System.String DolocTown.GuaranteedManager/<>c::<SpawnMonsterDropItems>b__10_2(DolocTown.Config.Item.ItemSpawnData)","System.String","DolocTown.Config.Item.ItemSpawnData x","internal","False","False","False","False","True","7","0x06009BA5"
"DolocTown.ResourceManager","get_unlockResources","System.Collections.Generic.HashSet`1<System.String> DolocTown.ResourceManager::get_unlockResources()","System.Collections.Generic.HashSet`1<System.String>","","public","False","False","False","False","True","7","0x06001CF8"
"DolocTown.ResourceManager","set_unlockResources","System.Void DolocTown.ResourceManager::set_unlockResources(System.Collections.Generic.HashSet`1<System.String>)","System.Void","System.Collections.Generic.HashSet`1<System.String> value","private","False","False","False","False","True","8","0x06001CF9"
"DolocTown.ResourceManager","get_unlockFishes","System.Collections.Generic.HashSet`1<System.String> DolocTown.ResourceManager::get_unlockFishes()","System.Collections.Generic.HashSet`1<System.String>","","public","False","False","False","False","True","7","0x06001CFA"
"DolocTown.ResourceManager","set_unlockFishes","System.Void DolocTown.ResourceManager::set_unlockFishes(System.Collections.Generic.HashSet`1<System.String>)","System.Void","System.Collections.Generic.HashSet`1<System.String> value","private","False","False","False","False","True","8","0x06001CFB"
"DolocTown.ResourceManager","get_unlockVegetation","System.Collections.Generic.HashSet`1<System.String> DolocTown.ResourceManager::get_unlockVegetation()","System.Collections.Generic.HashSet`1<System.String>","","public","False","False","False","False","True","7","0x06001CFC"
"DolocTown.ResourceManager","set_unlockVegetation","System.Void DolocTown.ResourceManager::set_unlockVegetation(System.Collections.Generic.HashSet`1<System.String>)","System.Void","System.Collections.Generic.HashSet`1<System.String> value","private","False","False","False","False","True","8","0x06001CFD"
"DolocTown.ResourceManager",".ctor","System.Void DolocTown.ResourceManager::.ctor(System.Collections.Generic.HashSet`1<System.String>,System.Collections.Generic.HashSet`1<System.String>,System.Collections.Generic.HashSet`1<System.String>)","System.Void","System.Collections.Generic.HashSet`1<System.String> unlockResources; System.Collections.Generic.HashSet`1<System.String> unlockFishes; System.Collections.Generic.HashSet`1<System.String> unlockVegetation","public","False","False","False","True","True","55","0x06001CFE"
"DolocTown.ResourceManager","UnlockResource","System.Void DolocTown.ResourceManager::UnlockResource(System.String)","System.Void","System.String resource","public","False","False","False","False","True","14","0x06001CFF"
"DolocTown.ResourceManager","UnlockFish","System.Void DolocTown.ResourceManager::UnlockFish(System.String)","System.Void","System.String name","public","False","False","False","False","True","14","0x06001D00"
"DolocTown.ResourceManager","LockFish","System.Void DolocTown.ResourceManager::LockFish(System.String)","System.Void","System.String name","public","False","False","False","False","True","14","0x06001D01"
"DolocTown.ResourceManager","UnlockVegetation","System.Void DolocTown.ResourceManager::UnlockVegetation(System.String)","System.Void","System.String name","public","False","False","False","False","True","14","0x06001D02"
"DolocTown.ResourceManager","LockVegetation","System.Void DolocTown.ResourceManager::LockVegetation(System.String)","System.Void","System.String name","public","False","False","False","False","True","14","0x06001D03"
"DolocTown.ResourceManager","CheckResourceUnlocked","System.Boolean DolocTown.ResourceManager::CheckResourceUnlocked(System.String)","System.Boolean","System.String name","public","False","False","False","False","True","45","0x06001D04"
"DolocTown.ResourceManager","CheckFishUnlocked","System.Boolean DolocTown.ResourceManager::CheckFishUnlocked(System.String)","System.Boolean","System.String name","public","False","False","False","False","True","102","0x06001D05"
"DolocTown.ResourceManager","CheckVegetationUnlocked","System.Boolean DolocTown.ResourceManager::CheckVegetationUnlocked(System.String)","System.Boolean","System.String name","public","False","False","False","False","True","45","0x06001D06"
"DolocTown.Vegetation","get_VegetationName","System.String DolocTown.Vegetation::get_VegetationName()","System.String","","public","False","False","False","False","True","12","0x06001D0A"
"DolocTown.Vegetation","get_generateDrop","System.Boolean DolocTown.Vegetation::get_generateDrop()","System.Boolean","","protected","False","True","False","False","True","2","0x06001D0B"
"DolocTown.Vegetation","get_isRender","System.Boolean DolocTown.Vegetation::get_isRender()","System.Boolean","","public","False","False","False","False","True","13","0x06001D0C"
"DolocTown.Vegetation","get_Host","DolocTown.IVegetationHost DolocTown.Vegetation::get_Host()","DolocTown.IVegetationHost","","public","False","False","False","False","True","7","0x06001D0D"
"DolocTown.Vegetation","set_Host","System.Void DolocTown.Vegetation::set_Host(DolocTown.IVegetationHost)","System.Void","DolocTown.IVegetationHost value","public","False","False","False","False","True","8","0x06001D0E"
"DolocTown.Vegetation","get_Renderer","DolocTown.VegetationRenderer DolocTown.Vegetation::get_Renderer()","DolocTown.VegetationRenderer","","public","False","False","False","False","True","7","0x06001D0F"
"DolocTown.Vegetation","set_Renderer","System.Void DolocTown.Vegetation::set_Renderer(DolocTown.VegetationRenderer)","System.Void","DolocTown.VegetationRenderer value","public","False","False","False","False","True","8","0x06001D10"
"DolocTown.Vegetation","get_CurrentSprite","UnityEngine.Sprite DolocTown.Vegetation::get_CurrentSprite()","UnityEngine.Sprite","","public","False","True","True","False","False","0","0x06001D11"
"DolocTown.Vegetation","get_isValid","System.Boolean DolocTown.Vegetation::get_isValid()","System.Boolean","","public","False","False","False","False","True","10","0x06001D12"
"DolocTown.Vegetation","CalLayerPositions","System.Collections.Generic.Dictionary`2<DolocTown.TerrainLayerName,UnityEngine.Vector2Int[]> DolocTown.Vegetation::CalLayerPositions(UnityEngine.Vector2Int)","System.Collections.Generic.Dictionary`2<DolocTown.TerrainLayerName,UnityEngine.Vector2Int[]>","UnityEngine.Vector2Int anchor","protected","False","True","False","False","True","31","0x06001D13"
"DolocTown.Vegetation",".ctor","System.Void DolocTown.Vegetation::.ctor(DolocTown.Config.Resource.VegetationInfo,UnityEngine.Vector2Int,UnityEngine.Vector3,UnityEngine.Vector2Int[])","System.Void","DolocTown.Config.Resource.VegetationInfo proto; UnityEngine.Vector2Int anchor; UnityEngine.Vector3 position; UnityEngine.Vector2Int[] cvPositions","public","False","False","False","True","True","17","0x06001D14"
"DolocTown.Vegetation",".ctor","System.Void DolocTown.Vegetation::.ctor(System.Int32,UnityEngine.Vector2Int,UnityEngine.Vector3,System.String)","System.Void","System.Int32 index; UnityEngine.Vector2Int anchor; UnityEngine.Vector3 position; System.String vegetationName","protected","False","False","False","True","True","24","0x06001D15"
"DolocTown.Vegetation","ValidateDeserialization","System.Boolean DolocTown.Vegetation::ValidateDeserialization()","System.Boolean","","protected","False","True","False","False","True","10","0x06001D16"
"DolocTown.Vegetation","UpdatePerTu","System.Void DolocTown.Vegetation::UpdatePerTu()","System.Void","","public","False","True","False","False","True","1","0x06001D17"
"DolocTown.Vegetation","UpdatePerTuNoRender","System.Void DolocTown.Vegetation::UpdatePerTuNoRender()","System.Void","","public","False","True","False","False","True","1","0x06001D18"
"DolocTown.Vegetation","OnRender","System.Void DolocTown.Vegetation::OnRender()","System.Void","","public","False","True","False","False","True","1","0x06001D19"
"DolocTown.Vegetation","OnUnRender","System.Void DolocTown.Vegetation::OnUnRender()","System.Void","","public","False","True","False","False","True","1","0x06001D1A"
"DolocTown.Vegetation","RandomInitState","System.Void DolocTown.Vegetation::RandomInitState()","System.Void","","public","False","True","False","False","True","1","0x06001D1B"
"DolocTown.Vegetation","get_OnlyTouch","System.Boolean DolocTown.Vegetation::get_OnlyTouch()","System.Boolean","","public","False","True","False","False","True","2","0x06001D1C"
"DolocTown.Vegetation","get_CanInteractContinues","System.Boolean DolocTown.Vegetation::get_CanInteractContinues()","System.Boolean","","public","False","False","False","False","True","2","0x06001D1D"
"DolocTown.Vegetation","get_DisableAfterInteract","System.Boolean DolocTown.Vegetation::get_DisableAfterInteract()","System.Boolean","","public","False","True","False","False","True","2","0x06001D1E"
"DolocTown.Vegetation","get_PositionTip","UnityEngine.Vector2 DolocTown.Vegetation::get_PositionTip()","UnityEngine.Vector2","","public","False","False","False","False","True","75","0x06001D1F"
"DolocTown.Vegetation","OnTouch","System.Void DolocTown.Vegetation::OnTouch()","System.Void","","public","False","True","False","False","True","13","0x06001D20"
"DolocTown.Vegetation","OnDisTouch","System.Void DolocTown.Vegetation::OnDisTouch()","System.Void","","public","False","True","False","False","True","1","0x06001D21"
"DolocTown.Vegetation","OnInteract","System.Void DolocTown.Vegetation::OnInteract()","System.Void","","public","False","True","False","False","True","1","0x06001D22"
"DolocTown.Vegetation","ShowTip","System.Void DolocTown.Vegetation::ShowTip(System.String,System.String)","System.Void","System.String label; System.String key","protected","False","False","False","False","True","15","0x06001D23"
"DolocTown.Vegetation","HideTip","System.Void DolocTown.Vegetation::HideTip()","System.Void","","protected","False","False","False","False","True","7","0x06001D24"
"DolocTown.Vegetation","PushTip","System.Void DolocTown.Vegetation::PushTip()","System.Void","","protected","False","False","False","False","True","7","0x06001D25"
"DolocTown.Vegetation","PushTipToDisappear","System.Void DolocTown.Vegetation::PushTipToDisappear()","System.Void","","protected","False","False","False","False","True","7","0x06001D26"
"DolocTown.Vegetation","OnAttack","System.Boolean DolocTown.Vegetation::OnAttack(System.Single,System.Boolean,UnityEngine.Vector2)","System.Boolean","System.Single attack; System.Boolean isCritical; UnityEngine.Vector2 pos","public","False","True","False","False","True","2","0x06001D27"
"DolocTown.Vegetation","OnFell","System.Boolean DolocTown.Vegetation::OnFell(DolocTown.ItemTool,UnityEngine.Vector2)","System.Boolean","DolocTown.ItemTool tool; UnityEngine.Vector2 hitPoint","public","False","True","False","False","True","40","0x06001D28"
"DolocTown.Vegetation","OnMonsterTouch","System.Void DolocTown.Vegetation::OnMonsterTouch(UnityEngine.Vector2)","System.Void","UnityEngine.Vector2 pos","public","False","True","False","False","True","13","0x06001D29"
"DolocTown.Vegetation","OnMonsterDisTouch","System.Void DolocTown.Vegetation::OnMonsterDisTouch(UnityEngine.Vector2)","System.Void","UnityEngine.Vector2 pos","public","False","True","False","False","True","1","0x06001D2A"
"DolocTown.Vegetation","OnWindBlow","System.Void DolocTown.Vegetation::OnWindBlow(UnityEngine.Vector2)","System.Void","UnityEngine.Vector2 pos","public","False","True","False","False","True","12","0x06001D2B"
"DolocTown.Vegetation","OnBomb","System.Void DolocTown.Vegetation::OnBomb(System.Single,System.Boolean,UnityEngine.Vector2)","System.Void","System.Single damage; System.Boolean ctr; UnityEngine.Vector2 pos","public","False","True","False","False","True","28","0x06001D2C"
"DolocTown.Vegetation","CheckToolConstraints","System.Boolean DolocTown.Vegetation::CheckToolConstraints(DolocTown.ItemTool)","System.Boolean","DolocTown.ItemTool tool","protected","False","False","False","False","True","36","0x06001D2D"
"DolocTown.Vegetation","CheckGrowingMonth","System.Boolean DolocTown.Vegetation::CheckGrowingMonth()","System.Boolean","","protected","False","False","False","False","True","52","0x06001D2E"
"DolocTown.Vegetation","GenerateDropItems","System.Void DolocTown.Vegetation::GenerateDropItems()","System.Void","","protected","False","False","False","False","True","41","0x06001D2F"
"DolocTown.Vegetation","RaiseInstantPSEffects","System.Void DolocTown.Vegetation::RaiseInstantPSEffects(System.String,UnityEngine.Vector2)","System.Void","System.String effect; UnityEngine.Vector2 pos","protected","False","False","False","False","True","19","0x06001D30"
"DolocTown.Vegetation","SendGatherMessage","System.Void DolocTown.Vegetation::SendGatherMessage()","System.Void","","protected","False","False","False","False","True","43","0x06001D31"
"DolocTown.VegetationBerryThicket",".ctor","System.Void DolocTown.VegetationBerryThicket::.ctor(DolocTown.Config.Resource.VegetationInfo,UnityEngine.Vector2Int,UnityEngine.Vector3,UnityEngine.Vector2Int[])","System.Void","DolocTown.Config.Resource.VegetationInfo proto; UnityEngine.Vector2Int anchor; UnityEngine.Vector3 position; UnityEngine.Vector2Int[] cvPositions","public","False","False","False","True","True","12","0x06001D32"
"DolocTown.VegetationBerryThicket",".ctor","System.Void DolocTown.VegetationBerryThicket::.ctor(System.Int32,UnityEngine.Vector2Int,UnityEngine.Vector3,System.String,System.Int32,System.Int32,System.Int32)","System.Void","System.Int32 index; UnityEngine.Vector2Int anchor; UnityEngine.Vector3 position; System.String vegetationName; System.Int32 currentLevel; System.Int32 currentGrowth; System.Int32 randomSeed","public","False","False","False","True","True","18","0x06001D33"
"DolocTown.VegetationBerryThicket","get_OnlyTouch","System.Boolean DolocTown.VegetationBerryThicket::get_OnlyTouch()","System.Boolean","","public","False","True","False","False","True","15","0x06001D34"
"DolocTown.VegetationBerryThicket","OnTouch","System.Void DolocTown.VegetationBerryThicket::OnTouch()","System.Void","","public","False","True","False","False","True","54","0x06001D35"
"DolocTown.VegetationBerryThicket","OnDisTouch","System.Void DolocTown.VegetationBerryThicket::OnDisTouch()","System.Void","","public","False","True","False","False","True","19","0x06001D36"
"DolocTown.VegetationBerryThicket","OnInteract","System.Void DolocTown.VegetationBerryThicket::OnInteract()","System.Void","","public","False","True","False","False","True","43","0x06001D37"
"DolocTown.VegetationBerryThicket","OnBomb","System.Void DolocTown.VegetationBerryThicket::OnBomb(System.Single,System.Boolean,UnityEngine.Vector2)","System.Void","System.Single damage; System.Boolean ctr; UnityEngine.Vector2 pos","public","False","True","False","False","True","33","0x06001D38"
"DolocTown.VegetationBerryThicket","OnMonsterTouch","System.Void DolocTown.VegetationBerryThicket::OnMonsterTouch(UnityEngine.Vector2)","System.Void","UnityEngine.Vector2 pos","public","False","True","False","False","True","20","0x06001D39"
"DolocTown.VegetationBerryThicket","<OnInteract>b__6_0","System.Void DolocTown.VegetationBerryThicket::<OnInteract>b__6_0()","System.Void","","private","False","False","False","False","True","57","0x06001D3A"
"DolocTown.VegetationCrop",".ctor","System.Void DolocTown.VegetationCrop::.ctor(DolocTown.Config.Resource.VegetationInfo,UnityEngine.Vector2Int,UnityEngine.Vector3,UnityEngine.Vector2Int[])","System.Void","DolocTown.Config.Resource.VegetationInfo proto; UnityEngine.Vector2Int anchor; UnityEngine.Vector3 position; UnityEngine.Vector2Int[] cvPositions","public","False","False","False","True","True","12","0x06001D3B"
"DolocTown.VegetationCrop",".ctor","System.Void DolocTown.VegetationCrop::.ctor(System.Int32,UnityEngine.Vector2Int,UnityEngine.Vector3,System.String,System.Int32,System.Int32,System.Int32)","System.Void","System.Int32 index; UnityEngine.Vector2Int anchor; UnityEngine.Vector3 position; System.String vegetationName; System.Int32 currentLevel; System.Int32 currentGrowth; System.Int32 randomSeed","public","False","False","False","True","True","18","0x06001D3C"
"DolocTown.VegetationCrop","get_OnlyTouch","System.Boolean DolocTown.VegetationCrop::get_OnlyTouch()","System.Boolean","","public","False","True","False","False","True","2","0x06001D3D"
"DolocTown.VegetationCrop","OnTouch","System.Void DolocTown.VegetationCrop::OnTouch()","System.Void","","public","False","True","False","False","True","62","0x06001D3E"
"DolocTown.VegetationCrop","OnDisTouch","System.Void DolocTown.VegetationCrop::OnDisTouch()","System.Void","","public","False","True","False","False","True","13","0x06001D3F"
"DolocTown.VegetationCrop","OnInteract","System.Void DolocTown.VegetationCrop::OnInteract()","System.Void","","public","False","True","False","False","True","43","0x06001D40"
"DolocTown.VegetationCrop","OnMonsterTouch","System.Void DolocTown.VegetationCrop::OnMonsterTouch(UnityEngine.Vector2)","System.Void","UnityEngine.Vector2 pos","public","False","True","False","False","True","15","0x06001D41"
"DolocTown.VegetationCrop","OnMonsterDisTouch","System.Void DolocTown.VegetationCrop::OnMonsterDisTouch(UnityEngine.Vector2)","System.Void","UnityEngine.Vector2 pos","public","False","True","False","False","True","15","0x06001D42"
"DolocTown.VegetationCrop","OnBomb","System.Void DolocTown.VegetationCrop::OnBomb(System.Single,System.Boolean,UnityEngine.Vector2)","System.Void","System.Single damage; System.Boolean ctr; UnityEngine.Vector2 pos","public","False","True","False","False","True","86","0x06001D43"
"DolocTown.VegetationCrop","<OnInteract>b__6_0","System.Void DolocTown.VegetationCrop::<OnInteract>b__6_0()","System.Void","","private","False","False","False","False","True","84","0x06001D44"
"DolocTown.VegetationDandelion","get_generateDrop","System.Boolean DolocTown.VegetationDandelion::get_generateDrop()","System.Boolean","","protected","False","True","False","False","True","2","0x06001D45"
"DolocTown.VegetationDandelion","get_FuncDandelion","DolocTown.Config.Resource.VegetationFuncDandelion DolocTown.VegetationDandelion::get_FuncDandelion()","DolocTown.Config.Resource.VegetationFuncDandelion","","protected","False","False","False","False","True","17","0x06001D46"
"DolocTown.VegetationDandelion","get_hasTouched","System.Boolean DolocTown.VegetationDandelion::get_hasTouched()","System.Boolean","","private","False","False","False","False","True","15","0x06001D47"
"DolocTown.VegetationDandelion",".ctor","System.Void DolocTown.VegetationDandelion::.ctor(DolocTown.Config.Resource.VegetationInfo,UnityEngine.Vector2Int,UnityEngine.Vector3,UnityEngine.Vector2Int[])","System.Void","DolocTown.Config.Resource.VegetationInfo proto; UnityEngine.Vector2Int anchor; UnityEngine.Vector3 position; UnityEngine.Vector2Int[] cvPositions","public","False","False","False","True","True","12","0x06001D48"
"DolocTown.VegetationDandelion",".ctor","System.Void DolocTown.VegetationDandelion::.ctor(System.Int32,UnityEngine.Vector2Int,UnityEngine.Vector3,System.String,System.Int32,System.Int32,System.Int32)","System.Void","System.Int32 index; UnityEngine.Vector2Int anchor; UnityEngine.Vector3 position; System.String vegetationName; System.Int32 currentLevel; System.Int32 currentGrowth; System.Int32 randomSeed","public","False","False","False","True","True","18","0x06001D49"
"DolocTown.VegetationDandelion","OnTouch","System.Void DolocTown.VegetationDandelion::OnTouch()","System.Void","","public","False","True","False","False","True","13","0x06001D4A"
"DolocTown.VegetationDandelion","OnFell","System.Boolean DolocTown.VegetationDandelion::OnFell(DolocTown.ItemTool,UnityEngine.Vector2)","System.Boolean","DolocTown.ItemTool tool; UnityEngine.Vector2 hitPoint","public","False","True","False","False","True","59","0x06001D4B"
"DolocTown.VegetationDandelion","OnWindBlow","System.Void DolocTown.VegetationDandelion::OnWindBlow(UnityEngine.Vector2)","System.Void","UnityEngine.Vector2 pos","public","False","True","False","False","True","14","0x06001D4C"
"DolocTown.VegetationDandelion","OnBomb","System.Void DolocTown.VegetationDandelion::OnBomb(System.Single,System.Boolean,UnityEngine.Vector2)","System.Void","System.Single damage; System.Boolean ctr; UnityEngine.Vector2 pos","public","False","True","False","False","True","22","0x06001D4D"
"DolocTown.VegetationDandelion","OnMonsterTouch","System.Void DolocTown.VegetationDandelion::OnMonsterTouch(UnityEngine.Vector2)","System.Void","UnityEngine.Vector2 pos","public","False","True","False","False","True","14","0x06001D4E"
"DolocTown.VegetationDandelion","FellingEffect","System.Void DolocTown.VegetationDandelion::FellingEffect()","System.Void","","private","False","False","False","False","True","62","0x06001D4F"
"DolocTown.VegetationDandelion","Touched","System.Void DolocTown.VegetationDandelion::Touched()","System.Void","","private","False","False","False","False","True","60","0x06001D50"
"DolocTown.VegetationDecorator","get_Func","DolocTown.Config.Resource.VegetationFuncDecorator DolocTown.VegetationDecorator::get_Func()","DolocTown.Config.Resource.VegetationFuncDecorator","","private","False","False","False","False","True","17","0x06001D51"
"DolocTown.VegetationDecorator","get_CurrentSprite","UnityEngine.Sprite DolocTown.VegetationDecorator::get_CurrentSprite()","UnityEngine.Sprite","","public","False","True","False","False","True","24","0x06001D52"
"DolocTown.VegetationDecorator",".ctor","System.Void DolocTown.VegetationDecorator::.ctor(DolocTown.Config.Resource.VegetationInfo,UnityEngine.Vector2Int,UnityEngine.Vector3,UnityEngine.Vector2Int[])","System.Void","DolocTown.Config.Resource.VegetationInfo proto; UnityEngine.Vector2Int anchor; UnityEngine.Vector3 position; UnityEngine.Vector2Int[] cvPositions","public","False","False","False","True","True","37","0x06001D53"
"DolocTown.VegetationDecorator",".ctor","System.Void DolocTown.VegetationDecorator::.ctor(System.Int32,UnityEngine.Vector2Int,UnityEngine.Vector3,System.String,System.Int32)","System.Void","System.Int32 index; UnityEngine.Vector2Int anchor; UnityEngine.Vector3 position; System.String vegetationName; System.Int32 skinIdx","public","False","False","False","True","True","41","0x06001D54"
"DolocTown.VegetationGrow","get_Func","DolocTown.Config.Resource.VegetationFuncGrowBase DolocTown.VegetationGrow::get_Func()","DolocTown.Config.Resource.VegetationFuncGrowBase","","protected","False","False","False","False","True","17","0x06001D55"
"DolocTown.VegetationGrow","get_CurrentSprite","UnityEngine.Sprite DolocTown.VegetationGrow::get_CurrentSprite()","UnityEngine.Sprite","","public","False","True","False","False","True","24","0x06001D56"
"DolocTown.VegetationGrow","get_maxLevel","System.Int32 DolocTown.VegetationGrow::get_maxLevel()","System.Int32","","protected","False","False","False","False","True","21","0x06001D57"
"DolocTown.VegetationGrow","get_generateDrop","System.Boolean DolocTown.VegetationGrow::get_generateDrop()","System.Boolean","","protected","False","True","False","False","True","15","0x06001D58"
"DolocTown.VegetationGrow","get_currentLevel","System.Int32 DolocTown.VegetationGrow::get_currentLevel()","System.Int32","","public","False","False","False","False","True","7","0x06001D59"
"DolocTown.VegetationGrow","set_currentLevel","System.Void DolocTown.VegetationGrow::set_currentLevel(System.Int32)","System.Void","System.Int32 value","private","False","False","False","False","True","8","0x06001D5A"
"DolocTown.VegetationGrow","get_currentGrowth","System.Int32 DolocTown.VegetationGrow::get_currentGrowth()","System.Int32","","public","False","False","False","False","True","7","0x06001D5B"
"DolocTown.VegetationGrow","set_currentGrowth","System.Void DolocTown.VegetationGrow::set_currentGrowth(System.Int32)","System.Void","System.Int32 value","private","False","False","False","False","True","8","0x06001D5C"
"DolocTown.VegetationGrow",".ctor","System.Void DolocTown.VegetationGrow::.ctor(DolocTown.Config.Resource.VegetationInfo,UnityEngine.Vector2Int,UnityEngine.Vector3,UnityEngine.Vector2Int[])","System.Void","DolocTown.Config.Resource.VegetationInfo proto; UnityEngine.Vector2Int anchor; UnityEngine.Vector3 position; UnityEngine.Vector2Int[] cvPositions","public","False","False","False","True","True","41","0x06001D5D"
"DolocTown.VegetationGrow",".ctor","System.Void DolocTown.VegetationGrow::.ctor(System.Int32,UnityEngine.Vector2Int,UnityEngine.Vector3,System.String,System.Int32,System.Int32,System.Int32)","System.Void","System.Int32 index; UnityEngine.Vector2Int anchor; UnityEngine.Vector3 position; System.String vegetationName; System.Int32 currentLevel; System.Int32 currentGrowth; System.Int32 randomSeed","public","False","False","False","True","True","53","0x06001D5E"
"DolocTown.VegetationGrow","RandomInitState","System.Void DolocTown.VegetationGrow::RandomInitState()","System.Void","","public","False","True","False","False","True","45","0x06001D5F"
"DolocTown.VegetationGrow","UpdatePerTu","System.Void DolocTown.VegetationGrow::UpdatePerTu()","System.Void","","public","False","True","False","False","True","16","0x06001D60"
"DolocTown.VegetationGrow","UpdatePerTuNoRender","System.Void DolocTown.VegetationGrow::UpdatePerTuNoRender()","System.Void","","public","False","True","False","False","True","16","0x06001D61"
"DolocTown.VegetationGrow","Grow","System.Void DolocTown.VegetationGrow::Grow(System.Boolean)","System.Void","System.Boolean useTween","public","False","False","False","False","True","63","0x06001D62"
"DolocTown.VegetationGrow","ReGrow","System.Void DolocTown.VegetationGrow::ReGrow()","System.Void","","protected","False","False","False","False","True","38","0x06001D63"
"DolocTown.VegetationGrow","SetGrowthLevel","System.Void DolocTown.VegetationGrow::SetGrowthLevel(System.Int32,System.Boolean)","System.Void","System.Int32 growthLevel; System.Boolean useTween","protected","False","True","False","False","True","82","0x06001D64"
"DolocTown.VegetationGrow","RevertRandomValues","System.Void DolocTown.VegetationGrow::RevertRandomValues(System.Int32)","System.Void","System.Int32 seed","private","False","False","False","False","True","60","0x06001D65"
"DolocTown.VegetationGrowLuminous","get_GrowLuminousFunc","DolocTown.Config.Resource.VegetationFuncGrowLuminous DolocTown.VegetationGrowLuminous::get_GrowLuminousFunc()","DolocTown.Config.Resource.VegetationFuncGrowLuminous","","private","False","False","False","False","True","17","0x06001D66"
"DolocTown.VegetationGrowLuminous",".ctor","System.Void DolocTown.VegetationGrowLuminous::.ctor(DolocTown.Config.Resource.VegetationInfo,UnityEngine.Vector2Int,UnityEngine.Vector3,UnityEngine.Vector2Int[])","System.Void","DolocTown.Config.Resource.VegetationInfo proto; UnityEngine.Vector2Int anchor; UnityEngine.Vector3 position; UnityEngine.Vector2Int[] cvPositions","public","False","False","False","True","True","12","0x06001D67"
"DolocTown.VegetationGrowLuminous",".ctor","System.Void DolocTown.VegetationGrowLuminous::.ctor(System.Int32,UnityEngine.Vector2Int,UnityEngine.Vector3,System.String,System.Int32,System.Int32,System.Int32)","System.Void","System.Int32 index; UnityEngine.Vector2Int anchor; UnityEngine.Vector3 position; System.String vegetationName; System.Int32 currentLevel; System.Int32 currentGrowth; System.Int32 randomSeed","public","False","False","False","True","True","18","0x06001D68"
"DolocTown.VegetationGrowLuminous","OnRender","System.Void DolocTown.VegetationGrowLuminous::OnRender()","System.Void","","public","False","True","False","False","True","61","0x06001D69"
"DolocTown.VegetationGrowLuminous","OnUnRender","System.Void DolocTown.VegetationGrowLuminous::OnUnRender()","System.Void","","public","False","True","False","False","True","19","0x06001D6A"
"DolocTown.VegetationGrowLuminous","UpdatePerTu","System.Void DolocTown.VegetationGrowLuminous::UpdatePerTu()","System.Void","","public","False","True","False","False","True","14","0x06001D6B"
"DolocTown.VegetationGrowLuminous","get_OnlyTouch","System.Boolean DolocTown.VegetationGrowLuminous::get_OnlyTouch()","System.Boolean","","public","False","True","False","False","True","15","0x06001D6C"
"DolocTown.VegetationGrowLuminous","OnTouch","System.Void DolocTown.VegetationGrowLuminous::OnTouch()","System.Void","","public","False","True","False","False","True","54","0x06001D6D"
"DolocTown.VegetationGrowLuminous","OnDisTouch","System.Void DolocTown.VegetationGrowLuminous::OnDisTouch()","System.Void","","public","False","True","False","False","True","19","0x06001D6E"
"DolocTown.VegetationGrowLuminous","OnInteract","System.Void DolocTown.VegetationGrowLuminous::OnInteract()","System.Void","","public","False","True","False","False","True","43","0x06001D6F"
"DolocTown.VegetationGrowLuminous","SetGrowthLevel","System.Void DolocTown.VegetationGrowLuminous::SetGrowthLevel(System.Int32,System.Boolean)","System.Void","System.Int32 growthLevel; System.Boolean useTween","protected","False","True","False","False","True","62","0x06001D70"
"DolocTown.VegetationGrowLuminous","OnBomb","System.Void DolocTown.VegetationGrowLuminous::OnBomb(System.Single,System.Boolean,UnityEngine.Vector2)","System.Void","System.Single damage; System.Boolean ctr; UnityEngine.Vector2 pos","public","False","True","False","False","True","16","0x06001D71"
"DolocTown.VegetationGrowLuminous","OnLightParamChanged","System.Void DolocTown.VegetationGrowLuminous::OnLightParamChanged(System.Boolean)","System.Void","System.Boolean isInitial","public","False","True","False","False","True","132","0x06001D72"
"DolocTown.VegetationGrowLuminous","TurnOn","System.Void DolocTown.VegetationGrowLuminous::TurnOn(System.Boolean)","System.Void","System.Boolean isInitial","public","False","True","False","False","True","34","0x06001D73"
"DolocTown.VegetationGrowLuminous","TurnOff","System.Void DolocTown.VegetationGrowLuminous::TurnOff(System.Boolean)","System.Void","System.Boolean isInitial","public","False","True","False","False","True","34","0x06001D74"
"DolocTown.VegetationGrowLuminous","<OnInteract>b__13_0","System.Void DolocTown.VegetationGrowLuminous::<OnInteract>b__13_0()","System.Void","","private","False","False","False","False","True","40","0x06001D75"
"DolocTown.VegetationLuminous","get_Func","DolocTown.Config.Resource.VegetationFuncLuminous DolocTown.VegetationLuminous::get_Func()","DolocTown.Config.Resource.VegetationFuncLuminous","","private","False","False","False","False","True","17","0x06001D76"
"DolocTown.VegetationLuminous","get_CurrentSprite","UnityEngine.Sprite DolocTown.VegetationLuminous::get_CurrentSprite()","UnityEngine.Sprite","","public","False","True","False","False","True","17","0x06001D77"
"DolocTown.VegetationLuminous",".ctor","System.Void DolocTown.VegetationLuminous::.ctor(DolocTown.Config.Resource.VegetationInfo,UnityEngine.Vector2Int,UnityEngine.Vector3,UnityEngine.Vector2Int[])","System.Void","DolocTown.Config.Resource.VegetationInfo proto; UnityEngine.Vector2Int anchor; UnityEngine.Vector3 position; UnityEngine.Vector2Int[] cvPositions","public","False","False","False","True","True","12","0x06001D78"
"DolocTown.VegetationLuminous",".ctor","System.Void DolocTown.VegetationLuminous::.ctor(System.Int32,UnityEngine.Vector2Int,UnityEngine.Vector3,System.String)","System.Void","System.Int32 index; UnityEngine.Vector2Int anchor; UnityEngine.Vector3 position; System.String vegetationName","public","False","False","False","True","True","12","0x06001D79"
"DolocTown.VegetationLuminous","OnRender","System.Void DolocTown.VegetationLuminous::OnRender()","System.Void","","public","False","True","False","False","True","129","0x06001D7A"
"DolocTown.VegetationLuminous","OnUnRender","System.Void DolocTown.VegetationLuminous::OnUnRender()","System.Void","","public","False","True","False","False","True","56","0x06001D7B"
"DolocTown.VegetationLuminous","UpdatePerTu","System.Void DolocTown.VegetationLuminous::UpdatePerTu()","System.Void","","public","False","True","False","False","True","8","0x06001D7C"
"DolocTown.VegetationLuminous","OnLightParamChanged","System.Void DolocTown.VegetationLuminous::OnLightParamChanged(System.Boolean)","System.Void","System.Boolean isInitial","public","False","True","False","False","True","124","0x06001D7D"
"DolocTown.VegetationLuminous","TurnOn","System.Void DolocTown.VegetationLuminous::TurnOn(System.Boolean)","System.Void","System.Boolean isInitial","public","False","True","False","False","True","61","0x06001D7E"
"DolocTown.VegetationLuminous","TurnOff","System.Void DolocTown.VegetationLuminous::TurnOff(System.Boolean)","System.Void","System.Boolean isInitial","public","False","True","False","False","True","69","0x06001D7F"
"DolocTown.VegetationLuminous","OnTouch","System.Void DolocTown.VegetationLuminous::OnTouch()","System.Void","","public","False","True","False","False","True","7","0x06001D80"
"DolocTown.VegetationLuminous","OnWindBlow","System.Void DolocTown.VegetationLuminous::OnWindBlow(UnityEngine.Vector2)","System.Void","UnityEngine.Vector2 pos","public","False","True","False","False","True","52","0x06001D81"
"DolocTown.VegetationLuminous","OnBomb","System.Void DolocTown.VegetationLuminous::OnBomb(System.Single,System.Boolean,UnityEngine.Vector2)","System.Void","System.Single damage; System.Boolean ctr; UnityEngine.Vector2 pos","public","False","True","False","False","True","54","0x06001D82"
"DolocTown.VegetationLuminous","OnMonsterTouch","System.Void DolocTown.VegetationLuminous::OnMonsterTouch(UnityEngine.Vector2)","System.Void","UnityEngine.Vector2 pos","public","False","True","False","False","True","7","0x06001D83"
"DolocTown.VegetationLuminous","TouchEffect","System.Void DolocTown.VegetationLuminous::TouchEffect()","System.Void","","private","False","False","False","False","True","57","0x06001D84"
"DolocTown.VegetationManager","LoadVegetationEntityTypes","System.Collections.Generic.Dictionary`2<System.String,System.Type> DolocTown.VegetationManager::LoadVegetationEntityTypes()","System.Collections.Generic.Dictionary`2<System.String,System.Type>","","private","True","False","False","False","True","160","0x06001D85"
"DolocTown.VegetationManager","get_CounterGenerator","RedSaw.Counter DolocTown.VegetationManager::get_CounterGenerator()","RedSaw.Counter","","public","False","False","False","False","True","7","0x06001D86"
"DolocTown.VegetationManager",".ctor","System.Void DolocTown.VegetationManager::.ctor()","System.Void","","public","False","False","False","True","True","29","0x06001D87"
"DolocTown.VegetationManager",".ctor","System.Void DolocTown.VegetationManager::.ctor(RedSaw.IndexList`1<DolocTown.Vegetation>,RedSaw.Counter,RedSaw.Counter)","System.Void","RedSaw.IndexList`1<DolocTown.Vegetation> datas; RedSaw.Counter counterGrow; RedSaw.Counter counterGenerator","public","False","False","False","True","True","62","0x06001D88"
"DolocTown.VegetationManager","get_ResourceCount","System.Collections.Generic.Dictionary`2<System.String,System.Int32> DolocTown.VegetationManager::get_ResourceCount()","System.Collections.Generic.Dictionary`2<System.String,System.Int32>","","public","False","False","False","False","True","90","0x06001D89"
"DolocTown.VegetationManager","CreateVegetation","DolocTown.Vegetation DolocTown.VegetationManager::CreateVegetation(DolocTown.Config.Resource.VegetationInfo,UnityEngine.Vector2Int,UnityEngine.Vector3)","DolocTown.Vegetation","DolocTown.Config.Resource.VegetationInfo proto; UnityEngine.Vector2Int anchor; UnityEngine.Vector3 position","public","False","False","False","False","True","114","0x06001D8A"
"DolocTown.VegetationManager","UpdatePerTu","System.Void DolocTown.VegetationManager::UpdatePerTu()","System.Void","","public","False","False","False","False","True","60","0x06001D8B"
"DolocTown.VegetationManager","UpdatePerTuNoRender","System.Void DolocTown.VegetationManager::UpdatePerTuNoRender()","System.Void","","public","False","False","False","False","True","60","0x06001D8C"
"DolocTown.VegetationManager","RefreshCounterInterval","System.Void DolocTown.VegetationManager::RefreshCounterInterval()","System.Void","","public","False","False","False","False","True","51","0x06001D8D"
"DolocTown.VegetationManager","UpdateLuminousPlantState","System.Void DolocTown.VegetationManager::UpdateLuminousPlantState()","System.Void","","public","False","False","False","False","True","57","0x06001D8E"
"DolocTown.VegetationManager",".cctor","System.Void DolocTown.VegetationManager::.cctor()","System.Void","","private","True","False","False","True","True","11","0x06001D8F"
"DolocTown.VegetationManager/<>c__DisplayClass1_0",".ctor","System.Void DolocTown.VegetationManager/<>c__DisplayClass1_0::.ctor()","System.Void","","public","False","False","False","True","True","7","0x06009BA6"
"DolocTown.VegetationManager/<>c__DisplayClass1_0","<LoadVegetationEntityTypes>b__0","System.Boolean DolocTown.VegetationManager/<>c__DisplayClass1_0::<LoadVegetationEntityTypes>b__0(System.Type)","System.Boolean","System.Type x","internal","False","False","False","False","True","13","0x06009BA7"
"DolocTown.VegetationManager/<>c",".cctor","System.Void DolocTown.VegetationManager/<>c::.cctor()","System.Void","","private","True","False","False","True","True","11","0x06009BA8"
"DolocTown.VegetationManager/<>c",".ctor","System.Void DolocTown.VegetationManager/<>c::.ctor()","System.Void","","public","False","False","False","True","True","7","0x06009BA9"
"DolocTown.VegetationManager/<>c","<LoadVegetationEntityTypes>b__1_1","System.Boolean DolocTown.VegetationManager/<>c::<LoadVegetationEntityTypes>b__1_1(System.Type)","System.Boolean","System.Type x","internal","False","False","False","False","True","10","0x06009BAA"
"DolocTown.VegetationRenderer","get_Sr","UnityEngine.SpriteRenderer DolocTown.VegetationRenderer::get_Sr()","UnityEngine.SpriteRenderer","","public","False","False","False","False","True","7","0x06001D90"
"DolocTown.VegetationRenderer","set_Sr","System.Void DolocTown.VegetationRenderer::set_Sr(UnityEngine.SpriteRenderer)","System.Void","UnityEngine.SpriteRenderer value","private","False","False","False","False","True","8","0x06001D91"
"DolocTown.VegetationRenderer","get_outlineTarget","UnityEngine.SpriteRenderer DolocTown.VegetationRenderer::get_outlineTarget()","UnityEngine.SpriteRenderer","","public","False","True","False","False","True","7","0x06001D92"
"DolocTown.VegetationRenderer","get_Collider2d","UnityEngine.PolygonCollider2D DolocTown.VegetationRenderer::get_Collider2d()","UnityEngine.PolygonCollider2D","","public","False","False","False","False","True","7","0x06001D93"
"DolocTown.VegetationRenderer","set_Collider2d","System.Void DolocTown.VegetationRenderer::set_Collider2d(UnityEngine.PolygonCollider2D)","System.Void","UnityEngine.PolygonCollider2D value","private","False","False","False","False","True","8","0x06001D94"
"DolocTown.VegetationRenderer","get_Vegetation","DolocTown.Vegetation DolocTown.VegetationRenderer::get_Vegetation()","DolocTown.Vegetation","","public","False","False","False","False","True","7","0x06001D95"
"DolocTown.VegetationRenderer","set_Vegetation","System.Void DolocTown.VegetationRenderer::set_Vegetation(DolocTown.Vegetation)","System.Void","DolocTown.Vegetation value","public","False","False","False","False","True","8","0x06001D96"
"DolocTown.VegetationRenderer","__Init","System.Void DolocTown.VegetationRenderer::__Init()","System.Void","","protected","False","True","False","False","True","43","0x06001D97"
"DolocTown.VegetationRenderer","OnRecycle","System.Void DolocTown.VegetationRenderer::OnRecycle()","System.Void","","public","False","True","False","False","True","45","0x06001D98"
"DolocTown.VegetationRenderer","OnReuse","System.Void DolocTown.VegetationRenderer::OnReuse()","System.Void","","public","False","True","False","False","True","47","0x06001D99"
"DolocTown.VegetationRenderer","StopAnimation","System.Void DolocTown.VegetationRenderer::StopAnimation()","System.Void","","public","False","False","False","False","True","29","0x06001D9A"
"DolocTown.VegetationRenderer","SwingOnTouch","System.Void DolocTown.VegetationRenderer::SwingOnTouch(System.Boolean)","System.Void","System.Boolean light","public","False","False","False","False","True","52","0x06001D9B"
"DolocTown.VegetationRenderer","SwingOnBlow","System.Void DolocTown.VegetationRenderer::SwingOnBlow()","System.Void","","public","False","False","False","False","True","51","0x06001D9C"
"DolocTown.VegetationRenderer","get_attackableType","DolocTown.AttackableType DolocTown.VegetationRenderer::get_attackableType()","DolocTown.AttackableType","","public","False","True","False","False","True","2","0x06001D9D"
"DolocTown.VegetationRenderer","OnAttacked","System.Boolean DolocTown.VegetationRenderer::OnAttacked(System.Single,System.Boolean,UnityEngine.Vector2,System.Boolean&)","System.Boolean","System.Single attack; System.Boolean criticalRate; UnityEngine.Vector2 pos; System.Boolean& isDead","public","False","True","False","False","True","25","0x06001D9E"
"DolocTown.VegetationRenderer","OnSwordAttack","System.Boolean DolocTown.VegetationRenderer::OnSwordAttack(System.Single,System.Boolean,UnityEngine.Vector2,System.Boolean&)","System.Boolean","System.Single attack; System.Boolean criticalRate; UnityEngine.Vector2 pos; System.Boolean& isDead","public","False","True","False","False","True","12","0x06001D9F"
"DolocTown.VegetationRenderer","get_ShouldCostEnergy","System.Boolean DolocTown.VegetationRenderer::get_ShouldCostEnergy()","System.Boolean","","public","False","True","False","False","True","2","0x06001DA0"
"DolocTown.VegetationRenderer","get_ShouldCostChopCounter","System.Boolean DolocTown.VegetationRenderer::get_ShouldCostChopCounter()","System.Boolean","","public","False","True","False","False","True","2","0x06001DA1"
"DolocTown.VegetationRenderer","OnFell","System.Boolean DolocTown.VegetationRenderer::OnFell(DolocTown.ItemTool,UnityEngine.Vector2)","System.Boolean","DolocTown.ItemTool tool; UnityEngine.Vector2 hitPoint","public","False","True","False","False","True","20","0x06001DA2"
"DolocTown.VegetationRenderer","get_OnlyTouch","System.Boolean DolocTown.VegetationRenderer::get_OnlyTouch()","System.Boolean","","public","False","True","False","False","True","22","0x06001DA3"
"DolocTown.VegetationRenderer","get_CanInteractContinues","System.Boolean DolocTown.VegetationRenderer::get_CanInteractContinues()","System.Boolean","","public","False","True","False","False","True","2","0x06001DA4"
"DolocTown.VegetationRenderer","OnTouch","System.Void DolocTown.VegetationRenderer::OnTouch()","System.Void","","public","False","True","False","False","True","17","0x06001DA5"
"DolocTown.VegetationRenderer","OnDisTouch","System.Void DolocTown.VegetationRenderer::OnDisTouch()","System.Void","","public","False","True","False","False","True","17","0x06001DA6"
"DolocTown.VegetationRenderer","OnInteract","System.Void DolocTown.VegetationRenderer::OnInteract()","System.Void","","public","False","True","False","False","True","17","0x06001DA7"
"DolocTown.VegetationRenderer","OnMonsterTouch","System.Void DolocTown.VegetationRenderer::OnMonsterTouch(UnityEngine.Vector2)","System.Void","UnityEngine.Vector2 interactPosition","public","False","True","False","False","True","18","0x06001DA8"
"DolocTown.VegetationRenderer","OnMonsterDisTouch","System.Void DolocTown.VegetationRenderer::OnMonsterDisTouch(UnityEngine.Vector2)","System.Void","UnityEngine.Vector2 interactPosition","public","False","True","False","False","True","18","0x06001DA9"
"DolocTown.VegetationRenderer","OnWindBlow","System.Void DolocTown.VegetationRenderer::OnWindBlow(UnityEngine.Vector2)","System.Void","UnityEngine.Vector2 pos","public","False","True","False","False","True","18","0x06001DAA"
"DolocTown.VegetationRenderer","OnBomb","System.Void DolocTown.VegetationRenderer::OnBomb(System.Single,System.Boolean,UnityEngine.Vector2)","System.Void","System.Single d; System.Boolean c; UnityEngine.Vector2 pos","public","False","True","False","False","True","20","0x06001DAB"
"DolocTown.VegetationRenderer",".ctor","System.Void DolocTown.VegetationRenderer::.ctor()","System.Void","","public","False","False","False","True","True","7","0x06001DAC"
"DolocTown.Animal","get_PositionDropItem","UnityEngine.Vector3 DolocTown.Animal::get_PositionDropItem()","UnityEngine.Vector3","","public","False","False","False","False","True","25","0x06001DE2"
"DolocTown.Animal","UpdateNoRender","System.Void DolocTown.Animal::UpdateNoRender()","System.Void","","public","False","False","False","False","True","105","0x06001DF4"
"DolocTown.Animal","GenerateDropItem","System.Void DolocTown.Animal::GenerateDropItem(DolocTown.Item)","System.Void","DolocTown.Item item","private","False","False","False","False","True","107","0x06001E46"
"DolocTown.AnimalSystem","BeforePassTime","System.Void DolocTown.AnimalSystem::BeforePassTime()","System.Void","","public","False","False","False","False","True","60","0x06001E67"
"DolocTown.AnimalSystem","UpdateNoRender","System.Void DolocTown.AnimalSystem::UpdateNoRender()","System.Void","","public","False","False","False","False","True","86","0x06001E6F"
"DolocTown.AnimalRoomEnv","GetRandomEmptyPositionForEquipment","System.Boolean DolocTown.AnimalRoomEnv::GetRandomEmptyPositionForEquipment(UnityEngine.Vector2Int,UnityEngine.Vector2Int&)","System.Boolean","UnityEngine.Vector2Int coverSize; UnityEngine.Vector2Int& anchor","public","False","False","False","False","True","113","0x06001FA6"
"DolocTown.AutomateBotRenderer","RestoreMove","System.Void DolocTown.AutomateBotRenderer::RestoreMove(UnityEngine.Vector2)","System.Void","UnityEngine.Vector2 velocityDir","public","False","False","False","False","True","93","0x06002020"
"DolocTown.AutomateBotDecisionMaker","get_FixedTaskDropAllItems","RedSaw.AI.LinearTask.LinearTask DolocTown.AutomateBotDecisionMaker::get_FixedTaskDropAllItems()","RedSaw.AI.LinearTask.LinearTask","","protected","False","False","False","False","True","24","0x0600203C"
"DolocTown.AutomateBotDecisionMaker","SmartJourney","RedSaw.AI.LinearTask.LinearTask DolocTown.AutomateBotDecisionMaker::SmartJourney(DolocTown.DropItemBase,RedSaw.AI.LinearTask.LinearTask,System.Int32,System.Func`1<System.Boolean>)","RedSaw.AI.LinearTask.LinearTask","DolocTown.DropItemBase dropItem; RedSaw.AI.LinearTask.LinearTask preTask; System.Int32 wait; System.Func`1<System.Boolean> breaker","protected","False","False","False","False","True","69","0x06002045"
"DolocTown.AutomateBotDecisionMaker","<get_FixedTaskDropAllItems>b__1_0","System.Void DolocTown.AutomateBotDecisionMaker::<get_FixedTaskDropAllItems>b__1_0()","System.Void","","private","False","False","False","False","True","69","0x0600206D"
"DolocTown.AutomateBotDecisionMakerGathering",".ctor","System.Void DolocTown.AutomateBotDecisionMakerGathering::.ctor(DolocTown.AutomateBot,DolocTown.AutomateSystemLocker)","System.Void","DolocTown.AutomateBot bot; DolocTown.AutomateSystemLocker locker","public","False","False","False","True","True","26","0x060020A5"
"DolocTown.AutomateBotDecisionMakerGathering","AutomateBotMakeDecision","RedSaw.AI.LinearTask.LinearTask DolocTown.AutomateBotDecisionMakerGathering::AutomateBotMakeDecision()","RedSaw.AI.LinearTask.LinearTask","","protected","False","True","False","False","True","168","0x060020A6"
"DolocTown.AutomateBotDecisionMakerGathering","BuildIdleTask","RedSaw.AI.LinearTask.LinearTask DolocTown.AutomateBotDecisionMakerGathering::BuildIdleTask()","RedSaw.AI.LinearTask.LinearTask","","private","False","False","False","False","True","102","0x060020A7"
"DolocTown.AutomateBotDecisionMakerGathering","__TryBuildTaskOfHarvestCrop","System.Boolean DolocTown.AutomateBotDecisionMakerGathering::__TryBuildTaskOfHarvestCrop(RedSaw.AI.LinearTask.LinearTask&)","System.Boolean","RedSaw.AI.LinearTask.LinearTask& task","private","False","False","False","False","True","131","0x060020A8"
"DolocTown.AutomateBotDecisionMakerGathering","__FindNearestHarvestablePlantBasin","DolocTown.PlantBasin DolocTown.AutomateBotDecisionMakerGathering::__FindNearestHarvestablePlantBasin()","DolocTown.PlantBasin","","private","False","False","False","False","True","78","0x060020A9"
"DolocTown.AutomateBotDecisionMakerGathering","__FindNearestHarvestablePlantBasin","DolocTown.PlantBasin DolocTown.AutomateBotDecisionMakerGathering::__FindNearestHarvestablePlantBasin(UnityEngine.Vector2,DolocTown.Room)","DolocTown.PlantBasin","UnityEngine.Vector2 botPosition; DolocTown.Room room","private","False","False","False","False","True","88","0x060020AA"
"DolocTown.AutomateBotDecisionMakerGathering","_TryBuildGatherMission","System.Boolean DolocTown.AutomateBotDecisionMakerGathering::_TryBuildGatherMission(RedSaw.AI.LinearTask.LinearTask&)","System.Boolean","RedSaw.AI.LinearTask.LinearTask& task","private","False","False","False","False","True","70","0x060020AB"
"DolocTown.AutomateBotDecisionMakerGathering","__FindNearestGatherableDropItem","DolocTown.DropItemBase DolocTown.AutomateBotDecisionMakerGathering::__FindNearestGatherableDropItem(DolocTown.Room&)","DolocTown.DropItemBase","DolocTown.Room& targetRoom","private","False","False","False","False","True","89","0x060020AC"
"DolocTown.AutomateBotDecisionMakerGathering","__FindNearestGatherableDropItem","DolocTown.DropItemBase DolocTown.AutomateBotDecisionMakerGathering::__FindNearestGatherableDropItem(UnityEngine.Vector2,DolocTown.Room)","DolocTown.DropItemBase","UnityEngine.Vector2 botPosition; DolocTown.Room room","private","False","False","False","False","True","88","0x060020AD"
"DolocTown.AutomateBotDecisionMakerGathering","HasAnyMatchCase","System.Boolean DolocTown.AutomateBotDecisionMakerGathering::HasAnyMatchCase(DolocTown.DropItemBase)","System.Boolean","DolocTown.DropItemBase dropItem","private","False","False","False","False","True","42","0x060020AE"
"DolocTown.AutomateBotDecisionMakerGathering","HasAnyMatchCaseInRoom","System.Boolean DolocTown.AutomateBotDecisionMakerGathering::HasAnyMatchCaseInRoom(DolocTown.Room,DolocTown.DropItemBase)","System.Boolean","DolocTown.Room room; DolocTown.DropItemBase dropItem","private","True","False","False","False","True","42","0x060020AF"
"DolocTown.AutomateBotDecisionMakerGathering","__TryBuildTaskOfGatherableEquipment","System.Boolean DolocTown.AutomateBotDecisionMakerGathering::__TryBuildTaskOfGatherableEquipment(RedSaw.AI.LinearTask.LinearTask&)","System.Boolean","RedSaw.AI.LinearTask.LinearTask& task","private","False","False","False","False","True","68","0x060020B0"
"DolocTown.AutomateBotDecisionMakerGathering","__FindNearestGatherableEquipment","DolocTown.Equipment DolocTown.AutomateBotDecisionMakerGathering::__FindNearestGatherableEquipment()","DolocTown.Equipment","","private","False","False","False","False","True","59","0x060020B1"
"DolocTown.AutomateBotDecisionMakerGathering","__FindNearestGatherableEquipment","DolocTown.Equipment DolocTown.AutomateBotDecisionMakerGathering::__FindNearestGatherableEquipment(UnityEngine.Vector2,DolocTown.Room)","DolocTown.Equipment","UnityEngine.Vector2 botPosition; DolocTown.Room room","private","False","False","False","False","True","88","0x060020B2"
"DolocTown.AutomateBotDecisionMakerGathering","<__FindNearestGatherableEquipment>b__14_0","System.Boolean DolocTown.AutomateBotDecisionMakerGathering::<__FindNearestGatherableEquipment>b__14_0(DolocTown.Equipment)","System.Boolean","DolocTown.Equipment x","private","False","False","False","False","True","36","0x060020B3"
"DolocTown.AutomateBotDecisionMakerGathering/<>c__DisplayClass5_0",".ctor","System.Void DolocTown.AutomateBotDecisionMakerGathering/<>c__DisplayClass5_0::.ctor()","System.Void","","public","False","False","False","True","True","7","0x06009CB1"
"DolocTown.AutomateBotDecisionMakerGathering/<>c__DisplayClass5_0","<__TryBuildTaskOfHarvestCrop>b__0","System.Boolean DolocTown.AutomateBotDecisionMakerGathering/<>c__DisplayClass5_0::<__TryBuildTaskOfHarvestCrop>b__0()","System.Boolean","","internal","False","False","False","False","True","35","0x06009CB2"
"DolocTown.AutomateBotDecisionMakerGathering/<>c__DisplayClass7_0",".ctor","System.Void DolocTown.AutomateBotDecisionMakerGathering/<>c__DisplayClass7_0::.ctor()","System.Void","","public","False","False","False","True","True","7","0x06009CB3"
"DolocTown.AutomateBotDecisionMakerGathering/<>c__DisplayClass7_0","<__FindNearestHarvestablePlantBasin>b__0","System.Boolean DolocTown.AutomateBotDecisionMakerGathering/<>c__DisplayClass7_0::<__FindNearestHarvestablePlantBasin>b__0(DolocTown.PlantBasin)","System.Boolean","DolocTown.PlantBasin x","internal","False","False","False","False","True","44","0x06009CB4"
"DolocTown.AutomateBotDecisionMakerGathering/<>c__DisplayClass7_0","<__FindNearestHarvestablePlantBasin>b__1","System.Single DolocTown.AutomateBotDecisionMakerGathering/<>c__DisplayClass7_0::<__FindNearestHarvestablePlantBasin>b__1(DolocTown.PlantBasin)","System.Single","DolocTown.PlantBasin x","internal","False","False","False","False","True","23","0x06009CB5"
"DolocTown.AutomateBotDecisionMakerGathering/<>c__DisplayClass10_0",".ctor","System.Void DolocTown.AutomateBotDecisionMakerGathering/<>c__DisplayClass10_0::.ctor()","System.Void","","public","False","False","False","True","True","7","0x06009CB6"
"DolocTown.AutomateBotDecisionMakerGathering/<>c__DisplayClass10_0","<__FindNearestGatherableDropItem>b__0","System.Boolean DolocTown.AutomateBotDecisionMakerGathering/<>c__DisplayClass10_0::<__FindNearestGatherableDropItem>b__0(DolocTown.DropItemBase)","System.Boolean","DolocTown.DropItemBase x","internal","False","False","False","False","True","42","0x06009CB7"
"DolocTown.AutomateBotDecisionMakerGathering/<>c__DisplayClass10_0","<__FindNearestGatherableDropItem>b__1","System.Single DolocTown.AutomateBotDecisionMakerGathering/<>c__DisplayClass10_0::<__FindNearestGatherableDropItem>b__1(DolocTown.DropItemBase)","System.Single","DolocTown.DropItemBase x","internal","False","False","False","False","True","18","0x06009CB8"
"DolocTown.AutomateBotDecisionMakerGathering/<>c__DisplayClass11_0",".ctor","System.Void DolocTown.AutomateBotDecisionMakerGathering/<>c__DisplayClass11_0::.ctor()","System.Void","","public","False","False","False","True","True","7","0x06009CB9"
"DolocTown.AutomateBotDecisionMakerGathering/<>c__DisplayClass11_0","<HasAnyMatchCase>b__0","System.Boolean DolocTown.AutomateBotDecisionMakerGathering/<>c__DisplayClass11_0::<HasAnyMatchCase>b__0(DolocTown.AutomateStationEnv/RoomEnv)","System.Boolean","DolocTown.AutomateStationEnv/RoomEnv env","internal","False","False","False","False","True","18","0x06009CBA"
"DolocTown.AutomateBotDecisionMakerGathering/<>c__DisplayClass12_0",".ctor","System.Void DolocTown.AutomateBotDecisionMakerGathering/<>c__DisplayClass12_0::.ctor()","System.Void","","public","False","False","False","True","True","7","0x06009CBB"
"DolocTown.AutomateBotDecisionMakerGathering/<>c__DisplayClass12_0","<HasAnyMatchCaseInRoom>b__0","System.Boolean DolocTown.AutomateBotDecisionMakerGathering/<>c__DisplayClass12_0::<HasAnyMatchCaseInRoom>b__0(DolocTown.Case)","System.Boolean","DolocTown.Case container","internal","False","False","False","False","True","13","0x06009CBC"
"DolocTown.AutomateBotDecisionMakerGathering/<>c__DisplayClass15_0",".ctor","System.Void DolocTown.AutomateBotDecisionMakerGathering/<>c__DisplayClass15_0::.ctor()","System.Void","","public","False","False","False","True","True","7","0x06009CBD"
"DolocTown.AutomateBotDecisionMakerGathering/<>c__DisplayClass15_0","<__FindNearestGatherableEquipment>b__0","System.Boolean DolocTown.AutomateBotDecisionMakerGathering/<>c__DisplayClass15_0::<__FindNearestGatherableEquipment>b__0(DolocTown.Equipment)","System.Boolean","DolocTown.Equipment x","internal","False","False","False","False","True","41","0x06009CBE"
"DolocTown.AutomateBotDecisionMakerGathering/<>c__DisplayClass15_0","<__FindNearestGatherableEquipment>b__1","System.Single DolocTown.AutomateBotDecisionMakerGathering/<>c__DisplayClass15_0::<__FindNearestGatherableEquipment>b__1(DolocTown.Equipment)","System.Single","DolocTown.Equipment x","internal","False","False","False","False","True","23","0x06009CBF"
"DolocTown.AutomateStationEnv/RoomEnv","get_AllDropItems","System.Collections.Generic.IEnumerable`1<DolocTown.DropItem> DolocTown.AutomateStationEnv/RoomEnv::get_AllDropItems()","System.Collections.Generic.IEnumerable`1<DolocTown.DropItem>","","public","False","False","False","False","True","15","0x06009CD3"
"DolocTown.AutomateStationEnv/RoomEnv/<get_AllDropItems>d__11",".ctor","System.Void DolocTown.AutomateStationEnv/RoomEnv/<get_AllDropItems>d__11::.ctor(System.Int32)","System.Void","System.Int32 <>1__state","public","False","False","False","True","True","25","0x0600A787"
"DolocTown.AutomateStationEnv/RoomEnv/<get_AllDropItems>d__11","System.IDisposable.Dispose","System.Void DolocTown.AutomateStationEnv/RoomEnv/<get_AllDropItems>d__11::System.IDisposable.Dispose()","System.Void","","private","False","True","False","False","True","66","0x0600A788"
"DolocTown.AutomateStationEnv/RoomEnv/<get_AllDropItems>d__11","MoveNext","System.Boolean DolocTown.AutomateStationEnv/RoomEnv/<get_AllDropItems>d__11::MoveNext()","System.Boolean","","private","False","True","False","False","True","393","0x0600A789"
"DolocTown.AutomateStationEnv/RoomEnv/<get_AllDropItems>d__11","<>m__Finally1","System.Void DolocTown.AutomateStationEnv/RoomEnv/<get_AllDropItems>d__11::<>m__Finally1()","System.Void","","private","False","False","False","False","True","27","0x0600A78A"
"DolocTown.AutomateStationEnv/RoomEnv/<get_AllDropItems>d__11","<>m__Finally2","System.Void DolocTown.AutomateStationEnv/RoomEnv/<get_AllDropItems>d__11::<>m__Finally2()","System.Void","","private","False","False","False","False","True","27","0x0600A78B"
"DolocTown.AutomateStationEnv/RoomEnv/<get_AllDropItems>d__11","System.Collections.Generic.IEnumerator<DolocTown.DropItem>.get_Current","DolocTown.DropItem DolocTown.AutomateStationEnv/RoomEnv/<get_AllDropItems>d__11::System.Collections.Generic.IEnumerator<DolocTown.DropItem>.get_Current()","DolocTown.DropItem","","private","False","True","False","False","True","7","0x0600A78C"
"DolocTown.AutomateStationEnv/RoomEnv/<get_AllDropItems>d__11","System.Collections.IEnumerator.Reset","System.Void DolocTown.AutomateStationEnv/RoomEnv/<get_AllDropItems>d__11::System.Collections.IEnumerator.Reset()","System.Void","","private","False","True","False","False","True","6","0x0600A78D"
"DolocTown.AutomateStationEnv/RoomEnv/<get_AllDropItems>d__11","System.Collections.IEnumerator.get_Current","System.Object DolocTown.AutomateStationEnv/RoomEnv/<get_AllDropItems>d__11::System.Collections.IEnumerator.get_Current()","System.Object","","private","False","True","False","False","True","7","0x0600A78E"
"DolocTown.AutomateStationEnv/RoomEnv/<get_AllDropItems>d__11","System.Collections.Generic.IEnumerable<DolocTown.DropItem>.GetEnumerator","System.Collections.Generic.IEnumerator`1<DolocTown.DropItem> DolocTown.AutomateStationEnv/RoomEnv/<get_AllDropItems>d__11::System.Collections.Generic.IEnumerable<DolocTown.DropItem>.GetEnumerator()","System.Collections.Generic.IEnumerator`1<DolocTown.DropItem>","","private","False","True","False","False","True","55","0x0600A78F"
"DolocTown.AutomateStationEnv/RoomEnv/<get_AllDropItems>d__11","System.Collections.IEnumerable.GetEnumerator","System.Collections.IEnumerator DolocTown.AutomateStationEnv/RoomEnv/<get_AllDropItems>d__11::System.Collections.IEnumerable.GetEnumerator()","System.Collections.IEnumerator","","private","False","True","False","False","True","7","0x0600A790"
"DolocTown.AutomateSystemEnv","CheckLockedDropItems","System.Void DolocTown.AutomateSystemEnv::CheckLockedDropItems()","System.Void","","private","False","False","False","False","True","97","0x060020D0"
"DolocTown.AutomateSystemEnv","GetDropItemsNearStation","System.Collections.Generic.IEnumerable`1<DolocTown.DropItemBase> DolocTown.AutomateSystemEnv::GetDropItemsNearStation(DolocTown.AutomateBotStation)","System.Collections.Generic.IEnumerable`1<DolocTown.DropItemBase>","DolocTown.AutomateBotStation station","public","False","False","False","False","True","15","0x060020D1"
"DolocTown.AutomateSystemEnv","GetAnyDropItemNearStation","DolocTown.DropItemBase DolocTown.AutomateSystemEnv::GetAnyDropItemNearStation(DolocTown.AutomateBotStation,System.Boolean)","DolocTown.DropItemBase","DolocTown.AutomateBotStation station; System.Boolean locked","public","False","False","False","False","True","88","0x060020D2"
"DolocTown.AutomateSystemEnv","GetAnyDropItemNearStation","DolocTown.DropItemBase DolocTown.AutomateSystemEnv::GetAnyDropItemNearStation(DolocTown.AutomateBotStation,System.String,System.Boolean)","DolocTown.DropItemBase","DolocTown.AutomateBotStation station; System.String mainType; System.Boolean locked","public","False","False","False","False","True","122","0x060020D3"
"DolocTown.AutomateSystemEnv","get_AllDropItems","System.Collections.Generic.IEnumerable`1<DolocTown.DropItemBase> DolocTown.AutomateSystemEnv::get_AllDropItems()","System.Collections.Generic.IEnumerable`1<DolocTown.DropItemBase>","","public","False","False","False","False","True","15","0x060020D4"
"DolocTown.AutomateSystemEnv","GetAllDropItemsInRoom","System.Collections.Generic.IEnumerable`1<DolocTown.DropItemBase> DolocTown.AutomateSystemEnv::GetAllDropItemsInRoom(System.String)","System.Collections.Generic.IEnumerable`1<DolocTown.DropItemBase>","System.String roomGuid","public","False","False","False","False","True","22","0x060020D5"
"DolocTown.AutomateSystemEnv","GetAnyDropItem","DolocTown.DropItemBase DolocTown.AutomateSystemEnv::GetAnyDropItem(System.Boolean)","DolocTown.DropItemBase","System.Boolean locked","public","False","False","False","False","True","79","0x060020D6"
"DolocTown.AutomateSystemEnv","HasAnyDropItem","System.Boolean DolocTown.AutomateSystemEnv::HasAnyDropItem()","System.Boolean","","public","False","False","False","False","True","11","0x060020D7"
"DolocTown.AutomateSystemEnv","GetAnyDropItem","DolocTown.DropItemBase DolocTown.AutomateSystemEnv::GetAnyDropItem(System.String,System.Boolean)","DolocTown.DropItemBase","System.String roomGuid; System.Boolean locked","public","False","False","False","False","True","80","0x060020D8"
"DolocTown.AutomateSystemEnv","HasAnyDropItem","System.Boolean DolocTown.AutomateSystemEnv::HasAnyDropItem(System.String)","System.Boolean","System.String roomGuid","public","False","False","False","False","True","12","0x060020D9"
"DolocTown.AutomateSystemEnv","GetAnyDropItem","DolocTown.DropItemBase DolocTown.AutomateSystemEnv::GetAnyDropItem(System.String,DolocTown.Config.Item.ItemMainTypeInfo,System.Boolean)","DolocTown.DropItemBase","System.String roomGuid; DolocTown.Config.Item.ItemMainTypeInfo mainType; System.Boolean locked","public","False","False","False","False","True","119","0x060020DA"
"DolocTown.AutomateSystemEnv","HasAnyDropItem","System.Boolean DolocTown.AutomateSystemEnv::HasAnyDropItem(System.String,DolocTown.Config.Item.ItemMainTypeInfo)","System.Boolean","System.String roomGuid; DolocTown.Config.Item.ItemMainTypeInfo type","public","False","False","False","False","True","13","0x060020DB"
"DolocTown.AutomateSystemEnv","RemoveDropItem","System.Void DolocTown.AutomateSystemEnv::RemoveDropItem(DolocTown.DropItemBase,System.String)","System.Void","DolocTown.DropItemBase item; System.String roomGuid","public","False","False","False","False","True","55","0x060020DC"
"DolocTown.AutomateSystemEnv","GenerateDropItem","System.Void DolocTown.AutomateSystemEnv::GenerateDropItem(System.String,UnityEngine.Vector2,System.String)","System.Void","System.String itemName; UnityEngine.Vector2 pos; System.String roomGuid","public","False","False","False","False","True","58","0x060020DD"
"DolocTown.AutomateSystemEnv/<GetDropItemsNearStation>d__7",".ctor","System.Void DolocTown.AutomateSystemEnv/<GetDropItemsNearStation>d__7::.ctor(System.Int32)","System.Void","System.Int32 <>1__state","public","False","False","False","True","True","25","0x06009CE5"
"DolocTown.AutomateSystemEnv/<GetDropItemsNearStation>d__7","System.IDisposable.Dispose","System.Void DolocTown.AutomateSystemEnv/<GetDropItemsNearStation>d__7::System.IDisposable.Dispose()","System.Void","","private","False","True","False","False","True","66","0x06009CE6"
"DolocTown.AutomateSystemEnv/<GetDropItemsNearStation>d__7","MoveNext","System.Boolean DolocTown.AutomateSystemEnv/<GetDropItemsNearStation>d__7::MoveNext()","System.Boolean","","private","False","True","False","False","True","311","0x06009CE7"
"DolocTown.AutomateSystemEnv/<GetDropItemsNearStation>d__7","<>m__Finally1","System.Void DolocTown.AutomateSystemEnv/<GetDropItemsNearStation>d__7::<>m__Finally1()","System.Void","","private","False","False","False","False","True","27","0x06009CE8"
"DolocTown.AutomateSystemEnv/<GetDropItemsNearStation>d__7","<>m__Finally2","System.Void DolocTown.AutomateSystemEnv/<GetDropItemsNearStation>d__7::<>m__Finally2()","System.Void","","private","False","False","False","False","True","27","0x06009CE9"
"DolocTown.AutomateSystemEnv/<GetDropItemsNearStation>d__7","System.Collections.Generic.IEnumerator<DolocTown.DropItemBase>.get_Current","DolocTown.DropItemBase DolocTown.AutomateSystemEnv/<GetDropItemsNearStation>d__7::System.Collections.Generic.IEnumerator<DolocTown.DropItemBase>.get_Current()","DolocTown.DropItemBase","","private","False","True","False","False","True","7","0x06009CEA"
"DolocTown.AutomateSystemEnv/<GetDropItemsNearStation>d__7","System.Collections.IEnumerator.Reset","System.Void DolocTown.AutomateSystemEnv/<GetDropItemsNearStation>d__7::System.Collections.IEnumerator.Reset()","System.Void","","private","False","True","False","False","True","6","0x06009CEB"
"DolocTown.AutomateSystemEnv/<GetDropItemsNearStation>d__7","System.Collections.IEnumerator.get_Current","System.Object DolocTown.AutomateSystemEnv/<GetDropItemsNearStation>d__7::System.Collections.IEnumerator.get_Current()","System.Object","","private","False","True","False","False","True","7","0x06009CEC"
"DolocTown.AutomateSystemEnv/<GetDropItemsNearStation>d__7","System.Collections.Generic.IEnumerable<DolocTown.DropItemBase>.GetEnumerator","System.Collections.Generic.IEnumerator`1<DolocTown.DropItemBase> DolocTown.AutomateSystemEnv/<GetDropItemsNearStation>d__7::System.Collections.Generic.IEnumerable<DolocTown.DropItemBase>.GetEnumerator()","System.Collections.Generic.IEnumerator`1<DolocTown.DropItemBase>","","private","False","True","False","False","True","55","0x06009CED"
"DolocTown.AutomateSystemEnv/<GetDropItemsNearStation>d__7","System.Collections.IEnumerable.GetEnumerator","System.Collections.IEnumerator DolocTown.AutomateSystemEnv/<GetDropItemsNearStation>d__7::System.Collections.IEnumerable.GetEnumerator()","System.Collections.IEnumerator","","private","False","True","False","False","True","7","0x06009CEE"
"DolocTown.AutomateSystemEnv/<get_AllDropItems>d__11",".ctor","System.Void DolocTown.AutomateSystemEnv/<get_AllDropItems>d__11::.ctor(System.Int32)","System.Void","System.Int32 <>1__state","public","False","False","False","True","True","25","0x06009CEF"
"DolocTown.AutomateSystemEnv/<get_AllDropItems>d__11","System.IDisposable.Dispose","System.Void DolocTown.AutomateSystemEnv/<get_AllDropItems>d__11::System.IDisposable.Dispose()","System.Void","","private","False","True","False","False","True","89","0x06009CF0"
"DolocTown.AutomateSystemEnv/<get_AllDropItems>d__11","MoveNext","System.Boolean DolocTown.AutomateSystemEnv/<get_AllDropItems>d__11::MoveNext()","System.Boolean","","private","False","True","False","False","True","346","0x06009CF1"
"DolocTown.AutomateSystemEnv/<get_AllDropItems>d__11","<>m__Finally1","System.Void DolocTown.AutomateSystemEnv/<get_AllDropItems>d__11::<>m__Finally1()","System.Void","","private","False","False","False","False","True","27","0x06009CF2"
"DolocTown.AutomateSystemEnv/<get_AllDropItems>d__11","<>m__Finally2","System.Void DolocTown.AutomateSystemEnv/<get_AllDropItems>d__11::<>m__Finally2()","System.Void","","private","False","False","False","False","True","27","0x06009CF3"
"DolocTown.AutomateSystemEnv/<get_AllDropItems>d__11","<>m__Finally3","System.Void DolocTown.AutomateSystemEnv/<get_AllDropItems>d__11::<>m__Finally3()","System.Void","","private","False","False","False","False","True","28","0x06009CF4"
"DolocTown.AutomateSystemEnv/<get_AllDropItems>d__11","System.Collections.Generic.IEnumerator<DolocTown.DropItemBase>.get_Current","DolocTown.DropItemBase DolocTown.AutomateSystemEnv/<get_AllDropItems>d__11::System.Collections.Generic.IEnumerator<DolocTown.DropItemBase>.get_Current()","DolocTown.DropItemBase","","private","False","True","False","False","True","7","0x06009CF5"
"DolocTown.AutomateSystemEnv/<get_AllDropItems>d__11","System.Collections.IEnumerator.Reset","System.Void DolocTown.AutomateSystemEnv/<get_AllDropItems>d__11::System.Collections.IEnumerator.Reset()","System.Void","","private","False","True","False","False","True","6","0x06009CF6"
"DolocTown.AutomateSystemEnv/<get_AllDropItems>d__11","System.Collections.IEnumerator.get_Current","System.Object DolocTown.AutomateSystemEnv/<get_AllDropItems>d__11::System.Collections.IEnumerator.get_Current()","System.Object","","private","False","True","False","False","True","7","0x06009CF7"
"DolocTown.AutomateSystemEnv/<get_AllDropItems>d__11","System.Collections.Generic.IEnumerable<DolocTown.DropItemBase>.GetEnumerator","System.Collections.Generic.IEnumerator`1<DolocTown.DropItemBase> DolocTown.AutomateSystemEnv/<get_AllDropItems>d__11::System.Collections.Generic.IEnumerable<DolocTown.DropItemBase>.GetEnumerator()","System.Collections.Generic.IEnumerator`1<DolocTown.DropItemBase>","","private","False","True","False","False","True","55","0x06009CF8"
"DolocTown.AutomateSystemEnv/<get_AllDropItems>d__11","System.Collections.IEnumerable.GetEnumerator","System.Collections.IEnumerator DolocTown.AutomateSystemEnv/<get_AllDropItems>d__11::System.Collections.IEnumerable.GetEnumerator()","System.Collections.IEnumerator","","private","False","True","False","False","True","7","0x06009CF9"
"DolocTown.AutomateSystemEnv/<GetAllDropItemsInRoom>d__12",".ctor","System.Void DolocTown.AutomateSystemEnv/<GetAllDropItemsInRoom>d__12::.ctor(System.Int32)","System.Void","System.Int32 <>1__state","public","False","False","False","True","True","25","0x06009CFA"
"DolocTown.AutomateSystemEnv/<GetAllDropItemsInRoom>d__12","System.IDisposable.Dispose","System.Void DolocTown.AutomateSystemEnv/<GetAllDropItemsInRoom>d__12::System.IDisposable.Dispose()","System.Void","","private","False","True","False","False","True","66","0x06009CFB"
"DolocTown.AutomateSystemEnv/<GetAllDropItemsInRoom>d__12","MoveNext","System.Boolean DolocTown.AutomateSystemEnv/<GetAllDropItemsInRoom>d__12::MoveNext()","System.Boolean","","private","False","True","False","False","True","307","0x06009CFC"
"DolocTown.AutomateSystemEnv/<GetAllDropItemsInRoom>d__12","<>m__Finally1","System.Void DolocTown.AutomateSystemEnv/<GetAllDropItemsInRoom>d__12::<>m__Finally1()","System.Void","","private","False","False","False","False","True","27","0x06009CFD"
"DolocTown.AutomateSystemEnv/<GetAllDropItemsInRoom>d__12","<>m__Finally2","System.Void DolocTown.AutomateSystemEnv/<GetAllDropItemsInRoom>d__12::<>m__Finally2()","System.Void","","private","False","False","False","False","True","27","0x06009CFE"
"DolocTown.AutomateSystemEnv/<GetAllDropItemsInRoom>d__12","System.Collections.Generic.IEnumerator<DolocTown.DropItemBase>.get_Current","DolocTown.DropItemBase DolocTown.AutomateSystemEnv/<GetAllDropItemsInRoom>d__12::System.Collections.Generic.IEnumerator<DolocTown.DropItemBase>.get_Current()","DolocTown.DropItemBase","","private","False","True","False","False","True","7","0x06009CFF"
"DolocTown.AutomateSystemEnv/<GetAllDropItemsInRoom>d__12","System.Collections.IEnumerator.Reset","System.Void DolocTown.AutomateSystemEnv/<GetAllDropItemsInRoom>d__12::System.Collections.IEnumerator.Reset()","System.Void","","private","False","True","False","False","True","6","0x06009D00"
"DolocTown.AutomateSystemEnv/<GetAllDropItemsInRoom>d__12","System.Collections.IEnumerator.get_Current","System.Object DolocTown.AutomateSystemEnv/<GetAllDropItemsInRoom>d__12::System.Collections.IEnumerator.get_Current()","System.Object","","private","False","True","False","False","True","7","0x06009D01"
"DolocTown.AutomateSystemEnv/<GetAllDropItemsInRoom>d__12","System.Collections.Generic.IEnumerable<DolocTown.DropItemBase>.GetEnumerator","System.Collections.Generic.IEnumerator`1<DolocTown.DropItemBase> DolocTown.AutomateSystemEnv/<GetAllDropItemsInRoom>d__12::System.Collections.Generic.IEnumerable<DolocTown.DropItemBase>.GetEnumerator()","System.Collections.Generic.IEnumerator`1<DolocTown.DropItemBase>","","private","False","True","False","False","True","67","0x06009D02"
"DolocTown.AutomateSystemEnv/<GetAllDropItemsInRoom>d__12","System.Collections.IEnumerable.GetEnumerator","System.Collections.IEnumerator DolocTown.AutomateSystemEnv/<GetAllDropItemsInRoom>d__12::System.Collections.IEnumerable.GetEnumerator()","System.Collections.IEnumerator","","private","False","True","False","False","True","7","0x06009D03"
"DolocTown.AutomateSystemLocker","IsLocked","System.Boolean DolocTown.AutomateSystemLocker::IsLocked(DolocTown.DropItemBase)","System.Boolean","DolocTown.DropItemBase item","public","False","False","False","False","True","13","0x060020F5"
"DolocTown.AutomateSystemLocker","IsUnlocked","System.Boolean DolocTown.AutomateSystemLocker::IsUnlocked(DolocTown.DropItemBase)","System.Boolean","DolocTown.DropItemBase item","public","False","False","False","False","True","16","0x060020F6"
"DolocTown.AutomateSystemLocker","LockDropItem","System.Void DolocTown.AutomateSystemLocker::LockDropItem(DolocTown.AutomateBot,DolocTown.DropItemBase)","System.Void","DolocTown.AutomateBot bot; DolocTown.DropItemBase item","public","False","False","False","False","True","14","0x060020F7"
"DolocTown.AutomateSystemLocker","UnlockDropItem","System.Void DolocTown.AutomateSystemLocker::UnlockDropItem(DolocTown.DropItemBase)","System.Void","DolocTown.DropItemBase item","public","False","False","False","False","True","13","0x060020F8"
"DolocTown.AutomateParamGathering","get_GatherCrop","System.Boolean DolocTown.AutomateParamGathering::get_GatherCrop()","System.Boolean","","public","False","False","False","False","True","7","0x06002134"
"DolocTown.AutomateParamGathering","set_GatherCrop","System.Void DolocTown.AutomateParamGathering::set_GatherCrop(System.Boolean)","System.Void","System.Boolean value","public","False","False","False","False","True","8","0x06002135"
"DolocTown.AutomateParamGathering","get_GatherDropItems","System.Boolean DolocTown.AutomateParamGathering::get_GatherDropItems()","System.Boolean","","public","False","False","False","False","True","7","0x06002136"
"DolocTown.AutomateParamGathering","set_GatherDropItems","System.Void DolocTown.AutomateParamGathering::set_GatherDropItems(System.Boolean)","System.Void","System.Boolean value","public","False","False","False","False","True","8","0x06002137"
"DolocTown.AutomateParamGathering","get_GatherEquipmentItems","System.Boolean DolocTown.AutomateParamGathering::get_GatherEquipmentItems()","System.Boolean","","public","False","False","False","False","True","7","0x06002138"
"DolocTown.AutomateParamGathering","set_GatherEquipmentItems","System.Void DolocTown.AutomateParamGathering::set_GatherEquipmentItems(System.Boolean)","System.Void","System.Boolean value","public","False","False","False","False","True","8","0x06002139"
"DolocTown.AutomateParamGathering",".ctor","System.Void DolocTown.AutomateParamGathering::.ctor(DolocTown.AutomateBot)","System.Void","DolocTown.AutomateBot bot","public","False","False","False","True","True","8","0x0600213A"
"DolocTown.AutomateParamGathering",".ctor","System.Void DolocTown.AutomateParamGathering::.ctor(System.Boolean,System.Collections.Generic.HashSet`1<System.Int32>,System.Boolean,System.Boolean,System.Boolean)","System.Void","System.Boolean filterContainerSkin; System.Collections.Generic.HashSet`1<System.Int32> containerSkinSet; System.Boolean gatherCrop; System.Boolean gatherDropItems; System.Boolean gatherEquipmentItems","protected","False","False","False","True","True","53","0x0600213B"
"DolocTown.AutomateParamGathering","FilterContainer","System.Boolean DolocTown.AutomateParamGathering::FilterContainer(DolocTown.Case)","System.Boolean","DolocTown.Case container","public","False","False","False","False","True","28","0x0600213C"
"DolocTown.AutomateParamGathering","LoadDefault","System.Void DolocTown.AutomateParamGathering::LoadDefault()","System.Void","","public","False","True","False","False","True","40","0x0600213D"
"DolocTown.AutomateTaskHarvestCrop",".ctor","System.Void DolocTown.AutomateTaskHarvestCrop::.ctor(DolocTown.PlantBasin)","System.Void","DolocTown.PlantBasin basin","public","False","False","False","True","True","15","0x06002168"
"DolocTown.AutomateTaskHarvestCrop","OnExecute","RedSaw.AI.LinearTask.TaskStatus DolocTown.AutomateTaskHarvestCrop::OnExecute(System.Single)","RedSaw.AI.LinearTask.TaskStatus","System.Single dt","public","False","True","False","False","True","83","0x06002169"
"DolocTown.AutomateTaskGatherEquipment",".ctor","System.Void DolocTown.AutomateTaskGatherEquipment::.ctor(DolocTown.Equipment)","System.Void","DolocTown.Equipment equipment","public","False","False","False","True","True","15","0x0600216A"
"DolocTown.AutomateTaskGatherEquipment","OnExecute","RedSaw.AI.LinearTask.TaskStatus DolocTown.AutomateTaskGatherEquipment::OnExecute(System.Single)","RedSaw.AI.LinearTask.TaskStatus","System.Single dt","public","False","True","False","False","True","166","0x0600216B"
"DolocTown.AutomateTaskPickupItem",".ctor","System.Void DolocTown.AutomateTaskPickupItem::.ctor(DolocTown.DropItemBase)","System.Void","DolocTown.DropItemBase dropItem","public","False","False","False","True","True","15","0x06002176"
"DolocTown.AutomateTaskPickupItem","TryGetItem","System.Boolean DolocTown.AutomateTaskPickupItem::TryGetItem(DolocTown.DropItemBase,DolocTown.Item&)","System.Boolean","DolocTown.DropItemBase dropItem; DolocTown.Item& item","private","True","False","False","False","True","53","0x06002178"
"DolocTown.LinearMissionPatch","AutomateHarvest","RedSaw.AI.LinearTask.LinearTask DolocTown.LinearMissionPatch::AutomateHarvest(RedSaw.AI.LinearTask.LinearTask,DolocTown.PlantBasin)","RedSaw.AI.LinearTask.LinearTask","RedSaw.AI.LinearTask.LinearTask preTask; DolocTown.PlantBasin basin","public","True","False","False","False","True","13","0x06002181"
"DolocTown.LinearMissionPatch","AutomateGatherEquipment","RedSaw.AI.LinearTask.LinearTask DolocTown.LinearMissionPatch::AutomateGatherEquipment(RedSaw.AI.LinearTask.LinearTask,DolocTown.Equipment)","RedSaw.AI.LinearTask.LinearTask","RedSaw.AI.LinearTask.LinearTask preTask; DolocTown.Equipment equipment","public","True","False","False","False","True","13","0x06002182"
"DolocTown.LinearMissionPatch","AutomatePickUp","RedSaw.AI.LinearTask.LinearTask DolocTown.LinearMissionPatch::AutomatePickUp(RedSaw.AI.LinearTask.LinearTask,DolocTown.DropItemBase)","RedSaw.AI.LinearTask.LinearTask","RedSaw.AI.LinearTask.LinearTask preTask; DolocTown.DropItemBase dropItem","public","True","False","False","False","True","13","0x06002183"
"DolocTown.ChickenNest","get_IsGatherable","System.Boolean DolocTown.ChickenNest::get_IsGatherable()","System.Boolean","","public","False","True","False","False","True","7","0x060021A5"
"DolocTown.ChickenNest","Gather","DolocTown.Item[] DolocTown.ChickenNest::Gather()","DolocTown.Item[]","","public","False","True","False","False","True","78","0x060021A6"
"DolocTown.FishTank","get_IsGatherable","System.Boolean DolocTown.FishTank::get_IsGatherable()","System.Boolean","","public","False","True","False","False","True","12","0x060021B2"
"DolocTown.FishTank","Gather","DolocTown.Item[] DolocTown.FishTank::Gather()","DolocTown.Item[]","","public","False","True","False","False","True","36","0x060021B3"
"DolocTown.FishTank","UpdateNoRender","System.Void DolocTown.FishTank::UpdateNoRender()","System.Void","","protected","False","True","False","False","True","57","0x060021CF"
"DolocTown.FishTankEcological","get_IsGatherable","System.Boolean DolocTown.FishTankEcological::get_IsGatherable()","System.Boolean","","public","False","True","False","False","True","12","0x060021E0"
"DolocTown.FishTankEcological","Gather","DolocTown.Item[] DolocTown.FishTankEcological::Gather()","DolocTown.Item[]","","public","False","True","False","False","True","36","0x060021E1"
"DolocTown.FishTankEcological","UpdateNoRender","System.Void DolocTown.FishTankEcological::UpdateNoRender()","System.Void","","protected","False","True","False","False","True","36","0x060021F9"
"DolocTown.HoneyComb","get_IsGatherable","System.Boolean DolocTown.HoneyComb::get_IsGatherable()","System.Boolean","","public","False","True","False","False","True","7","0x0600220D"
"DolocTown.HoneyComb","Gather","DolocTown.Item[] DolocTown.HoneyComb::Gather()","DolocTown.Item[]","","public","False","True","False","False","True","199","0x0600220E"
"DolocTown.IGatherableEquipment","get_CurrentRoom","DolocTown.Room DolocTown.IGatherableEquipment::get_CurrentRoom()","DolocTown.Room","","public","False","True","True","False","False","0","0x06002220"
"DolocTown.IGatherableEquipment","get_IsGatherable","System.Boolean DolocTown.IGatherableEquipment::get_IsGatherable()","System.Boolean","","public","False","True","True","False","False","0","0x06002221"
"DolocTown.IGatherableEquipment","Gather","DolocTown.Item[] DolocTown.IGatherableEquipment::Gather()","DolocTown.Item[]","","public","False","True","True","False","False","0","0x06002222"
"DolocTown.LintRoller","get_IsGatherable","System.Boolean DolocTown.LintRoller::get_IsGatherable()","System.Boolean","","public","False","True","False","False","True","7","0x06002223"
"DolocTown.LintRoller","Gather","DolocTown.Item[] DolocTown.LintRoller::Gather()","DolocTown.Item[]","","public","False","True","False","False","True","78","0x06002224"
"DolocTown.MilkingMachine","get_IsGatherable","System.Boolean DolocTown.MilkingMachine::get_IsGatherable()","System.Boolean","","public","False","False","False","False","True","7","0x0600223A"
"DolocTown.MilkingMachine","Gather","DolocTown.Item[] DolocTown.MilkingMachine::Gather()","DolocTown.Item[]","","public","False","False","False","False","True","78","0x0600223B"
"DolocTown.MilkingMachine","UpdateNoRender","System.Void DolocTown.MilkingMachine::UpdateNoRender()","System.Void","","protected","False","True","False","False","True","30","0x06002243"
"DolocTown.ResinCollector","get_IsGatherable","System.Boolean DolocTown.ResinCollector::get_IsGatherable()","System.Boolean","","public","False","True","False","False","True","23","0x06002254"
"DolocTown.ResinCollector","Gather","DolocTown.Item[] DolocTown.ResinCollector::Gather()","DolocTown.Item[]","","public","False","True","False","False","True","42","0x06002255"
"DolocTown.ResinCollector","GetTargetOutputInfo","DolocTown.Config.Resource.ResinCollectorOutputInfo DolocTown.ResinCollector::GetTargetOutputInfo(DolocTown.IDecalHost)","DolocTown.Config.Resource.ResinCollectorOutputInfo","DolocTown.IDecalHost host","private","False","False","False","False","True","89","0x06002262"
"DolocTown.ResinCollector","UpdateNoRender","System.Void DolocTown.ResinCollector::UpdateNoRender()","System.Void","","protected","False","True","False","False","True","66","0x06002265"
"DolocTown.Synthesizer","OnWorkDoneNoRender","System.Void DolocTown.Synthesizer::OnWorkDoneNoRender()","System.Void","","protected","False","True","False","False","True","8","0x06002290"
"DolocTown.Synthesizer","CreateDropItem","System.Void DolocTown.Synthesizer::CreateDropItem(System.Boolean,DolocTown.CountItem)","System.Void","System.Boolean isRender; DolocTown.CountItem countItem","protected","False","True","False","False","True","10","0x06002293"
"DolocTown.Toilet","get_IsGatherable","System.Boolean DolocTown.Toilet::get_IsGatherable()","System.Boolean","","public","False","True","False","False","True","7","0x0600229B"
"DolocTown.Toilet","Gather","DolocTown.Item[] DolocTown.Toilet::Gather()","DolocTown.Item[]","","public","False","True","False","False","True","73","0x0600229C"
"DolocTown.PlatformBuilder","RestoreSupportEquipmentsMaterial","System.Void DolocTown.PlatformBuilder::RestoreSupportEquipmentsMaterial()","System.Void","","private","False","False","False","False","True","78","0x06002376"
"DolocTown.PlatformBuilder","PlaceItemInBagOrCreateDropItem","System.Void DolocTown.PlatformBuilder::PlaceItemInBagOrCreateDropItem(System.String,System.Int32,UnityEngine.Vector2,System.Boolean)","System.Void","System.String itemName; System.Int32 count; UnityEngine.Vector2 pos; System.Boolean sendMessage","private","False","False","False","False","True","108","0x06002378"
"DolocTown.Equipment","get_AsDropItem","DolocTown.Item DolocTown.Equipment::get_AsDropItem()","DolocTown.Item","","public","False","False","False","False","True","43","0x060023E1"
"DolocTown.Equipment","DecoratedUpdateNoRender","System.Void DolocTown.Equipment::DecoratedUpdateNoRender()","System.Void","","public","False","False","False","False","True","12","0x060023F7"
"DolocTown.Equipment","OriginalUpdateNoRender","System.Void DolocTown.Equipment::OriginalUpdateNoRender()","System.Void","","public","False","False","False","False","True","7","0x060023FE"
"DolocTown.Equipment","UpdateNoRender","System.Void DolocTown.Equipment::UpdateNoRender()","System.Void","","protected","False","True","False","False","True","1","0x06002415"
"DolocTown.Equipment/WeatherDecoratorManager","RemoveDecoratorNoRender","System.Void DolocTown.Equipment/WeatherDecoratorManager::RemoveDecoratorNoRender()","System.Void","","public","False","False","False","False","True","32","0x06009D87"
"DolocTown.Equipment/WeatherDecoratorManager","UpdateNoRender","System.Void DolocTown.Equipment/WeatherDecoratorManager::UpdateNoRender()","System.Void","","public","False","True","False","False","True","38","0x06009D8A"
"DolocTown.Equipment/WeatherDecoratorManager","OriginUpdateNoRender","System.Void DolocTown.Equipment/WeatherDecoratorManager::OriginUpdateNoRender()","System.Void","","public","False","False","False","False","True","12","0x06009D91"
"DolocTown.Building","PlaceItemInBagOrCreateDropItem","System.Void DolocTown.Building::PlaceItemInBagOrCreateDropItem(DolocTown.Item,System.Boolean,System.Boolean)","System.Void","DolocTown.Item item; System.Boolean putInBackpack; System.Boolean sendMessage","private","False","False","False","False","True","96","0x060024E3"
"DolocTown.Building","AddMoneyOrCreateDropItem","System.Void DolocTown.Building::AddMoneyOrCreateDropItem(System.Int32,System.Boolean,System.Boolean)","System.Void","System.Int32 count; System.Boolean putInBackpack; System.Boolean sendMessage","private","False","False","False","False","True","108","0x060024E4"
"DolocTown.BuildingManager","UpdateNoRender","System.Void DolocTown.BuildingManager::UpdateNoRender()","System.Void","","public","False","False","False","False","True","94","0x06002551"
"DolocTown.CollectionManager","GetResourceDocumentCount","System.Int32 DolocTown.CollectionManager::GetResourceDocumentCount()","System.Int32","","public","False","False","False","False","True","117","0x060025AE"
"DolocTown.CollectionManager","GetResourceDocumentList","System.Collections.Generic.List`1<DolocTown.Config.Archives.CustomizedDocumentNodeInfo> DolocTown.CollectionManager::GetResourceDocumentList()","System.Collections.Generic.List`1<DolocTown.Config.Archives.CustomizedDocumentNodeInfo>","","public","False","False","False","False","True","124","0x060025AF"
"DolocTown.CollectionManager","RefreshResourceRecord","System.Collections.Generic.List`1<DolocTown.Config.Archives.CustomizedDocumentNodeInfo> DolocTown.CollectionManager::RefreshResourceRecord(System.String,System.String&)","System.Collections.Generic.List`1<DolocTown.Config.Archives.CustomizedDocumentNodeInfo>","System.String name; System.String& title","public","False","False","False","False","True","240","0x060025B6"
"DolocTown.CollectionManager/<>c__DisplayClass21_0","<GetResourceDocumentCount>b__0","System.Boolean DolocTown.CollectionManager/<>c__DisplayClass21_0::<GetResourceDocumentCount>b__0(DolocTown.Config.Archives.CustomizedDocumentNodeInfo)","System.Boolean","DolocTown.Config.Archives.CustomizedDocumentNodeInfo info","internal","False","False","False","False","True","23","0x06009DCD"
"DolocTown.CollectionManager/<>c__DisplayClass22_0","<GetResourceDocumentList>b__0","System.Boolean DolocTown.CollectionManager/<>c__DisplayClass22_0::<GetResourceDocumentList>b__0(DolocTown.Config.Archives.CustomizedDocumentNodeInfo)","System.Boolean","DolocTown.Config.Archives.CustomizedDocumentNodeInfo info","internal","False","False","False","False","True","23","0x06009DCF"
"DolocTown.AffectorElectric","get_IsWorking","System.Boolean DolocTown.AffectorElectric::get_IsWorking()","System.Boolean","","public","False","False","False","False","True","10","0x0600269E"
"DolocTown.AffectorElectric","get_IsTurnOn","System.Boolean DolocTown.AffectorElectric::get_IsTurnOn()","System.Boolean","","public","False","False","False","False","True","7","0x0600269F"
"DolocTown.AffectorElectric","get_PositionSwitch","UnityEngine.Vector2 DolocTown.AffectorElectric::get_PositionSwitch()","UnityEngine.Vector2","","public","False","False","False","False","True","60","0x060026A0"
"DolocTown.AffectorElectric","get_PositionTip","UnityEngine.Vector3 DolocTown.AffectorElectric::get_PositionTip()","UnityEngine.Vector3","","public","False","True","False","False","True","49","0x060026A1"
"DolocTown.AffectorElectric","get_KeyPrompt","System.String DolocTown.AffectorElectric::get_KeyPrompt()","System.String","","private","False","False","False","False","True","30","0x060026A2"
"DolocTown.AffectorElectric",".ctor","System.Void DolocTown.AffectorElectric::.ctor(DolocTown.IEquipmentHost,System.Int32,DolocTown.Config.Equipment.EquipmentInfo,UnityEngine.Vector3,UnityEngine.Vector2Int,System.Boolean)","System.Void","DolocTown.IEquipmentHost room; System.Int32 id; DolocTown.Config.Equipment.EquipmentInfo proto; UnityEngine.Vector3 wp; UnityEngine.Vector2Int anchor; System.Boolean turn","protected","False","False","False","True","True","80","0x060026A3"
"DolocTown.AffectorElectric",".ctor","System.Void DolocTown.AffectorElectric::.ctor(System.Int32,UnityEngine.Vector2Int,UnityEngine.Vector3,System.String,DolocTown.Equipment/WeatherDecoratorManager,DolocTown.ElectronicComponent,DolocTown.DecalInfo,System.Boolean,RedSaw.Counter,System.Boolean,System.Boolean)","System.Void","System.Int32 id; UnityEngine.Vector2Int anchor; UnityEngine.Vector3 position; System.String equipmentName; DolocTown.Equipment/WeatherDecoratorManager decorator; DolocTown.ElectronicComponent electronicComponent; DolocTown.DecalInfo decalInfo; System.Boolean turn; RedSaw.Counter workCounter; System.Boolean isIdle; System.Boolean isTurnOn","protected","False","False","False","True","True","57","0x060026A4"
"DolocTown.AffectorElectric","OnInvokeAffect","System.Void DolocTown.AffectorElectric::OnInvokeAffect()","System.Void","","protected","False","True","False","False","True","1","0x060026A5"
"DolocTown.AffectorElectric","OnStopAffect","System.Void DolocTown.AffectorElectric::OnStopAffect()","System.Void","","protected","False","True","False","False","True","1","0x060026A6"
"DolocTown.AffectorElectric","OnRender","System.Void DolocTown.AffectorElectric::OnRender()","System.Void","","protected","False","True","False","False","True","30","0x060026A7"
"DolocTown.AffectorElectric","OnUnRender","System.Void DolocTown.AffectorElectric::OnUnRender()","System.Void","","protected","False","True","False","False","True","35","0x060026A8"
"DolocTown.AffectorElectric","UpdateNoInterval","System.Void DolocTown.AffectorElectric::UpdateNoInterval()","System.Void","","private","False","False","False","False","True","107","0x060026A9"
"DolocTown.AffectorElectric","UpdateNoIntervalNoRender","System.Void DolocTown.AffectorElectric::UpdateNoIntervalNoRender()","System.Void","","private","False","False","False","False","True","78","0x060026AA"
"DolocTown.AffectorElectric","Update","System.Void DolocTown.AffectorElectric::Update()","System.Void","","protected","False","True","False","False","True","107","0x060026AB"
"DolocTown.AffectorElectric","UpdateNoRender","System.Void DolocTown.AffectorElectric::UpdateNoRender()","System.Void","","protected","False","True","False","False","True","77","0x060026AC"
"DolocTown.AffectorElectric","OnTouch","System.Void DolocTown.AffectorElectric::OnTouch()","System.Void","","protected","False","True","False","False","True","40","0x060026AD"
"DolocTown.AffectorElectric","OnDisTouch","System.Void DolocTown.AffectorElectric::OnDisTouch()","System.Void","","protected","False","True","False","False","True","33","0x060026AE"
"DolocTown.AffectorElectric","OnInteract","System.Void DolocTown.AffectorElectric::OnInteract()","System.Void","","protected","False","True","False","False","True","34","0x060026AF"
"DolocTown.AffectorElectric","RenderAsLowPower","System.Void DolocTown.AffectorElectric::RenderAsLowPower()","System.Void","","private","False","False","False","False","True","34","0x060026B0"
"DolocTown.AffectorElectric","UpdateSwitchIcon","System.Void DolocTown.AffectorElectric::UpdateSwitchIcon()","System.Void","","private","False","False","False","False","True","78","0x060026B1"
"DolocTown.AffectorElectric","OnSwitch","System.Void DolocTown.AffectorElectric::OnSwitch()","System.Void","","private","False","False","False","False","True","175","0x060026B2"
"DolocTown.AffectorElectric","RenderOnSwitch","System.Void DolocTown.AffectorElectric::RenderOnSwitch(System.Boolean)","System.Void","System.Boolean value","protected","False","True","False","False","True","1","0x060026B3"
"DolocTown.AffectorElectric","<OnInteract>b__26_0","System.Void DolocTown.AffectorElectric::<OnInteract>b__26_0()","System.Void","","private","False","False","False","False","True","22","0x060026B4"
"DolocTown.IAffector","InvokeAffectNoRender","System.Void DolocTown.IAffector::InvokeAffectNoRender()","System.Void","","public","False","True","False","False","True","52","0x060026BA"
"DolocTown.IAffectorReceiver","AffectNoRender","System.Void DolocTown.IAffectorReceiver::AffectNoRender(DolocTown.IAffector)","System.Void","DolocTown.IAffector affector","public","False","True","True","False","False","0","0x060026BD"
"DolocTown.SprinklerManual","UpdateNoRender","System.Void DolocTown.SprinklerManual::UpdateNoRender()","System.Void","","protected","False","True","False","False","True","36","0x060026E6"
"DolocTown.FishTankElectricEel","UpdateNoRender","System.Void DolocTown.FishTankElectricEel::UpdateNoRender()","System.Void","","protected","False","True","False","False","True","87","0x06002712"
"DolocTown.LivestockNursery","UpdateNoRender","System.Void DolocTown.LivestockNursery::UpdateNoRender()","System.Void","","protected","False","True","False","False","True","31","0x0600275D"
"DolocTown.Case","IsAutomateLabelMatch","System.Boolean DolocTown.Case::IsAutomateLabelMatch(DolocTown.DropItemBase)","System.Boolean","DolocTown.DropItemBase dropItem","public","False","False","False","False","True","89","0x06002784"
"DolocTown.GeneExtractor","CreateDropItem","System.Void DolocTown.GeneExtractor::CreateDropItem(System.Boolean,DolocTown.CountItem)","System.Void","System.Boolean isRender; DolocTown.CountItem countItem","protected","False","True","False","False","True","80","0x060027FF"
"DolocTown.GeneIncubator","OnWorkDoneNoRender","System.Void DolocTown.GeneIncubator::OnWorkDoneNoRender()","System.Void","","protected","False","True","False","False","True","8","0x0600280E"
"DolocTown.GeneReplicator","OnWorkDoneNoRender","System.Void DolocTown.GeneReplicator::OnWorkDoneNoRender()","System.Void","","protected","False","True","False","False","True","8","0x06002826"
"DolocTown.GeneSynthesizer","OnWorkDoneNoRender","System.Void DolocTown.GeneSynthesizer::OnWorkDoneNoRender()","System.Void","","protected","False","True","False","False","True","8","0x0600283A"
"DolocTown.SeedCompressor","CreateDropItem","System.Void DolocTown.SeedCompressor::CreateDropItem(System.Boolean,DolocTown.CountItem)","System.Void","System.Boolean isRender; DolocTown.CountItem countItem","protected","False","True","False","False","True","78","0x06002847"
"DolocTown.Barrel","UpdateNoRender","System.Void DolocTown.Barrel::UpdateNoRender()","System.Void","","protected","False","True","False","False","True","41","0x0600284D"
"DolocTown.Barrel","AffectNoRender","System.Void DolocTown.Barrel::AffectNoRender(DolocTown.IAffector)","System.Void","DolocTown.IAffector affector","public","False","False","False","False","True","23","0x06002858"
"DolocTown.EquipmentRoom","UpdateNoRender","System.Void DolocTown.EquipmentRoom::UpdateNoRender()","System.Void","","protected","False","True","False","False","True","43","0x06002874"
"DolocTown.ParkingApron","AfterReturnedNoRender","System.Void DolocTown.ParkingApron::AfterReturnedNoRender()","System.Void","","private","False","False","False","False","True","21","0x0600289F"
"DolocTown.ParkingApron","SpawnMoneyItemsNoRender","System.Void DolocTown.ParkingApron::SpawnMoneyItemsNoRender()","System.Void","","private","False","False","False","False","True","117","0x060028A2"
"DolocTown.ParkingApron","get_store","DolocTown.Store DolocTown.ParkingApron::get_store()","DolocTown.Store","","private","False","False","False","False","True","43","0x060028A7"
"DolocTown.ParkingApron","UpdateNoRender","System.Void DolocTown.ParkingApron::UpdateNoRender()","System.Void","","protected","False","True","False","False","True","45","0x060028B1"
"DolocTown.ShowCase","RefreshForegroundSprite","System.Void DolocTown.ShowCase::RefreshForegroundSprite()","System.Void","","private","False","False","False","False","True","104","0x060028BE"
"DolocTown.PlantBasin","get_CouldHarvest","System.Boolean DolocTown.PlantBasin::get_CouldHarvest()","System.Boolean","","private","False","False","False","False","True","37","0x0600290E"
"DolocTown.PlantBasin","Harvest","System.Void DolocTown.PlantBasin::Harvest(System.Boolean,System.Boolean)","System.Void","System.Boolean putInBackpack; System.Boolean sendMessage","public","False","False","False","False","True","265","0x0600290F"
"DolocTown.PlantBasin","HarvestTarget","System.Void DolocTown.PlantBasin::HarvestTarget(DolocTown.Crop,System.Boolean,System.Boolean)","System.Void","DolocTown.Crop targetCrop; System.Boolean putInBackpack; System.Boolean sendMessage","public","False","False","False","False","True","19","0x06002910"
"DolocTown.PlantBasin","AfterHarvest","System.Void DolocTown.PlantBasin::AfterHarvest(System.Boolean)","System.Void","System.Boolean isDead","protected","False","True","False","False","True","30","0x06002911"
"DolocTown.PlantBasin","UpdateNoRender","System.Void DolocTown.PlantBasin::UpdateNoRender()","System.Void","","protected","False","True","False","False","True","165","0x06002932"
"DolocTown.PlantBasin","UpdateAcidRainNoRender","System.Void DolocTown.PlantBasin::UpdateAcidRainNoRender()","System.Void","","public","False","False","False","False","True","162","0x06002934"
"DolocTown.PlantBasin","UpdateScorchSunNoRender","System.Void DolocTown.PlantBasin::UpdateScorchSunNoRender()","System.Void","","public","False","False","False","False","True","160","0x06002936"
"DolocTown.PlantBasin","DolocTown.IAffectorReceiver.AffectNoRender","System.Void DolocTown.PlantBasin::DolocTown.IAffectorReceiver.AffectNoRender(DolocTown.IAffector)","System.Void","DolocTown.IAffector affector","private","False","True","False","False","True","44","0x0600294D"
"DolocTown.PlantBasin","get_HarvestCountInfo","System.String DolocTown.PlantBasin::get_HarvestCountInfo()","System.String","","public","False","True","False","False","True","97","0x06002962"
"DolocTown.PlantBasinGrass","UpdateNoRender","System.Void DolocTown.PlantBasinGrass::UpdateNoRender()","System.Void","","protected","False","True","False","False","True","57","0x0600297B"
"DolocTown.PlantBasinSimple","AfterHarvest","System.Void DolocTown.PlantBasinSimple::AfterHarvest(System.Boolean)","System.Void","System.Boolean isDead","protected","False","True","False","False","True","59","0x06002989"
"DolocTown.PlantBasinTree","get_Crop","DolocTown.TreeCrop DolocTown.PlantBasinTree::get_Crop()","DolocTown.TreeCrop","","public","False","False","False","False","True","7","0x060029AC"
"DolocTown.PlantBasinTree","set_Crop","System.Void DolocTown.PlantBasinTree::set_Crop(DolocTown.TreeCrop)","System.Void","DolocTown.TreeCrop value","private","False","False","False","False","True","8","0x060029AD"
"DolocTown.PlantBasinTree","get_func","DolocTown.Config.Equipment.EquipmentFuncPlantBasinTree DolocTown.PlantBasinTree::get_func()","DolocTown.Config.Equipment.EquipmentFuncPlantBasinTree","","private","False","False","False","False","True","17","0x060029AE"
"DolocTown.PlantBasinTree","get_IsOccupy","System.Boolean DolocTown.PlantBasinTree::get_IsOccupy()","System.Boolean","","public","False","True","False","False","True","22","0x060029AF"
"DolocTown.PlantBasinTree","GetOccupyInfo","System.String DolocTown.PlantBasinTree::GetOccupyInfo()","System.String","","public","False","True","False","False","True","11","0x060029B0"
"DolocTown.PlantBasinTree","get_PositionTreeCrop","UnityEngine.Vector3 DolocTown.PlantBasinTree::get_PositionTreeCrop()","UnityEngine.Vector3","","public","False","False","False","False","True","86","0x060029B1"
"DolocTown.PlantBasinTree","get_PositionFertilizer","UnityEngine.Vector3 DolocTown.PlantBasinTree::get_PositionFertilizer()","UnityEngine.Vector3","","public","False","False","False","False","True","25","0x060029B2"
"DolocTown.PlantBasinTree",".ctor","System.Void DolocTown.PlantBasinTree::.ctor(DolocTown.IEquipmentHost,System.Int32,DolocTown.Config.Equipment.EquipmentInfo,UnityEngine.Vector3,UnityEngine.Vector2Int,System.Boolean)","System.Void","DolocTown.IEquipmentHost room; System.Int32 instanceId; DolocTown.Config.Equipment.EquipmentInfo proto; UnityEngine.Vector3 worldPos; UnityEngine.Vector2Int anchor; System.Boolean turn","public","False","False","False","True","True","32","0x060029B3"
"DolocTown.PlantBasinTree",".ctor","System.Void DolocTown.PlantBasinTree::.ctor(System.Int32,UnityEngine.Vector2Int,UnityEngine.Vector3,System.String,DolocTown.Equipment/WeatherDecoratorManager,DolocTown.ElectronicComponent,DolocTown.DecalInfo,System.Boolean,DolocTown.TreeCrop,RedSaw.Counter)","System.Void","System.Int32 id; UnityEngine.Vector2Int anchor; UnityEngine.Vector3 position; System.String equipmentName; DolocTown.Equipment/WeatherDecoratorManager decorator; DolocTown.ElectronicComponent electronicComponent; DolocTown.DecalInfo decalInfo; System.Boolean turn; DolocTown.TreeCrop Crop; RedSaw.Counter updateCounter","public","False","False","False","True","True","71","0x060029B4"
"DolocTown.PlantBasinTree","AfterLoadEquipment","System.Void DolocTown.PlantBasinTree::AfterLoadEquipment()","System.Void","","public","False","True","False","False","True","59","0x060029B5"
"DolocTown.PlantBasinTree","OnInteract","System.Void DolocTown.PlantBasinTree::OnInteract()","System.Void","","protected","False","True","False","False","True","63","0x060029B6"
"DolocTown.PlantBasinTree","TryPlantCrop","System.Boolean DolocTown.PlantBasinTree::TryPlantCrop()","System.Boolean","","public","False","False","False","False","True","200","0x060029B7"
"DolocTown.PlantBasinTree","Update","System.Void DolocTown.PlantBasinTree::Update()","System.Void","","protected","False","True","False","False","True","43","0x060029B8"
"DolocTown.PlantBasinTree","UpdateNoRender","System.Void DolocTown.PlantBasinTree::UpdateNoRender()","System.Void","","protected","False","True","False","False","True","43","0x060029B9"
"DolocTown.PlantBasinTree","OnRender","System.Void DolocTown.PlantBasinTree::OnRender()","System.Void","","protected","False","True","False","False","True","39","0x060029BA"
"DolocTown.PlantBasinTree","OnUnRender","System.Void DolocTown.PlantBasinTree::OnUnRender()","System.Void","","protected","False","True","False","False","True","18","0x060029BB"
"DolocTown.PlantBasinTree","RetrieveItemOnRemoval","System.Void DolocTown.PlantBasinTree::RetrieveItemOnRemoval(System.Boolean)","System.Void","System.Boolean putInBackpack","public","False","True","False","False","True","50","0x060029BC"
"DolocTown.PlantBasinTree","ClearCrop","System.Void DolocTown.PlantBasinTree::ClearCrop()","System.Void","","public","False","False","False","False","True","34","0x060029BD"
"DolocTown.PlantBasinTree","GenerateCropOutput","System.Void DolocTown.PlantBasinTree::GenerateCropOutput(DolocTown.Config.Item.ItemSpawnEntry,System.Boolean)","System.Void","DolocTown.Config.Item.ItemSpawnEntry entry; System.Boolean useBuff","public","False","False","False","False","True","47","0x060029BE"
"DolocTown.PlantBasinTree","CanFertilizer","System.Boolean DolocTown.PlantBasinTree::CanFertilizer(DolocTown.ItemFertilizer)","System.Boolean","DolocTown.ItemFertilizer fertilizer","public","False","False","False","False","True","33","0x060029BF"
"DolocTown.PlantBasinTree","CanFertilizer","System.Boolean DolocTown.PlantBasinTree::CanFertilizer()","System.Boolean","","public","False","False","False","False","True","22","0x060029C0"
"DolocTown.PlantBasinTree","Fertilizer","System.Boolean DolocTown.PlantBasinTree::Fertilizer(DolocTown.ItemFertilizer,System.Boolean,System.Boolean,System.Boolean)","System.Boolean","DolocTown.ItemFertilizer fertilizer; System.Boolean shouldRender; System.Boolean shouldSendMessage; System.Boolean playSoundEvent","public","False","False","False","False","True","65","0x060029C1"
"DolocTown.PlantBasinTree","Fertilizer","System.Boolean DolocTown.PlantBasinTree::Fertilizer(DolocTown.Config.Item.ItemInfo,System.Int32,System.Single,System.Boolean,System.Boolean,System.Boolean)","System.Boolean","DolocTown.Config.Item.ItemInfo fertilizerItem; System.Int32 duration; System.Single addition; System.Boolean shouldRender; System.Boolean shouldSendMessage; System.Boolean playSoundEvent","public","False","False","False","False","True","85","0x060029C2"
"DolocTown.PlantBasinTree","RenderFertilizer","System.Void DolocTown.PlantBasinTree::RenderFertilizer()","System.Void","","private","False","False","False","False","True","90","0x060029C3"
"DolocTown.PlantBasinTree","ClearFertilizerRenderer","System.Void DolocTown.PlantBasinTree::ClearFertilizerRenderer()","System.Void","","private","False","False","False","False","True","39","0x060029C4"
"DolocTown.PlantBasinTree","UpdateFertilizerRenderer","System.Void DolocTown.PlantBasinTree::UpdateFertilizerRenderer()","System.Void","","private","False","False","False","False","True","35","0x060029C5"
"DolocTown.PlantBasinTree","get_HasCrop","System.Boolean DolocTown.PlantBasinTree::get_HasCrop()","System.Boolean","","public","False","True","False","False","True","10","0x060029C6"
"DolocTown.PlantBasinTree","get_CropTitle","System.String DolocTown.PlantBasinTree::get_CropTitle()","System.String","","public","False","True","False","False","True","33","0x060029C7"
"DolocTown.PlantBasinTree","get_GrowthLevelInfo","System.String DolocTown.PlantBasinTree::get_GrowthLevelInfo()","System.String","","public","False","True","False","False","True","77","0x060029C8"
"DolocTown.PlantBasinTree","get_HarvestCountInfo","System.String DolocTown.PlantBasinTree::get_HarvestCountInfo()","System.String","","public","False","True","False","False","True","6","0x060029C9"
"DolocTown.PlantBasinTree","get_GeneInfo","System.String DolocTown.PlantBasinTree::get_GeneInfo()","System.String","","public","False","True","False","False","True","6","0x060029CA"
"DolocTown.PlantBasinTree","get_GrowthProgress","System.Single DolocTown.PlantBasinTree::get_GrowthProgress()","System.Single","","public","False","True","False","False","True","26","0x060029CB"
"DolocTown.PlantBasinTree","get_HealthProgress","System.Single DolocTown.PlantBasinTree::get_HealthProgress()","System.Single","","public","False","True","False","False","True","6","0x060029CC"
"DolocTown.PlantBasinTree","get_WaterProgress","System.Single DolocTown.PlantBasinTree::get_WaterProgress()","System.Single","","public","False","True","False","False","True","6","0x060029CD"
"DolocTown.PlantBasinTree","get_FilmProgress","System.Single DolocTown.PlantBasinTree::get_FilmProgress()","System.Single","","public","False","True","False","False","True","6","0x060029CE"
"DolocTown.PlantBasinTree","get_FertilizerProgress","System.Single DolocTown.PlantBasinTree::get_FertilizerProgress()","System.Single","","public","False","True","False","False","True","75","0x060029CF"
"DolocTown.PlantBasinTree","get_IsLighting","System.Boolean DolocTown.PlantBasinTree::get_IsLighting()","System.Boolean","","public","False","True","False","False","True","2","0x060029D0"
"DolocTown.PlantBasinTree/<>c__DisplayClass19_0",".ctor","System.Void DolocTown.PlantBasinTree/<>c__DisplayClass19_0::.ctor()","System.Void","","public","False","False","False","True","True","7","0x06009E3B"
"DolocTown.PlantBasinTree/<>c__DisplayClass19_0","<TryPlantCrop>b__0","System.Void DolocTown.PlantBasinTree/<>c__DisplayClass19_0::<TryPlantCrop>b__0()","System.Void","","internal","False","False","False","False","True","110","0x06009E3C"
"DolocTown.AutomateBotStation","UpdateNoRender","System.Void DolocTown.AutomateBotStation::UpdateNoRender()","System.Void","","protected","False","True","False","False","True","7","0x060029F6"
"DolocTown.GarbageShredder","OnWorkDoneNoRender","System.Void DolocTown.GarbageShredder::OnWorkDoneNoRender()","System.Void","","protected","False","True","False","False","True","14","0x06002A10"
"DolocTown.GarbageShredder","SpawnItems","System.Collections.Generic.IEnumerable`1<DolocTown.CountItem> DolocTown.GarbageShredder::SpawnItems(DolocTown.ItemEquipment,System.Single)","System.Collections.Generic.IEnumerable`1<DolocTown.CountItem>","DolocTown.ItemEquipment equipment; System.Single recycleFactor","private","True","False","False","False","True","22","0x06002A21"
"DolocTown.GarbageShredder","SpawnItems","DolocTown.CountItem[] DolocTown.GarbageShredder::SpawnItems(DolocTown.Config.Recipe.DismantleRecipeInfo)","DolocTown.CountItem[]","DolocTown.Config.Recipe.DismantleRecipeInfo recipeProto","private","True","False","False","False","True","83","0x06002A22"
"DolocTown.GarbageShredder","DropAsync","Cysharp.Threading.Tasks.UniTaskVoid DolocTown.GarbageShredder::DropAsync(DolocTown.CountItem[])","Cysharp.Threading.Tasks.UniTaskVoid","DolocTown.CountItem[] items","private","False","False","False","False","True","63","0x06002A23"
"DolocTown.GarbageShredder/<SpawnItems>d__38",".ctor","System.Void DolocTown.GarbageShredder/<SpawnItems>d__38::.ctor(System.Int32)","System.Void","System.Int32 <>1__state","public","False","False","False","True","True","25","0x06009E4E"
"DolocTown.GarbageShredder/<SpawnItems>d__38","System.IDisposable.Dispose","System.Void DolocTown.GarbageShredder/<SpawnItems>d__38::System.IDisposable.Dispose()","System.Void","","private","False","True","False","False","True","1","0x06009E4F"
"DolocTown.GarbageShredder/<SpawnItems>d__38","MoveNext","System.Boolean DolocTown.GarbageShredder/<SpawnItems>d__38::MoveNext()","System.Boolean","","private","False","True","False","False","True","348","0x06009E50"
"DolocTown.GarbageShredder/<SpawnItems>d__38","System.Collections.Generic.IEnumerator<DolocTown.CountItem>.get_Current","DolocTown.CountItem DolocTown.GarbageShredder/<SpawnItems>d__38::System.Collections.Generic.IEnumerator<DolocTown.CountItem>.get_Current()","DolocTown.CountItem","","private","False","True","False","False","True","7","0x06009E51"
"DolocTown.GarbageShredder/<SpawnItems>d__38","System.Collections.IEnumerator.Reset","System.Void DolocTown.GarbageShredder/<SpawnItems>d__38::System.Collections.IEnumerator.Reset()","System.Void","","private","False","True","False","False","True","6","0x06009E52"
"DolocTown.GarbageShredder/<SpawnItems>d__38","System.Collections.IEnumerator.get_Current","System.Object DolocTown.GarbageShredder/<SpawnItems>d__38::System.Collections.IEnumerator.get_Current()","System.Object","","private","False","True","False","False","True","12","0x06009E53"
"DolocTown.GarbageShredder/<SpawnItems>d__38","System.Collections.Generic.IEnumerable<DolocTown.CountItem>.GetEnumerator","System.Collections.Generic.IEnumerator`1<DolocTown.CountItem> DolocTown.GarbageShredder/<SpawnItems>d__38::System.Collections.Generic.IEnumerable<DolocTown.CountItem>.GetEnumerator()","System.Collections.Generic.IEnumerator`1<DolocTown.CountItem>","","private","False","True","False","False","True","67","0x06009E54"
"DolocTown.GarbageShredder/<SpawnItems>d__38","System.Collections.IEnumerable.GetEnumerator","System.Collections.IEnumerator DolocTown.GarbageShredder/<SpawnItems>d__38::System.Collections.IEnumerable.GetEnumerator()","System.Collections.IEnumerator","","private","False","True","False","False","True","7","0x06009E55"
"DolocTown.GarbageShredder/<DropAsync>d__40","MoveNext","System.Void DolocTown.GarbageShredder/<DropAsync>d__40::MoveNext()","System.Void","","private","False","True","False","False","True","352","0x06009E56"
"DolocTown.GarbageShredder/<DropAsync>d__40","SetStateMachine","System.Void DolocTown.GarbageShredder/<DropAsync>d__40::SetStateMachine(System.Runtime.CompilerServices.IAsyncStateMachine)","System.Void","System.Runtime.CompilerServices.IAsyncStateMachine stateMachine","private","False","True","False","False","True","13","0x06009E57"
"DolocTown.MalignantWeatherSuppressor","OnWorkDoneNoRender","System.Void DolocTown.MalignantWeatherSuppressor::OnWorkDoneNoRender()","System.Void","","protected","False","True","False","False","True","18","0x06002A2A"
"DolocTown.SynthesizerGenerator","OnWorkDoneNoRender","System.Void DolocTown.SynthesizerGenerator::OnWorkDoneNoRender()","System.Void","","protected","False","True","False","False","True","37","0x06002A39"
"DolocTown.EquipmentWorker","UpdateNoRender","System.Void DolocTown.EquipmentWorker::UpdateNoRender()","System.Void","","protected","False","True","False","False","True","12","0x06002A41"
"DolocTown.EquipmentWorker","WorkNoRender","System.Void DolocTown.EquipmentWorker::WorkNoRender(System.Int32)","System.Void","System.Int32 n","protected","False","False","False","False","True","25","0x06002A46"
"DolocTown.EquipmentWorker","ForceWorkNoRender","System.Void DolocTown.EquipmentWorker::ForceWorkNoRender(System.Int32)","System.Void","System.Int32 n","protected","False","False","False","False","True","24","0x06002A48"
"DolocTown.EquipmentWorker","OnWorkDoneNoRender","System.Void DolocTown.EquipmentWorker::OnWorkDoneNoRender()","System.Void","","protected","False","True","False","False","True","1","0x06002A4B"
"DolocTown.EquipmentWorker","FinishWorkNoRender","System.Void DolocTown.EquipmentWorker::FinishWorkNoRender()","System.Void","","public","False","True","False","False","True","7","0x06002A5A"
"DolocTown.IEquipmentWorker","UpdateWorkerNoRender","System.Void DolocTown.IEquipmentWorker::UpdateWorkerNoRender()","System.Void","","public","False","True","False","False","True","93","0x06002A5E"
"DolocTown.IEquipmentWorker","WorkNoRender","System.Boolean DolocTown.IEquipmentWorker::WorkNoRender(System.Int32)","System.Boolean","System.Int32 n","public","False","True","False","False","True","23","0x06002A60"
"DolocTown.IEquipmentWorker","ForceWorkNoRender","System.Void DolocTown.IEquipmentWorker::ForceWorkNoRender(System.Int32)","System.Void","System.Int32 n","public","False","True","False","False","True","36","0x06002A62"
"DolocTown.IEquipmentWorker","FinishWorkNoRender","System.Void DolocTown.IEquipmentWorker::FinishWorkNoRender()","System.Void","","public","False","True","True","False","False","0","0x06002A6F"
"DolocTown.EquipmentManager","UpdateNoRender","System.Void DolocTown.EquipmentManager::UpdateNoRender()","System.Void","","public","False","False","False","False","True","66","0x06002A84"
"DolocTown.EquipmentManager","ForEachEquipments","System.Collections.Generic.IEnumerable`1<T> DolocTown.EquipmentManager::ForEachEquipments()","System.Collections.Generic.IEnumerable`1<T>","","public","False","False","False","False","True","15","0x06002A8C"
"DolocTown.EquipmentManager/<ForEachEquipments>d__23`1",".ctor","System.Void DolocTown.EquipmentManager/<ForEachEquipments>d__23`1::.ctor(System.Int32)","System.Void","System.Int32 <>1__state","public","False","False","False","True","True","25","0x06009E61"
"DolocTown.EquipmentManager/<ForEachEquipments>d__23`1","System.IDisposable.Dispose","System.Void DolocTown.EquipmentManager/<ForEachEquipments>d__23`1::System.IDisposable.Dispose()","System.Void","","private","False","True","False","False","True","27","0x06009E62"
"DolocTown.EquipmentManager/<ForEachEquipments>d__23`1","MoveNext","System.Boolean DolocTown.EquipmentManager/<ForEachEquipments>d__23`1::MoveNext()","System.Boolean","","private","False","True","False","False","True","171","0x06009E63"
"DolocTown.EquipmentManager/<ForEachEquipments>d__23`1","<>m__Finally1","System.Void DolocTown.EquipmentManager/<ForEachEquipments>d__23`1::<>m__Finally1()","System.Void","","private","False","False","False","False","True","25","0x06009E64"
"DolocTown.EquipmentManager/<ForEachEquipments>d__23`1","System.Collections.Generic.IEnumerator<T>.get_Current","T DolocTown.EquipmentManager/<ForEachEquipments>d__23`1::System.Collections.Generic.IEnumerator<T>.get_Current()","T","","private","False","True","False","False","True","7","0x06009E65"
"DolocTown.EquipmentManager/<ForEachEquipments>d__23`1","System.Collections.IEnumerator.Reset","System.Void DolocTown.EquipmentManager/<ForEachEquipments>d__23`1::System.Collections.IEnumerator.Reset()","System.Void","","private","False","True","False","False","True","6","0x06009E66"
"DolocTown.EquipmentManager/<ForEachEquipments>d__23`1","System.Collections.IEnumerator.get_Current","System.Object DolocTown.EquipmentManager/<ForEachEquipments>d__23`1::System.Collections.IEnumerator.get_Current()","System.Object","","private","False","True","False","False","True","12","0x06009E67"
"DolocTown.EquipmentManager/<ForEachEquipments>d__23`1","System.Collections.Generic.IEnumerable<T>.GetEnumerator","System.Collections.Generic.IEnumerator`1<T> DolocTown.EquipmentManager/<ForEachEquipments>d__23`1::System.Collections.Generic.IEnumerable<T>.GetEnumerator()","System.Collections.Generic.IEnumerator`1<T>","","private","False","True","False","False","True","55","0x06009E68"
"DolocTown.EquipmentManager/<ForEachEquipments>d__23`1","System.Collections.IEnumerable.GetEnumerator","System.Collections.IEnumerator DolocTown.EquipmentManager/<ForEachEquipments>d__23`1::System.Collections.IEnumerable.GetEnumerator()","System.Collections.IEnumerator","","private","False","True","False","False","True","7","0x06009E69"
"DolocTown.EquipmentPatch","ThunderToRemove","System.Void DolocTown.EquipmentPatch::ThunderToRemove(DolocTown.Equipment)","System.Void","DolocTown.Equipment equipment","public","True","False","False","False","True","16","0x06002A9A"
"DolocTown.EquipmentPatch","CreateDropItem","System.Void DolocTown.EquipmentPatch::CreateDropItem(DolocTown.Equipment,DolocTown.CountItem,System.Boolean,System.Boolean)","System.Void","DolocTown.Equipment instance; DolocTown.CountItem countItem; System.Boolean shouldRender; System.Boolean sendMessage","public","True","False","False","False","True","42","0x06002A9C"
"DolocTown.EquipmentPatch","CreateDropItem","System.Void DolocTown.EquipmentPatch::CreateDropItem(DolocTown.Equipment,DolocTown.Item,System.Boolean,System.Boolean)","System.Void","DolocTown.Equipment instance; DolocTown.Item item; System.Boolean shouldRender; System.Boolean sendMessage","public","True","False","False","False","True","102","0x06002A9D"
"DolocTown.EquipmentPatch","CreateDropItem","System.Void DolocTown.EquipmentPatch::CreateDropItem(DolocTown.Equipment,System.String,System.Boolean,System.Boolean)","System.Void","DolocTown.Equipment instance; System.String itemName; System.Boolean shouldRender; System.Boolean sendMessage","public","True","False","False","False","True","98","0x06002A9E"
"DolocTown.EquipmentPatch","CreateDropItemMoney","System.Void DolocTown.EquipmentPatch::CreateDropItemMoney(DolocTown.Equipment,System.Int32,System.Boolean,System.Boolean)","System.Void","DolocTown.Equipment instance; System.Int32 value; System.Boolean shouldRender; System.Boolean sendMessage","public","True","False","False","False","True","65","0x06002A9F"
"DolocTown.EquipmentPatch","PlaceItemInBagOrCreateDropItem","System.Void DolocTown.EquipmentPatch::PlaceItemInBagOrCreateDropItem(DolocTown.Equipment,System.String,System.Boolean,System.Boolean)","System.Void","DolocTown.Equipment instance; System.String itemName; System.Boolean putInBackpack; System.Boolean sendMessage","public","True","False","False","False","True","108","0x06002AA3"
"DolocTown.EquipmentPatch","PlaceItemInBagOrCreateDropItem","System.Void DolocTown.EquipmentPatch::PlaceItemInBagOrCreateDropItem(DolocTown.Equipment,DolocTown.Item,System.Boolean,System.Boolean)","System.Void","DolocTown.Equipment instance; DolocTown.Item item; System.Boolean putInBackpack; System.Boolean sendMessage","public","True","False","False","False","True","110","0x06002AA4"
"DolocTown.EquipmentRendererBasePatch","RenderTreeCrop","System.Void DolocTown.EquipmentRendererBasePatch::RenderTreeCrop(DolocTown.EquipmentRenderer,DolocTown.TreeCrop,UnityEngine.Vector3)","System.Void","DolocTown.EquipmentRenderer R; DolocTown.TreeCrop crop; UnityEngine.Vector3 positionWS","public","True","False","False","False","True","57","0x06002AD2"
"DolocTown.WD_AcidRain_PlantBasin","UpdateNoRender","System.Void DolocTown.WD_AcidRain_PlantBasin::UpdateNoRender(System.Boolean)","System.Void","System.Boolean inProgress","public","False","True","False","False","True","12","0x06002AE5"
"DolocTown.WD_AcidRain_PowerGenerator","UpdateNoRender","System.Void DolocTown.WD_AcidRain_PowerGenerator::UpdateNoRender(System.Boolean)","System.Void","System.Boolean inProgress","public","False","True","False","False","True","34","0x06002AEF"
"DolocTown.WD_AcidRain_PowerGenerator","BeginNoRender","System.Void DolocTown.WD_AcidRain_PowerGenerator::BeginNoRender()","System.Void","","public","False","True","False","False","True","30","0x06002AF2"
"DolocTown.WD_AcidRain_PowerGenerator","EndNoRender","System.Void DolocTown.WD_AcidRain_PowerGenerator::EndNoRender()","System.Void","","public","False","True","False","False","True","18","0x06002AF4"
"DolocTown.WD_AcidRain_Worker","UpdateNoRender","System.Void DolocTown.WD_AcidRain_Worker::UpdateNoRender(System.Boolean)","System.Void","System.Boolean inProgress","public","False","True","False","False","True","34","0x06002AFE"
"DolocTown.WD_AcidRain_Worker","BeginNoRender","System.Void DolocTown.WD_AcidRain_Worker::BeginNoRender()","System.Void","","public","False","True","False","False","True","13","0x06002B00"
"DolocTown.WD_ScorchSun_PlantBasin","BeginNoRender","System.Void DolocTown.WD_ScorchSun_PlantBasin::BeginNoRender()","System.Void","","public","False","True","False","False","True","43","0x06002B0C"
"DolocTown.WD_ScorchSun_PlantBasin","UpdateNoRender","System.Void DolocTown.WD_ScorchSun_PlantBasin::UpdateNoRender(System.Boolean)","System.Void","System.Boolean inProgress","public","False","True","False","False","True","22","0x06002B0E"
"DolocTown.WeatherDecorator","BeginNoRender","System.Void DolocTown.WeatherDecorator::BeginNoRender()","System.Void","","public","False","True","False","False","True","1","0x06002B21"
"DolocTown.WeatherDecorator","EndNoRender","System.Void DolocTown.WeatherDecorator::EndNoRender()","System.Void","","public","False","True","False","False","True","1","0x06002B23"
"DolocTown.WeatherDecorator","UpdateNoRender","System.Void DolocTown.WeatherDecorator::UpdateNoRender(System.Boolean)","System.Void","System.Boolean inProgress","public","False","True","False","False","True","20","0x06002B25"
"DolocTown.ItemSeedTree","get_func","DolocTown.Config.Item.ItemFunctionSeedTree DolocTown.ItemSeedTree::get_func()","DolocTown.Config.Item.ItemFunctionSeedTree","","private","False","False","False","False","True","17","0x06002E35"
"DolocTown.ItemSeedTree","get_CanPlantOnGround","System.Boolean DolocTown.ItemSeedTree::get_CanPlantOnGround()","System.Boolean","","public","False","False","False","False","True","10","0x06002E36"
"DolocTown.ItemSeedTree","get_TreeSeedProto","DolocTown.Config.Plant.TreeSeedInfo DolocTown.ItemSeedTree::get_TreeSeedProto()","DolocTown.Config.Plant.TreeSeedInfo","","public","False","False","False","False","True","12","0x06002E37"
"DolocTown.ItemSeedTree","get_ResourceProto","DolocTown.Config.Resource.ResourceInfo DolocTown.ItemSeedTree::get_ResourceProto()","DolocTown.Config.Resource.ResourceInfo","","public","False","False","False","False","True","23","0x06002E38"
"DolocTown.ItemSeedTree","get_width","System.Int32 DolocTown.ItemSeedTree::get_width()","System.Int32","","private","False","False","False","False","True","18","0x06002E39"
"DolocTown.ItemSeedTree",".ctor","System.Void DolocTown.ItemSeedTree::.ctor(DolocTown.Config.Item.ItemInfo,System.Int32)","System.Void","DolocTown.Config.Item.ItemInfo item; System.Int32 count","public","False","False","False","True","True","9","0x06002E3A"
"DolocTown.ItemSeedTree",".ctor","System.Void DolocTown.ItemSeedTree::.ctor(System.String,System.Int32)","System.Void","System.String itemName; System.Int32 itemCount","protected","False","False","False","True","True","9","0x06002E3B"
"DolocTown.ItemSeedTree","OnUseAsTool","System.Void DolocTown.ItemSeedTree::OnUseAsTool()","System.Void","","protected","False","True","False","False","True","43","0x06002E3C"
"DolocTown.ItemSeedTree","_TryPlantInBasin","System.Boolean DolocTown.ItemSeedTree::_TryPlantInBasin(UnityEngine.Vector2Int)","System.Boolean","UnityEngine.Vector2Int cellpos","private","False","False","False","False","True","19","0x06002E3D"
"DolocTown.ItemSeedTree","_PlantTreeOnGround","System.Void DolocTown.ItemSeedTree::_PlantTreeOnGround(DolocTown.Config.Resource.ResourceInfo,UnityEngine.Vector2Int)","System.Void","DolocTown.Config.Resource.ResourceInfo proto; UnityEngine.Vector2Int cellpos","private","False","False","False","False","True","178","0x06002E3E"
"DolocTown.ItemSeedTree","OnQuickSelect","System.Void DolocTown.ItemSeedTree::OnQuickSelect()","System.Void","","protected","False","True","False","False","True","49","0x06002E3F"
"DolocTown.ItemSeedTree","OnQuickDeselect","System.Void DolocTown.ItemSeedTree::OnQuickDeselect()","System.Void","","protected","False","True","False","False","True","13","0x06002E40"
"DolocTown.ItemSeedTree","RefreshCellTip","System.Void DolocTown.ItemSeedTree::RefreshCellTip()","System.Void","","protected","False","True","False","False","True","117","0x06002E41"
"DolocTown.ItemSeedTree/<>c__DisplayClass14_0",".ctor","System.Void DolocTown.ItemSeedTree/<>c__DisplayClass14_0::.ctor()","System.Void","","public","False","False","False","True","True","7","0x06009ECB"
"DolocTown.ItemSeedTree/<>c__DisplayClass14_0","<_PlantTreeOnGround>b__0","System.Void DolocTown.ItemSeedTree/<>c__DisplayClass14_0::<_PlantTreeOnGround>b__0()","System.Void","","internal","False","False","False","False","True","57","0x06009ECC"
"DolocTown.Item","get_allowBuildResource","System.Boolean DolocTown.Item::get_allowBuildResource()","System.Boolean","","protected","False","False","False","False","True","22","0x06002E61"
"DolocTown.TreeCrop","get_Basin","DolocTown.PlantBasinTree DolocTown.TreeCrop::get_Basin()","DolocTown.PlantBasinTree","","public","False","False","False","False","True","7","0x06002EBA"
"DolocTown.TreeCrop","set_Basin","System.Void DolocTown.TreeCrop::set_Basin(DolocTown.PlantBasinTree)","System.Void","DolocTown.PlantBasinTree value","public","False","False","False","False","True","8","0x06002EBB"
"DolocTown.TreeCrop","get_Renderer","DolocTown.TreeCropRenderer DolocTown.TreeCrop::get_Renderer()","DolocTown.TreeCropRenderer","","public","False","False","False","False","True","7","0x06002EBC"
"DolocTown.TreeCrop","set_Renderer","System.Void DolocTown.TreeCrop::set_Renderer(DolocTown.TreeCropRenderer)","System.Void","DolocTown.TreeCropRenderer value","public","False","False","False","False","True","8","0x06002EBD"
"DolocTown.TreeCrop","get_seedName","System.String DolocTown.TreeCrop::get_seedName()","System.String","","protected","False","False","False","False","True","12","0x06002EBE"
"DolocTown.TreeCrop","get_CurrentLevel","System.Int32 DolocTown.TreeCrop::get_CurrentLevel()","System.Int32","","public","False","False","False","False","True","7","0x06002EBF"
"DolocTown.TreeCrop","set_CurrentLevel","System.Void DolocTown.TreeCrop::set_CurrentLevel(System.Int32)","System.Void","System.Int32 value","private","False","False","False","False","True","8","0x06002EC0"
"DolocTown.TreeCrop","get_isMature","System.Boolean DolocTown.TreeCrop::get_isMature()","System.Boolean","","private","False","False","False","False","True","23","0x06002EC1"
"DolocTown.TreeCrop","get_IsFertilizered","System.Boolean DolocTown.TreeCrop::get_IsFertilizered()","System.Boolean","","public","False","False","False","False","True","15","0x06002EC2"
"DolocTown.TreeCrop","get_CurrentLevelData","DolocTown.Config.Resource.ResourceLevelData DolocTown.TreeCrop::get_CurrentLevelData()","DolocTown.Config.Resource.ResourceLevelData","","public","False","False","False","False","True","18","0x06002EC3"
"DolocTown.TreeCrop","get_CurrentSprite","UnityEngine.Sprite DolocTown.TreeCrop::get_CurrentSprite()","UnityEngine.Sprite","","public","False","False","False","False","True","18","0x06002EC4"
"DolocTown.TreeCrop","get_maxGrowthValue","System.Int32 DolocTown.TreeCrop::get_maxGrowthValue()","System.Int32","","private","False","False","False","False","True","30","0x06002EC5"
"DolocTown.TreeCrop","get_GrowthProgress","System.Single DolocTown.TreeCrop::get_GrowthProgress()","System.Single","","public","False","False","False","False","True","21","0x06002EC6"
"DolocTown.TreeCrop","get_ShouldRepeat","System.Boolean DolocTown.TreeCrop::get_ShouldRepeat()","System.Boolean","","public","False","False","False","False","True","15","0x06002EC7"
"DolocTown.TreeCrop",".ctor","System.Void DolocTown.TreeCrop::.ctor(DolocTown.PlantBasinTree,DolocTown.Config.Plant.TreeSeedInfo)","System.Void","DolocTown.PlantBasinTree basin; DolocTown.Config.Plant.TreeSeedInfo protoTree","public","False","False","False","True","True","137","0x06002EC8"
"DolocTown.TreeCrop",".ctor","System.Void DolocTown.TreeCrop::.ctor(System.String,System.Single,System.Int32,System.Int32,DolocTown.FertilizerData,System.Int32)","System.Void","System.String seedName; System.Single currentGrowthValue; System.Int32 CurrentLevel; System.Int32 currentHealth; DolocTown.FertilizerData fertilizerData; System.Int32 randomSeed","protected","False","False","False","True","True","142","0x06002EC9"
"DolocTown.TreeCrop","Validate","System.Boolean DolocTown.TreeCrop::Validate()","System.Boolean","","public","False","False","False","False","True","10","0x06002ECA"
"DolocTown.TreeCrop","OnFell","System.Boolean DolocTown.TreeCrop::OnFell(DolocTown.ItemTool,UnityEngine.Vector2)","System.Boolean","DolocTown.ItemTool tool; UnityEngine.Vector2 hitPoint","public","False","False","False","False","True","497","0x06002ECB"
"DolocTown.TreeCrop","OnCompleteFell","System.Void DolocTown.TreeCrop::OnCompleteFell()","System.Void","","private","False","False","False","False","True","255","0x06002ECC"
"DolocTown.TreeCrop","get_Growth","System.Single DolocTown.TreeCrop::get_Growth()","System.Single","","public","False","False","False","False","True","54","0x06002ECD"
"DolocTown.TreeCrop","Update","System.Void DolocTown.TreeCrop::Update(DolocTown.Config.Weather.WeatherInfo,System.Boolean)","System.Void","DolocTown.Config.Weather.WeatherInfo weather; System.Boolean isRender","public","False","False","False","False","True","121","0x06002ECE"
"DolocTown.TreeCrop","OnRender","System.Void DolocTown.TreeCrop::OnRender()","System.Void","","public","False","False","False","False","True","7","0x06002ECF"
"DolocTown.TreeCrop","OnUnRender","System.Void DolocTown.TreeCrop::OnUnRender()","System.Void","","public","False","False","False","False","True","7","0x06002ED0"
"DolocTown.TreeCrop","RefreshSubRenderers","System.Void DolocTown.TreeCrop::RefreshSubRenderers()","System.Void","","private","False","False","False","False","True","101","0x06002ED1"
"DolocTown.TreeCrop","ClearSubRenders","System.Void DolocTown.TreeCrop::ClearSubRenders()","System.Void","","private","False","False","False","False","True","68","0x06002ED2"
"DolocTown.TreeCrop","RenderOnGrow","System.Void DolocTown.TreeCrop::RenderOnGrow()","System.Void","","public","False","False","False","False","True","124","0x06002ED3"
"DolocTown.TreeCrop","Fertilizer","System.Void DolocTown.TreeCrop::Fertilizer(System.Int32,System.Single,DolocTown.Config.Item.ItemInfo)","System.Void","System.Int32 duration; System.Single addition; DolocTown.Config.Item.ItemInfo fertilizerItem","public","False","False","False","False","True","30","0x06002ED4"
"DolocTown.TreeCrop","SetMaxHealth","System.Void DolocTown.TreeCrop::SetMaxHealth()","System.Void","","public","False","False","False","False","True","18","0x06002ED5"
"DolocTown.TreeCrop","DEBUG_SetLevel","System.Void DolocTown.TreeCrop::DEBUG_SetLevel(System.Int32)","System.Void","System.Int32 lv","public","False","False","False","False","True","73","0x06002ED6"
"DolocTown.Crop","get_hasHarvested","System.Boolean DolocTown.Crop::get_hasHarvested()","System.Boolean","","public","False","False","False","False","True","15","0x06002EFC"
"DolocTown.Crop","get_RemainingHarvestTimes","System.Int32 DolocTown.Crop::get_RemainingHarvestTimes()","System.Int32","","public","False","False","False","False","True","12","0x06002F00"
"DolocTown.Crop","AfterHarvest","System.Void DolocTown.Crop::AfterHarvest(System.Boolean)","System.Void","System.Boolean shouldRender","public","False","False","False","False","True","13","0x06002F39"
"DolocTown.CropDecorator","AfterHarvest","System.Void DolocTown.CropDecorator::AfterHarvest(System.Boolean)","System.Void","System.Boolean shouldRender","public","False","False","False","False","True","31","0x06002F4B"
"DolocTown.FertilizerData","ValidateTreeFertilizerItemInfo","DolocTown.Config.Item.ItemInfo DolocTown.FertilizerData::ValidateTreeFertilizerItemInfo(DolocTown.FertilizerData)","DolocTown.Config.Item.ItemInfo","DolocTown.FertilizerData current","public","True","False","False","False","True","163","0x06002F75"
"DolocTown.FertilizerData/<>c","<ValidateTreeFertilizerItemInfo>b__11_1","System.Boolean DolocTown.FertilizerData/<>c::<ValidateTreeFertilizerItemInfo>b__11_1(DolocTown.Config.Item.ItemInfo)","System.Boolean","DolocTown.Config.Item.ItemInfo x","internal","False","False","False","False","True","24","0x06009EF8"
"DolocTown.FertilizerData/<>c__DisplayClass11_0","<ValidateTreeFertilizerItemInfo>b__0","System.Boolean DolocTown.FertilizerData/<>c__DisplayClass11_0::<ValidateTreeFertilizerItemInfo>b__0(DolocTown.Config.Item.ItemInfo)","System.Boolean","DolocTown.Config.Item.ItemInfo x","internal","False","False","False","False","True","48","0x06009EFA"
"DolocTown.ForageGrass","GrowNoRender","System.Void DolocTown.ForageGrass::GrowNoRender()","System.Void","","public","False","False","False","False","True","110","0x06002F92"
"DolocTown.ForageGrass","Harvest","System.Void DolocTown.ForageGrass::Harvest(System.Boolean,System.Boolean,System.Boolean)","System.Void","System.Boolean shouldRender; System.Boolean putInBackpack; System.Boolean sendMessage","public","False","False","False","False","True","83","0x06002F9D"
"DolocTown.CropGeneFunction","AfterHarvest","System.Void DolocTown.CropGeneFunction::AfterHarvest(System.Boolean)","System.Void","System.Boolean shouldRender","public","False","True","False","False","True","1","0x06002FC9"
"DolocTown.CropGeneFunctionFertilityEnhance","AfterHarvest","System.Void DolocTown.CropGeneFunctionFertilityEnhance::AfterHarvest(System.Boolean)","System.Void","System.Boolean shouldRender","public","False","True","False","False","True","118","0x06002FF5"
"DolocTown.CropGeneFunctionFlorescenceExtend",".ctor","System.Void DolocTown.CropGeneFunctionFlorescenceExtend::.ctor(DolocTown.Config.Plant.CropGeneInfo)","System.Void","DolocTown.Config.Plant.CropGeneInfo geneProto","public","False","False","False","True","True","25","0x06002FFD"
"DolocTown.CropGeneFunctionFlorescenceExtend",".ctor","System.Void DolocTown.CropGeneFunctionFlorescenceExtend::.ctor(System.String,System.Int32)","System.Void","System.String geneId; System.Int32 extraLifespan","public","False","False","False","True","True","39","0x06002FFE"
"DolocTown.CropGeneFunctionFlorescenceExtend","get_MaxLifespan","System.Int32 DolocTown.CropGeneFunctionFlorescenceExtend::get_MaxLifespan()","System.Int32","","public","False","True","False","False","True","29","0x06002FFF"
"DolocTown.CropGeneFunctionFlorescenceExtend","OnCreate","System.Void DolocTown.CropGeneFunctionFlorescenceExtend::OnCreate()","System.Void","","public","False","True","False","False","True","38","0x06003000"
"DolocTown.CropGeneFunctionFlorescenceExtend","HandleBuffData","System.Single DolocTown.CropGeneFunctionFlorescenceExtend::HandleBuffData(System.Single)","System.Single","System.Single originValue","public","False","True","False","False","True","14","0x06003001"
"DolocTown.CropGeneFunctionHope","DropSeed","System.Void DolocTown.CropGeneFunctionHope::DropSeed(System.Boolean)","System.Void","System.Boolean shouldRender","private","False","False","False","False","True","147","0x0600300F"
"DolocTown.CropGeneFunctionHope","AfterHarvest","System.Void DolocTown.CropGeneFunctionHope::AfterHarvest(System.Boolean)","System.Void","System.Boolean shouldRender","public","False","True","False","False","True","34","0x06003010"
"DolocTown.CropGeneFunctionHope/<>c__DisplayClass2_0","<DropSeed>b__0","System.Void DolocTown.CropGeneFunctionHope/<>c__DisplayClass2_0::<DropSeed>b__0()","System.Void","","internal","False","False","False","False","True","56","0x06009F10"
"DolocTown.CropGeneFunctionSporeSpray",".ctor","System.Void DolocTown.CropGeneFunctionSporeSpray::.ctor(DolocTown.Config.Plant.CropGeneInfo)","System.Void","DolocTown.Config.Plant.CropGeneInfo geneProto","public","False","False","False","True","True","8","0x06003031"
"DolocTown.CropGeneFunctionSporeSpray",".ctor","System.Void DolocTown.CropGeneFunctionSporeSpray::.ctor(System.String)","System.Void","System.String geneId","public","False","False","False","True","True","8","0x06003032"
"DolocTown.CropGeneFunctionSporeSpray","OnCropMature","System.Void DolocTown.CropGeneFunctionSporeSpray::OnCropMature(System.Boolean)","System.Void","System.Boolean shouldRender","public","False","True","False","False","True","26","0x06003033"
"DolocTown.CropGeneFunctionSymbioticSupply","AfterHarvest","System.Void DolocTown.CropGeneFunctionSymbioticSupply::AfterHarvest(System.Boolean)","System.Void","System.Boolean shouldRender","public","False","True","False","False","True","70","0x06003040"
"DolocTown.TreeCropRenderer","get_sp","UnityEngine.SpriteRenderer DolocTown.TreeCropRenderer::get_sp()","UnityEngine.SpriteRenderer","","public","False","False","False","False","True","7","0x060030B8"
"DolocTown.TreeCropRenderer","set_sp","System.Void DolocTown.TreeCropRenderer::set_sp(UnityEngine.SpriteRenderer)","System.Void","UnityEngine.SpriteRenderer value","protected","False","False","False","False","True","8","0x060030B9"
"DolocTown.TreeCropRenderer","get_crop","DolocTown.TreeCrop DolocTown.TreeCropRenderer::get_crop()","DolocTown.TreeCrop","","public","False","False","False","False","True","7","0x060030BA"
"DolocTown.TreeCropRenderer","set_crop","System.Void DolocTown.TreeCropRenderer::set_crop(DolocTown.TreeCrop)","System.Void","DolocTown.TreeCrop value","public","False","False","False","False","True","8","0x060030BB"
"DolocTown.TreeCropRenderer","get_sprite","UnityEngine.Sprite DolocTown.TreeCropRenderer::get_sprite()","UnityEngine.Sprite","","public","False","False","False","False","True","12","0x060030BC"
"DolocTown.TreeCropRenderer","set_sprite","System.Void DolocTown.TreeCropRenderer::set_sprite(UnityEngine.Sprite)","System.Void","UnityEngine.Sprite value","public","False","False","False","False","True","31","0x060030BD"
"DolocTown.TreeCropRenderer","UpdateColliderPath","System.Void DolocTown.TreeCropRenderer::UpdateColliderPath()","System.Void","","public","False","False","False","False","True","29","0x060030BE"
"DolocTown.TreeCropRenderer","__Init","System.Void DolocTown.TreeCropRenderer::__Init()","System.Void","","protected","False","True","False","False","True","31","0x060030BF"
"DolocTown.TreeCropRenderer","OnRecycle","System.Void DolocTown.TreeCropRenderer::OnRecycle()","System.Void","","public","False","True","False","False","True","34","0x060030C0"
"DolocTown.TreeCropRenderer","Shine","System.Void DolocTown.TreeCropRenderer::Shine(System.Single)","System.Void","System.Single duration","public","False","False","False","False","True","1","0x060030C1"
"DolocTown.TreeCropRenderer","Shake","System.Void DolocTown.TreeCropRenderer::Shake(System.Single,System.Single)","System.Void","System.Single duration; System.Single shakeStrength","public","False","False","False","False","True","62","0x060030C2"
"DolocTown.TreeCropRenderer","OnDestroy","System.Void DolocTown.TreeCropRenderer::OnDestroy()","System.Void","","private","False","False","False","False","True","17","0x060030C3"
"DolocTown.TreeCropRenderer","get_ShouldCostEnergy","System.Boolean DolocTown.TreeCropRenderer::get_ShouldCostEnergy()","System.Boolean","","public","False","True","False","False","True","2","0x060030C4"
"DolocTown.TreeCropRenderer","get_ShouldCostChopCounter","System.Boolean DolocTown.TreeCropRenderer::get_ShouldCostChopCounter()","System.Boolean","","public","False","True","False","False","True","2","0x060030C5"
"DolocTown.TreeCropRenderer","OnFell","System.Boolean DolocTown.TreeCropRenderer::OnFell(DolocTown.ItemTool,UnityEngine.Vector2)","System.Boolean","DolocTown.ItemTool tool; UnityEngine.Vector2 hitPosition","public","False","True","False","False","True","20","0x060030C6"
"DolocTown.TreeCropRenderer",".ctor","System.Void DolocTown.TreeCropRenderer::.ctor()","System.Void","","public","False","False","False","True","True","7","0x060030C7"
"DolocTown.IRecipe","GenerateOutputItemAsDropItem","System.Void DolocTown.IRecipe::GenerateOutputItemAsDropItem(System.Int32)","System.Void","System.Int32 scale","public","False","True","False","False","True","133","0x06003139"
"DolocTown.TechLevelManager",".ctor","System.Void DolocTown.TechLevelManager::.ctor(System.Collections.Generic.Dictionary`2<DolocTown.Config.TechTree.TechPointType,DolocTown.GameData.TechLevelData>)","System.Void","System.Collections.Generic.Dictionary`2<DolocTown.Config.TechTree.TechPointType,DolocTown.GameData.TechLevelData> levelDatas","public","False","False","False","True","True","105","0x06003175"
"DolocTown.TechLevelManager","GetLevelData","DolocTown.GameData.TechLevelData DolocTown.TechLevelManager::GetLevelData(DolocTown.Config.TechTree.TechPointType)","DolocTown.GameData.TechLevelData","DolocTown.Config.TechTree.TechPointType type","public","False","False","False","False","True","13","0x06003177"
"DolocTown.TechLevelManager","ChangeTechExp","System.Boolean DolocTown.TechLevelManager::ChangeTechExp(DolocTown.Config.TechTree.TechPointType,System.Int32,DolocTown.GameData.TechLevelData&)","System.Boolean","DolocTown.Config.TechTree.TechPointType type; System.Int32 exp; DolocTown.GameData.TechLevelData& levelData","public","False","False","False","False","True","23","0x06003179"
"DolocTown.TechLevelManager","ChangeTechPoint","System.Void DolocTown.TechLevelManager::ChangeTechPoint(DolocTown.Config.TechTree.TechPointType,System.Int32)","System.Void","DolocTown.Config.TechTree.TechPointType type; System.Int32 point","public","False","False","False","False","True","19","0x0600317A"
"DolocTown.TechLevelManager","ClampExp","System.Void DolocTown.TechLevelManager::ClampExp(DolocTown.Config.TechTree.TechPointType,System.Int32)","System.Void","DolocTown.Config.TechTree.TechPointType type; System.Int32 maxExp","public","False","False","False","False","True","61","0x0600317B"
"DolocTown.ResourcePreset","get_resourceData","DolocTown.Config.Resource.ResourceInfo DolocTown.ResourcePreset::get_resourceData()","DolocTown.Config.Resource.ResourceInfo","","private","False","False","False","False","True","22","0x0600319F"
"DolocTown.ResourcePreset","get_validLevel","System.Boolean DolocTown.ResourcePreset::get_validLevel()","System.Boolean","","private","False","False","False","False","True","33","0x060031A0"
"DolocTown.ResourcePreset","get_isGrowth","System.Boolean DolocTown.ResourcePreset::get_isGrowth()","System.Boolean","","private","False","False","False","False","True","15","0x060031A1"
"DolocTown.ResourcePreset","get_Sprite","UnityEngine.Sprite DolocTown.ResourcePreset::get_Sprite()","UnityEngine.Sprite","","public","False","True","False","False","True","7","0x060031A2"
"DolocTown.ResourcePreset","get_GridSize","UnityEngine.Vector2Int DolocTown.ResourcePreset::get_GridSize()","UnityEngine.Vector2Int","","public","False","True","False","False","True","26","0x060031A3"
"DolocTown.ResourcePreset","get_PresetObjectName","System.String DolocTown.ResourcePreset::get_PresetObjectName()","System.String","","public","False","True","False","False","True","26","0x060031A4"
"DolocTown.ResourcePreset","Start","System.Void DolocTown.ResourcePreset::Start()","System.Void","","private","False","False","False","False","True","13","0x060031A5"
"DolocTown.ResourcePreset","CreatePreset","System.Boolean DolocTown.ResourcePreset::CreatePreset(DolocTown.GameData.RoomPresetObjectSO&)","System.Boolean","DolocTown.GameData.RoomPresetObjectSO& preset","public","False","True","False","False","True","110","0x060031A6"
"DolocTown.ResourcePreset",".ctor","System.Void DolocTown.ResourcePreset::.ctor()","System.Void","","public","False","False","False","True","True","7","0x060031A7"
"DolocTown.TemplateRoom",".ctor","System.Void DolocTown.TemplateRoom::.ctor(System.String,System.String,DolocTown.PlatformManager,DolocTown.EquipmentManager,DolocTown.DropItemManager,DolocTown.AnimalManager,DolocTown.DungeonResourceManager,DolocTown.MissionItemManager,DolocTown.RoomInteractableObjectManager,DolocTown.VegetationManager,DolocTown.BuildingManager,System.Int32,System.Boolean)","System.Void","System.String guid; System.String ProtoName; DolocTown.PlatformManager DM_platform; DolocTown.EquipmentManager DM_equipment; DolocTown.DropItemManager DM_dropitem; DolocTown.AnimalManager DM_animal; DolocTown.DungeonResourceManager DM_dungeonResource; DolocTown.MissionItemManager DM_missionItem; DolocTown.RoomInteractableObjectManager DM_interactableObject; DolocTown.VegetationManager DM_vegetation; DolocTown.BuildingManager DM_building; System.Int32 stopTime; System.Boolean blockCreate","protected","False","False","False","True","True","78","0x060031B2"
"DolocTown.TemplateRoomInHouse",".ctor","System.Void DolocTown.TemplateRoomInHouse::.ctor(System.String,System.String,DolocTown.PlatformManager,DolocTown.EquipmentManager,System.Boolean,DolocTown.DropItemManager,DolocTown.AnimalManager)","System.Void","System.String guid; System.String ProtoName; DolocTown.PlatformManager DM_platform; DolocTown.EquipmentManager DM_equipment; System.Boolean isBroken; DolocTown.DropItemManager DM_dropitem; DolocTown.AnimalManager DM_animal","public","False","False","False","True","True","31","0x060031C3"
"DolocTown.TemplateRoomOutdoor",".ctor","System.Void DolocTown.TemplateRoomOutdoor::.ctor(System.String,System.String,System.Int32,DolocTown.BuildingManager,DolocTown.DungeonResourceManager,DolocTown.PlatformManager,DolocTown.EquipmentManager,DolocTown.DropItemManager,DolocTown.MissionItemManager,DolocTown.AnimalManager)","System.Void","System.String guid; System.String ProtoName; System.Int32 stopTime; DolocTown.BuildingManager DM_building; DolocTown.DungeonResourceManager DM_dungeonResource; DolocTown.PlatformManager DM_platform; DolocTown.EquipmentManager DM_equipment; DolocTown.DropItemManager DM_dropitem; DolocTown.MissionItemManager DM_missionItem; DolocTown.AnimalManager DM_animal","protected","False","False","False","True","True","27","0x060031CE"
"DolocTown.TemplateRoomOutdoor","BeforeTimePass","System.Void DolocTown.TemplateRoomOutdoor::BeforeTimePass()","System.Void","","public","False","True","False","False","True","62","0x060031D0"
"DolocTown.Terrain","AnyFilledIgnoreTerrain","System.Boolean DolocTown.Terrain::AnyFilledIgnoreTerrain(System.Collections.Generic.IEnumerable`1<UnityEngine.Vector2Int>,DolocTown.TerrainLayerName)","System.Boolean","System.Collections.Generic.IEnumerable`1<UnityEngine.Vector2Int> positions; DolocTown.TerrainLayerName layerMask","public","False","False","False","False","True","160","0x06003216"
"DolocTown.SitParams","get_foreGroundSprite","UnityEngine.Sprite DolocTown.SitParams::get_foreGroundSprite()","UnityEngine.Sprite","","public","False","False","False","False","True","42","0x060032A9"
"DolocTown.GameStatePlugin","BeforeSwitch","System.Void DolocTown.GameStatePlugin::BeforeSwitch(IDolocGameState,IDolocGameState)","System.Void","IDolocGameState lst; IDolocGameState cur","public","False","True","False","False","True","1","0x060032C2"
"DolocTown.GameStatePluginCurrent","BeforeSwitch","System.Void DolocTown.GameStatePluginCurrent::BeforeSwitch(IDolocGameState,IDolocGameState)","System.Void","IDolocGameState lst; IDolocGameState cur","public","False","True","False","False","True","67","0x060032C5"
"DolocTown.GameStatePluginPauseTip","BeforeSwitch","System.Void DolocTown.GameStatePluginPauseTip::BeforeSwitch(IDolocGameState,IDolocGameState)","System.Void","IDolocGameState lst; IDolocGameState cur","public","False","True","False","False","True","78","0x060032C7"
"DolocTown.GameStatePluginStopAgentWhileModalState","BeforeSwitch","System.Void DolocTown.GameStatePluginStopAgentWhileModalState::BeforeSwitch(IDolocGameState,IDolocGameState)","System.Void","IDolocGameState lst; IDolocGameState cur","public","False","True","False","False","True","494","0x060032C9"
"DolocTown.WeatherRenderer_AcidRain","SetShouldCheckRainDropPosition","System.Void DolocTown.WeatherRenderer_AcidRain::SetShouldCheckRainDropPosition(System.Boolean)","System.Void","System.Boolean value","private","False","False","False","False","True","31","0x06003382"
"DolocTown.WeatherRenderer_Rain","SetShouldCheckRainDropPosition","System.Void DolocTown.WeatherRenderer_Rain::SetShouldCheckRainDropPosition(System.Boolean)","System.Void","System.Boolean value","public","False","False","False","False","True","31","0x06003395"
"DolocTown.WeatherRenderer_ThunderStorm","SetShouldCheckRainDropPosition","System.Void DolocTown.WeatherRenderer_ThunderStorm::SetShouldCheckRainDropPosition(System.Boolean)","System.Void","System.Boolean value","public","False","False","False","False","True","31","0x060033A7"
"DolocTown.RaindropCollision","get_ShouldCheckPosition","System.Boolean DolocTown.RaindropCollision::get_ShouldCheckPosition()","System.Boolean","","public","False","False","False","False","True","7","0x060033B2"
"DolocTown.RaindropCollision","set_ShouldCheckPosition","System.Void DolocTown.RaindropCollision::set_ShouldCheckPosition(System.Boolean)","System.Void","System.Boolean value","public","False","False","False","False","True","8","0x060033B3"
"DolocTown.RaindropCollision","get_RainFogColor","UnityEngine.Color DolocTown.RaindropCollision::get_RainFogColor()","UnityEngine.Color","","private","False","False","False","False","True","101","0x060033B4"
"DolocTown.RaindropCollision","Init","System.Void DolocTown.RaindropCollision::Init(System.Single,System.Single,System.Single)","System.Void","System.Single heavyProbility; System.Single objectHeavyProbility; System.Single waterWaveProbility","public","False","False","False","False","True","88","0x060033B5"
"DolocTown.RaindropCollision","SetShouldRaiseRainFog","System.Void DolocTown.RaindropCollision::SetShouldRaiseRainFog(System.Boolean)","System.Void","System.Boolean value","public","False","False","False","False","True","8","0x060033B6"
"DolocTown.RaindropCollision","IsValidPosition","System.Boolean DolocTown.RaindropCollision::IsValidPosition(UnityEngine.Vector2)","System.Boolean","UnityEngine.Vector2 ws","private","False","False","False","False","True","82","0x060033B7"
"DolocTown.RaindropCollision","RaiseDrop","System.Void DolocTown.RaindropCollision::RaiseDrop(UnityEngine.Vector2,System.Boolean,System.Boolean)","System.Void","UnityEngine.Vector2 pos; System.Boolean isObject; System.Boolean isHeavy","private","False","False","False","False","True","256","0x060033B8"
"DolocTown.RaindropCollision","OnParticleCollisionEnter","System.Void DolocTown.RaindropCollision::OnParticleCollisionEnter(UnityEngine.ParticleCollisionEvent,UnityEngine.GameObject)","System.Void","UnityEngine.ParticleCollisionEvent evt; UnityEngine.GameObject other","protected","False","True","False","False","True","204","0x060033B9"
"DolocTown.RaindropCollision",".ctor","System.Void DolocTown.RaindropCollision::.ctor()","System.Void","","public","False","False","False","True","True","46","0x060033BA"
"DolocTown.GameProcessSystem","FlushToRemoveGraphs","System.Void DolocTown.GameProcessSystem::FlushToRemoveGraphs()","System.Void","","private","False","False","False","False","True","56","0x06003456"
"DolocTown.AgentDropDownChecker","Check","System.Boolean DolocTown.AgentDropDownChecker::Check(UnityEngine.GameObject)","System.Boolean","UnityEngine.GameObject other","public","False","True","False","False","True","42","0x0600346F"
"DolocTown.AgentDropDownChecker",".ctor","System.Void DolocTown.AgentDropDownChecker::.ctor()","System.Void","","public","False","False","False","True","True","7","0x06003470"
"DolocTown.InteractableObject","CreateDropItem","System.Void DolocTown.InteractableObject::CreateDropItem(System.String)","System.Void","System.String itemName","protected","False","False","False","False","True","21","0x060034DF"
"DolocTown.InteractableObject","CreateDropItems","System.Void DolocTown.InteractableObject::CreateDropItems(DolocTown.CountItem)","System.Void","DolocTown.CountItem countItem","protected","False","False","False","False","True","31","0x060034E0"
"DolocTown.DeepWater","GetLatestWaterDropChecker","DolocTown.WaterDropChecker DolocTown.DeepWater::GetLatestWaterDropChecker()","DolocTown.WaterDropChecker","","private","False","False","False","False","True","63","0x060035E8"
"DolocTown.DeepWater/<>c","<GetLatestWaterDropChecker>b__8_0","System.Single DolocTown.DeepWater/<>c::<GetLatestWaterDropChecker>b__8_0(DolocTown.WaterDropChecker)","System.Single","DolocTown.WaterDropChecker c","internal","False","False","False","False","True","7","0x0600A03A"
"DolocTown.WaterDropChecker","get_touchChecker","DolocTown.ITouchCheckStrategy DolocTown.WaterDropChecker::get_touchChecker()","DolocTown.ITouchCheckStrategy","","protected","False","True","False","False","True","7","0x060035EB"
"DolocTown.WaterDropChecker","set_touchChecker","System.Void DolocTown.WaterDropChecker::set_touchChecker(DolocTown.ITouchCheckStrategy)","System.Void","DolocTown.ITouchCheckStrategy value","protected","False","True","False","False","True","8","0x060035EC"
"DolocTown.WaterDropChecker","get_passThroughTime","System.Single DolocTown.WaterDropChecker::get_passThroughTime()","System.Single","","public","False","False","False","False","True","7","0x060035ED"
"DolocTown.WaterDropChecker","set_passThroughTime","System.Void DolocTown.WaterDropChecker::set_passThroughTime(System.Single)","System.Void","System.Single value","private","False","False","False","False","True","8","0x060035EE"
"DolocTown.WaterDropChecker","get_wakeupPosition","UnityEngine.Vector2 DolocTown.WaterDropChecker::get_wakeupPosition()","UnityEngine.Vector2","","public","False","False","False","False","True","22","0x060035EF"
"DolocTown.WaterDropChecker","__Init","System.Void DolocTown.WaterDropChecker::__Init()","System.Void","","protected","False","True","False","False","True","46","0x060035F0"
"DolocTown.WaterDropChecker","OnTouch","System.Void DolocTown.WaterDropChecker::OnTouch()","System.Void","","protected","False","True","False","False","True","18","0x060035F1"
"DolocTown.WaterDropChecker",".ctor","System.Void DolocTown.WaterDropChecker::.ctor()","System.Void","","public","False","False","False","True","True","7","0x060035F2"
"DolocTown.SceneLightFluorescentLamp","Init","System.Void DolocTown.SceneLightFluorescentLamp::Init()","System.Void","","public","False","True","False","False","True","60","0x0600367B"
"DolocTown.SceneLightFluorescentLamp","TurnOff","System.Void DolocTown.SceneLightFluorescentLamp::TurnOff(System.Boolean)","System.Void","System.Boolean isInitial","protected","False","True","False","False","True","28","0x0600367C"
"DolocTown.SceneLightFluorescentLamp","TurnOn","System.Void DolocTown.SceneLightFluorescentLamp::TurnOn(System.Boolean)","System.Void","System.Boolean isInitial","protected","False","True","False","False","True","46","0x0600367D"
"DolocTown.SceneLightFluorescentLamp","OnUpdatePerTu","System.Void DolocTown.SceneLightFluorescentLamp::OnUpdatePerTu()","System.Void","","public","False","True","False","False","True","38","0x0600367E"
"DolocTown.SceneLightFluorescentLamp","OnDispose","System.Void DolocTown.SceneLightFluorescentLamp::OnDispose()","System.Void","","protected","False","True","False","False","True","12","0x0600367F"
"DolocTown.SceneLightFluorescentLamp",".ctor","System.Void DolocTown.SceneLightFluorescentLamp::.ctor()","System.Void","","public","False","False","False","True","True","18","0x06003680"
"DolocTown.SceneLightStreetLamp","Init","System.Void DolocTown.SceneLightStreetLamp::Init()","System.Void","","public","False","True","False","False","True","90","0x06003687"
"DolocTown.SceneLightStreetLamp","TurnOff","System.Void DolocTown.SceneLightStreetLamp::TurnOff(System.Boolean)","System.Void","System.Boolean isInitial","protected","False","True","False","False","True","91","0x06003688"
"DolocTown.SceneLightStreetLamp","TurnOn","System.Void DolocTown.SceneLightStreetLamp::TurnOn(System.Boolean)","System.Void","System.Boolean isInitial","protected","False","True","False","False","True","136","0x06003689"
"DolocTown.SceneLightStreetLamp","OnDispose","System.Void DolocTown.SceneLightStreetLamp::OnDispose()","System.Void","","protected","False","True","False","False","True","50","0x0600368A"
"DolocTown.SceneLightStreetLamp","OnUpdatePerTu","System.Void DolocTown.SceneLightStreetLamp::OnUpdatePerTu()","System.Void","","public","False","True","False","False","True","218","0x0600368B"
"DolocTown.SceneLightStreetLamp","OnEnable","System.Void DolocTown.SceneLightStreetLamp::OnEnable()","System.Void","","private","False","False","False","False","True","17","0x0600368C"
"DolocTown.SceneLightStreetLamp","OnDisable","System.Void DolocTown.SceneLightStreetLamp::OnDisable()","System.Void","","private","False","False","False","False","True","17","0x0600368D"
"DolocTown.SceneLightStreetLamp",".ctor","System.Void DolocTown.SceneLightStreetLamp::.ctor()","System.Void","","public","False","False","False","True","True","62","0x0600368E"
"DolocTown.StreetLampBulb","get_EffectsPosition","UnityEngine.Vector2 DolocTown.StreetLampBulb::get_EffectsPosition()","UnityEngine.Vector2","","public","False","False","False","False","True","53","0x0600368F"
"DolocTown.StreetLampBulb","Init","System.Void DolocTown.StreetLampBulb::Init()","System.Void","","public","False","False","False","False","True","46","0x06003690"
"DolocTown.StreetLampBulb","FlickerLinear","System.Void DolocTown.StreetLampBulb::FlickerLinear(System.Single)","System.Void","System.Single duration","public","False","False","False","False","True","14","0x06003691"
"DolocTown.StreetLampBulb","TurnOffLinear","System.Void DolocTown.StreetLampBulb::TurnOffLinear(System.Single)","System.Void","System.Single duration","public","False","False","False","False","True","13","0x06003692"
"DolocTown.StreetLampBulb","TurnOnFlicker","System.Void DolocTown.StreetLampBulb::TurnOnFlicker(System.Single)","System.Void","System.Single duration","public","False","False","False","False","True","13","0x06003693"
"DolocTown.StreetLampBulb","TurnOnLinear","System.Void DolocTown.StreetLampBulb::TurnOnLinear(System.Single)","System.Void","System.Single duration","public","False","False","False","False","True","13","0x06003694"
"DolocTown.StreetLampBulb","Dispose","System.Void DolocTown.StreetLampBulb::Dispose()","System.Void","","public","False","False","False","False","True","12","0x06003695"
"DolocTown.StreetLampBulb",".ctor","System.Void DolocTown.StreetLampBulb::.ctor()","System.Void","","public","False","False","False","True","True","7","0x06003696"
"DolocTown.FloatingObjectBase","get_dropVelocity","System.Single DolocTown.FloatingObjectBase::get_dropVelocity()","System.Single","","protected","False","False","False","False","True","12","0x06003740"
"DolocTown.InteractiveWater","OnRainDrop","System.Void DolocTown.InteractiveWater::OnRainDrop(UnityEngine.Vector3)","System.Void","UnityEngine.Vector3 pos","public","False","False","False","False","True","30","0x06003766"
"DolocTown.BodyController","SetToForeground","System.Void DolocTown.BodyController::SetToForeground(System.Boolean)","System.Void","System.Boolean active","public","False","False","False","False","True","48","0x0600382F"
"DolocTown.BodyController","Drop","System.Void DolocTown.BodyController::Drop()","System.Void","","public","False","False","False","False","True","31","0x0600384E"
"DolocTown.AgentStateDrop",".ctor","System.Void DolocTown.AgentStateDrop::.ctor(AgentStateManager,DolocTown.BodyController)","System.Void","AgentStateManager parent; DolocTown.BodyController body","public","False","False","False","True","True","9","0x06003899"
"DolocTown.AgentStateDrop","NextState","AgentStateBase DolocTown.AgentStateDrop::NextState()","AgentStateBase","","protected","False","True","False","False","True","116","0x0600389A"
"DolocTown.AgentStateDrop","OnEnter","System.Void DolocTown.AgentStateDrop::OnEnter()","System.Void","","public","False","True","False","False","True","107","0x0600389B"
"DolocTown.AgentStateDrop","OnExit","System.Void DolocTown.AgentStateDrop::OnExit()","System.Void","","public","False","True","False","False","True","29","0x0600389C"
"DolocTown.AgentStateDrop","OnPlay","System.Void DolocTown.AgentStateDrop::OnPlay()","System.Void","","public","False","True","False","False","True","54","0x0600389D"
"DolocTown.AgentPhysicalStatus","get_IsDrop","System.Boolean DolocTown.AgentPhysicalStatus::get_IsDrop()","System.Boolean","","public","False","False","False","False","True","24","0x0600396C"
"DolocTown.AgentPhysicalStatus","Drop","System.Void DolocTown.AgentPhysicalStatus::Drop(System.Single)","System.Void","System.Single moveSpeed","public","False","False","False","False","True","114","0x06003977"
"DolocTown.AgentEquipmentFunction","UpdatePerTuNoRender","System.Void DolocTown.AgentEquipmentFunction::UpdatePerTuNoRender()","System.Void","","public","False","True","False","False","True","1","0x06003A39"
"DolocTown.AgentEquipmentFunctionExtraResource",".ctor","System.Void DolocTown.AgentEquipmentFunctionExtraResource::.ctor(DolocTown.Item,DolocTown.GameData.AgentEquipmentManager,DolocTown.Config.Player.AgentEquipmentSkillInfo)","System.Void","DolocTown.Item item; DolocTown.GameData.AgentEquipmentManager manager; DolocTown.Config.Player.AgentEquipmentSkillInfo skill","public","False","False","False","True","True","81","0x06003A4D"
"DolocTown.AgentEquipmentFunctionExtraResource","OnReceiveMessage","System.Void DolocTown.AgentEquipmentFunctionExtraResource::OnReceiveMessage(DolocTown.GameMessage)","System.Void","DolocTown.GameMessage message","public","False","True","False","False","True","194","0x06003A4E"
"DolocTown.AgentEquipmentFunctionExtraResource/<>c__DisplayClass3_0",".ctor","System.Void DolocTown.AgentEquipmentFunctionExtraResource/<>c__DisplayClass3_0::.ctor()","System.Void","","public","False","False","False","True","True","7","0x0600A091"
"DolocTown.AgentEquipmentFunctionExtraResource/<>c__DisplayClass3_0","<OnReceiveMessage>b__0","System.Void DolocTown.AgentEquipmentFunctionExtraResource/<>c__DisplayClass3_0::<OnReceiveMessage>b__0()","System.Void","","internal","False","False","False","False","True","97","0x0600A092"
"DolocTown.AgentEquipmentFunctionFellCountAdditionOre",".ctor","System.Void DolocTown.AgentEquipmentFunctionFellCountAdditionOre::.ctor(DolocTown.Item,DolocTown.GameData.AgentEquipmentManager,DolocTown.Config.Player.AgentEquipmentSkillInfo)","System.Void","DolocTown.Item item; DolocTown.GameData.AgentEquipmentManager manager; DolocTown.Config.Player.AgentEquipmentSkillInfo skill","public","False","False","False","True","True","27","0x06003A4F"
"DolocTown.AgentEquipmentFunctionFellCountAdditionOre","DoExtraConfig","DolocTown.Params.AgentEquipmentParams DolocTown.AgentEquipmentFunctionFellCountAdditionOre::DoExtraConfig(DolocTown.Params.AgentEquipmentParams)","DolocTown.Params.AgentEquipmentParams","DolocTown.Params.AgentEquipmentParams agentEquipmentParams","public","False","True","False","False","True","24","0x06003A50"
"DolocTown.BuffManager","UpdatePerTUNoRender","System.Void DolocTown.BuffManager::UpdatePerTUNoRender()","System.Void","","public","False","False","False","False","True","7","0x06003AA8"
"DolocTown.CharacterRenderer","SetToForeground","System.Void DolocTown.CharacterRenderer::SetToForeground(System.Boolean)","System.Void","System.Boolean active","public","False","False","False","False","True","29","0x06003AF4"
"DolocTown.MotorController","get_MaxDropSpeed","System.Single DolocTown.MotorController::get_MaxDropSpeed()","System.Single","","private","False","False","False","False","True","11","0x06003B06"
"DolocTown.MotorController","SetMotorForeground","System.Void DolocTown.MotorController::SetMotorForeground(System.Boolean)","System.Void","System.Boolean value","public","False","False","False","False","True","130","0x06003B27"
"DolocTown.MotorController","RestoreVelocity","System.Void DolocTown.MotorController::RestoreVelocity()","System.Void","","private","False","False","False","False","True","18","0x06003B2D"
"DolocTown.CollectorDropItem","Init","System.Void DolocTown.CollectorDropItem::Init()","System.Void","","public","False","False","False","False","True","33","0x06003B71"
"DolocTown.CollectorDropItem","ResetRadius","System.Void DolocTown.CollectorDropItem::ResetRadius(System.Single)","System.Void","System.Single radius","public","False","False","False","False","True","35","0x06003B72"
"DolocTown.CollectorDropItem","OnFixedUpdate","System.Void DolocTown.CollectorDropItem::OnFixedUpdate(System.Single)","System.Void","System.Single dt","public","False","False","False","False","True","84","0x06003B73"
"DolocTown.CollectorDropItem","_Collect","System.Void DolocTown.CollectorDropItem::_Collect(DolocTown.DropItemRenderer,System.Single)","System.Void","DolocTown.DropItemRenderer obj; System.Single dt","private","False","False","False","False","True","120","0x06003B74"
"DolocTown.CollectorDropItem","IsCollected","System.Boolean DolocTown.CollectorDropItem::IsCollected(DolocTown.DropItemRenderer)","System.Boolean","DolocTown.DropItemRenderer dropitem","private","True","False","False","False","True","26","0x06003B75"
"DolocTown.CollectorDropItem","OnTriggerEnter2D","System.Void DolocTown.CollectorDropItem::OnTriggerEnter2D(UnityEngine.Collider2D)","System.Void","UnityEngine.Collider2D other","private","False","False","False","False","True","52","0x06003B76"
"DolocTown.CollectorDropItem","OnTriggerExit2D","System.Void DolocTown.CollectorDropItem::OnTriggerExit2D(UnityEngine.Collider2D)","System.Void","UnityEngine.Collider2D other","private","False","False","False","False","True","45","0x06003B77"
"DolocTown.CollectorDropItem",".ctor","System.Void DolocTown.CollectorDropItem::.ctor()","System.Void","","public","False","False","False","True","True","51","0x06003B78"
"DolocTown.ToolCollider","get_HasCachedResource","System.Boolean DolocTown.ToolCollider::get_HasCachedResource()","System.Boolean","","public","False","False","False","False","True","15","0x06003C15"
"DolocTown.ToolCollider","get_HasCachedResourceRealtime","System.Boolean DolocTown.ToolCollider::get_HasCachedResourceRealtime()","System.Boolean","","public","False","False","False","False","True","22","0x06003C16"
"DolocTown.ToolCollider","ClearResourceCache","System.Void DolocTown.ToolCollider::ClearResourceCache(System.Boolean)","System.Void","System.Boolean force","public","False","False","False","False","True","147","0x06003C18"
"DolocTown.ToolCollider/<>c","<ClearResourceCache>b__13_0","System.Boolean DolocTown.ToolCollider/<>c::<ClearResourceCache>b__13_0(DolocTown.DungeonResource)","System.Boolean","DolocTown.DungeonResource resource","internal","False","False","False","False","True","7","0x0600A0CD"
"DolocTown.ToolRenderer","get_HasCachedResource","System.Boolean DolocTown.ToolRenderer::get_HasCachedResource()","System.Boolean","","public","False","False","False","False","True","12","0x06003C23"
"DolocTown.ToolRenderer","get_HasCachedResourceRealtime","System.Boolean DolocTown.ToolRenderer::get_HasCachedResourceRealtime()","System.Boolean","","public","False","False","False","False","True","12","0x06003C24"
"DolocTown.ToolRenderer","ClearResourceCache","System.Void DolocTown.ToolRenderer::ClearResourceCache(System.Boolean)","System.Void","System.Boolean force","public","False","False","False","False","True","13","0x06003C2D"
"DolocTown.DungeonResourceHostDebugger","TryGetHost","System.Boolean DolocTown.DungeonResourceHostDebugger::TryGetHost(T&)","System.Boolean","T& data","private","False","False","False","False","True","47","0x06003C3F"
"DolocTown.DungeonResourceHostDebugger",".ctor","System.Void DolocTown.DungeonResourceHostDebugger::.ctor()","System.Void","","public","False","False","False","True","True","7","0x06003C40"
"DolocTown.DungeonResourceHostDebugger",".cctor","System.Void DolocTown.DungeonResourceHostDebugger::.cctor()","System.Void","","private","True","False","False","True","True","11","0x06003C41"
"DolocTown.ISceneHandle","BeforeTimePass","System.Void DolocTown.ISceneHandle::BeforeTimePass()","System.Void","","public","False","True","True","False","False","0","0x06003C4A"
"DolocTown.RoomGeneratorUtils","GenResourceConstraint","DolocTown.GameData.TerrainConstraintSO DolocTown.RoomGeneratorUtils::GenResourceConstraint(UnityEngine.Vector2Int[],UnityEngine.Tilemaps.Tilemap,UnityEngine.Tilemaps.Tilemap,UnityEngine.Vector2Int)","DolocTown.GameData.TerrainConstraintSO","UnityEngine.Vector2Int[] groundPositions; UnityEngine.Tilemaps.Tilemap layerOther; UnityEngine.Tilemaps.Tilemap layerTree; UnityEngine.Vector2Int gridPos","public","True","False","False","False","True","387","0x06003C66"
"DolocTown.RoomGeneratorUtils","GenVegetationConstraint","DolocTown.GameData.TerrainConstraintSO DolocTown.RoomGeneratorUtils::GenVegetationConstraint(UnityEngine.Tilemaps.Tilemap,UnityEngine.Vector2Int[],UnityEngine.Vector2Int)","DolocTown.GameData.TerrainConstraintSO","UnityEngine.Tilemaps.Tilemap layer; UnityEngine.Vector2Int[] groundPositions; UnityEngine.Vector2Int offset","public","True","False","False","False","True","356","0x06003C6C"
"DolocTown.RoomGeneratorUtils","GenEnvObjectInfo","DolocTown.GameData.ResourceGenInfoSO DolocTown.RoomGeneratorUtils::GenEnvObjectInfo(UnityEngine.Tilemaps.Tilemap,UnityEngine.Tilemaps.Tilemap,UnityEngine.Vector2Int,UnityEngine.Vector2Int,System.Boolean)","DolocTown.GameData.ResourceGenInfoSO","UnityEngine.Tilemaps.Tilemap obstacleMap; UnityEngine.Tilemaps.Tilemap layerMonster; UnityEngine.Vector2Int lb; UnityEngine.Vector2Int rt; System.Boolean shouldGen","public","True","False","False","False","True","152","0x06003C6F"
"DolocTown.RoomHandle","CreateResourceGenInfoSO","DolocTown.GameData.ResourceGenInfoSO DolocTown.RoomHandle::CreateResourceGenInfoSO(UnityEngine.Vector2Int[],UnityEngine.Vector2Int)","DolocTown.GameData.ResourceGenInfoSO","UnityEngine.Vector2Int[] groundPositions; UnityEngine.Vector2Int gridPos","public","False","False","False","False","True","142","0x06003C70"
"DolocTown.RoomHandle","CreateEnvObjectGenInfoSO","DolocTown.GameData.ResourceGenInfoSO DolocTown.RoomHandle::CreateEnvObjectGenInfoSO()","DolocTown.GameData.ResourceGenInfoSO","","public","False","False","False","False","True","250","0x06003C73"
"DolocTown.RoomHandle","CreateVegetationGenInfoSO","DolocTown.GameData.ResourceGenInfoSO DolocTown.RoomHandle::CreateVegetationGenInfoSO(UnityEngine.Vector2Int[],UnityEngine.Vector2Int)","DolocTown.GameData.ResourceGenInfoSO","UnityEngine.Vector2Int[] groundPositions; UnityEngine.Vector2Int gridPos","public","False","False","False","False","True","122","0x06003C76"
"DolocTown.RoomHandle","ForeachInteractableObjects","System.Void DolocTown.RoomHandle::ForeachInteractableObjects(System.Action`1<DolocTown.InteractableObject>)","System.Void","System.Action`1<DolocTown.InteractableObject> action","private","False","False","False","False","True","54","0x06003C91"
"DolocTown.RoomHandle","BeforeTimePass","System.Void DolocTown.RoomHandle::BeforeTimePass()","System.Void","","public","False","True","False","False","True","1","0x06003C9C"
"DolocTown.RoomHandleUtils","SnapEdgeColliderToRect","System.Void DolocTown.RoomHandleUtils::SnapEdgeColliderToRect(UnityEngine.EdgeCollider2D,UnityEngine.Vector2,UnityEngine.Vector2,UnityEngine.Vector2)","System.Void","UnityEngine.EdgeCollider2D collider; UnityEngine.Vector2 pos; UnityEngine.Vector2 size; UnityEngine.Vector2 padding","public","True","False","False","False","True","160","0x06003CAF"
"DolocTown.IBuildingHost","CreateBuildingNoRender","DolocTown.Building DolocTown.IBuildingHost::CreateBuildingNoRender(DolocTown.Config.Building.BuildingInfo,UnityEngine.Vector2Int,UnityEngine.Vector3)","DolocTown.Building","DolocTown.Config.Building.BuildingInfo proto; UnityEngine.Vector2Int anchor; UnityEngine.Vector3 wp","public","False","True","False","False","True","103","0x06003CC0"
"DolocTown.IDropItemHost","get_DM_dropitem","DolocTown.DropItemManager DolocTown.IDropItemHost::get_DM_dropitem()","DolocTown.DropItemManager","","public","False","True","True","False","False","0","0x06003CE2"
"DolocTown.IDropItemHost","RenderAllDropItems","System.Void DolocTown.IDropItemHost::RenderAllDropItems()","System.Void","","public","False","True","False","False","True","35","0x06003CE3"
"DolocTown.IDropItemHost","HideAllDropItems","System.Void DolocTown.IDropItemHost::HideAllDropItems()","System.Void","","public","False","True","False","False","True","77","0x06003CE4"
"DolocTown.IDropItemHost","SetAllShieldCollector","System.Void DolocTown.IDropItemHost::SetAllShieldCollector(System.Boolean)","System.Void","System.Boolean shield","public","False","True","False","False","True","52","0x06003CE5"
"DolocTown.IDropItemHost","Clear","System.Void DolocTown.IDropItemHost::Clear()","System.Void","","public","False","True","False","False","True","96","0x06003CE6"
"DolocTown.IDropItemHost","DebugClear","System.Void DolocTown.IDropItemHost::DebugClear()","System.Void","","public","False","True","False","False","True","88","0x06003CE7"
"DolocTown.IDropItemHost","CreateDropItem","DolocTown.DropItem DolocTown.IDropItemHost::CreateDropItem(System.String,UnityEngine.Vector2,System.Boolean,System.Single)","DolocTown.DropItem","System.String itemName; UnityEngine.Vector2 start; System.Boolean shouldSendMsg; System.Single offset","public","False","True","False","False","True","67","0x06003CE8"
"DolocTown.IDropItemHost","CreateDropItemWithCount","DolocTown.DropItemBase DolocTown.IDropItemHost::CreateDropItemWithCount(DolocTown.CountItem,UnityEngine.Vector2,System.Boolean,System.Single)","DolocTown.DropItemBase","DolocTown.CountItem countItem; UnityEngine.Vector2 start; System.Boolean shouldSendMsg; System.Single offset","public","False","True","False","False","True","90","0x06003CE9"
"DolocTown.IDropItemHost","CreateDropItemsNoRender","DolocTown.DropItem[] DolocTown.IDropItemHost::CreateDropItemsNoRender(DolocTown.CountItem[],UnityEngine.Vector2,System.Boolean)","DolocTown.DropItem[]","DolocTown.CountItem[] countItems; UnityEngine.Vector2 targetPosition; System.Boolean shouldSendMessage","public","False","True","False","False","True","96","0x06003CEA"
"DolocTown.IDropItemHost","CreateDropItemNoRender","DolocTown.DropItem DolocTown.IDropItemHost::CreateDropItemNoRender(System.String,UnityEngine.Vector2,System.Boolean)","DolocTown.DropItem","System.String itemName; UnityEngine.Vector2 targetPosition; System.Boolean shouldSendMsg","public","False","True","False","False","True","16","0x06003CEB"
"DolocTown.IDropItemHost","CreateDropItem","DolocTown.DropItemBase DolocTown.IDropItemHost::CreateDropItem(DolocTown.Item,UnityEngine.Vector2,System.Boolean,System.Single)","DolocTown.DropItemBase","DolocTown.Item data; UnityEngine.Vector2 start; System.Boolean shouldSendMsg; System.Single offset","public","False","True","False","False","True","60","0x06003CEC"
"DolocTown.IDropItemHost","CreateDropItemNoRender","DolocTown.DropItemBase DolocTown.IDropItemHost::CreateDropItemNoRender(DolocTown.Item,UnityEngine.Vector2,System.Boolean)","DolocTown.DropItemBase","DolocTown.Item data; UnityEngine.Vector2 targetPosition; System.Boolean shouldSendMsg","public","False","True","False","False","True","21","0x06003CED"
"DolocTown.IDropItemHost","CreateDropItemMoney","DolocTown.DropItemMoney DolocTown.IDropItemHost::CreateDropItemMoney(System.Int32,UnityEngine.Vector2,System.Boolean)","DolocTown.DropItemMoney","System.Int32 value; UnityEngine.Vector2 start; System.Boolean shouldSendMsg","public","False","True","False","False","True","58","0x06003CEE"
"DolocTown.IDropItemHost","CreateDropItemMoneyNoRender","DolocTown.DropItemMoney DolocTown.IDropItemHost::CreateDropItemMoneyNoRender(System.Int32,UnityEngine.Vector2,System.Boolean)","DolocTown.DropItemMoney","System.Int32 value; UnityEngine.Vector2 targetPosition; System.Boolean shouldSendMsg","public","False","True","False","False","True","16","0x06003CEF"
"DolocTown.IDropItemHost","RenderDropItem","System.Void DolocTown.IDropItemHost::RenderDropItem(DolocTown.DropItemRenderer,DolocTown.DropItemBase)","System.Void","DolocTown.DropItemRenderer renderer; DolocTown.DropItemBase dropItem","public","False","True","False","False","True","63","0x06003CF0"
"DolocTown.IDropItemHost","TryGetBorderColor","System.Boolean DolocTown.IDropItemHost::TryGetBorderColor(DolocTown.DropItemBase,UnityEngine.Color&)","System.Boolean","DolocTown.DropItemBase D; UnityEngine.Color& color","public","False","True","False","False","True","129","0x06003CF1"
"DolocTown.IDropItemHost","RemoveDropItem","System.Boolean DolocTown.IDropItemHost::RemoveDropItem(DolocTown.DropItemBase)","System.Boolean","DolocTown.DropItemBase item","public","False","True","False","False","True","24","0x06003CF2"
"DolocTown.IDropItemHost","RemoveDropItemNoRender","System.Boolean DolocTown.IDropItemHost::RemoveDropItemNoRender(DolocTown.DropItemBase)","System.Boolean","DolocTown.DropItemBase item","public","False","True","False","False","True","13","0x06003CF3"
"DolocTown.IDropItemHost","GenerateDropItemsWithBuff","System.Boolean DolocTown.IDropItemHost::GenerateDropItemsWithBuff(DolocTown.Config.Resource.DungeonResourceType,DolocTown.Config.Item.ItemSpawnEntry,UnityEngine.Vector2,System.Boolean,System.Boolean)","System.Boolean","DolocTown.Config.Resource.DungeonResourceType type; DolocTown.Config.Item.ItemSpawnEntry entry; UnityEngine.Vector2 pos; System.Boolean shouldSendMsg; System.Boolean useBuff","public","False","True","False","False","True","83","0x06003CF4"
"DolocTown.IDropItemHost","GetCountWithBuff","System.Int32 DolocTown.IDropItemHost::GetCountWithBuff(DolocTown.Config.Resource.DungeonResourceType,System.Int32)","System.Int32","DolocTown.Config.Resource.DungeonResourceType type; System.Int32 originCount","public","False","True","False","False","True","122","0x06003CF5"
"DolocTown.IDropItemHost","CreateDropItemAnimated","System.Void DolocTown.IDropItemHost::CreateDropItemAnimated(DolocTown.CountItem[],UnityEngine.Vector2,System.Boolean)","System.Void","DolocTown.CountItem[] countItems; UnityEngine.Vector2 startPos; System.Boolean shouldSendMsg","public","False","True","False","False","True","83","0x06003CF6"
"DolocTown.IDropItemHost","CreateDropItemAnimated","System.Void DolocTown.IDropItemHost::CreateDropItemAnimated(DolocTown.CountItem,UnityEngine.Vector2,System.Boolean)","System.Void","DolocTown.CountItem countItem; UnityEngine.Vector2 startPos; System.Boolean shouldSendMsg","public","False","True","False","False","True","59","0x06003CF7"
"DolocTown.IDropItemHost","GetDropItemsCountByName","System.Int32 DolocTown.IDropItemHost::GetDropItemsCountByName(System.String)","System.Int32","System.String itemName","public","False","True","False","False","True","116","0x06003CF8"
"DolocTown.IDropItemHost","GetRandomDropLocation","UnityEngine.Vector2 DolocTown.IDropItemHost::GetRandomDropLocation(UnityEngine.Vector2,System.Single,System.Boolean&)","UnityEngine.Vector2","UnityEngine.Vector2 start; System.Single offset; System.Boolean& bounce","public","False","True","False","False","True","413","0x06003CF9"
"DolocTown.IDropItemHost","__AfterLoadDropItems","System.Void DolocTown.IDropItemHost::__AfterLoadDropItems()","System.Void","","public","False","True","False","False","True","66","0x06003CFA"
"DolocTown.IDungeonResourceHost","get_DM_dungeonResource","DolocTown.DungeonResourceManager DolocTown.IDungeonResourceHost::get_DM_dungeonResource()","DolocTown.DungeonResourceManager","","public","False","True","True","False","False","0","0x06003CFB"
"DolocTown.IDungeonResourceHost","get_ResourceGenInfo","DolocTown.GameData.ResourceGenInfoProto DolocTown.IDungeonResourceHost::get_ResourceGenInfo()","DolocTown.GameData.ResourceGenInfoProto","","public","False","True","True","False","False","0","0x06003CFC"
"DolocTown.IDungeonResourceHost","GenNewDungeonResource","System.Void DolocTown.IDungeonResourceHost::GenNewDungeonResource()","System.Void","","public","False","True","False","False","True","126","0x06003CFD"
"DolocTown.IDungeonResourceHost","RenderAllResources","System.Void DolocTown.IDungeonResourceHost::RenderAllResources()","System.Void","","public","False","True","False","False","True","18","0x06003CFE"
"DolocTown.IDungeonResourceHost","HideAllDungeonResources","System.Void DolocTown.IDungeonResourceHost::HideAllDungeonResources()","System.Void","","public","False","True","False","False","True","63","0x06003CFF"
"DolocTown.IDungeonResourceHost","GenerateDungeonResource_DungeonMode","System.Boolean DolocTown.IDungeonResourceHost::GenerateDungeonResource_DungeonMode(System.Boolean)","System.Boolean","System.Boolean refreshPresets","public","False","True","False","False","True","128","0x06003D00"
"DolocTown.IDungeonResourceHost","_GenDungeonResource","System.Void DolocTown.IDungeonResourceHost::_GenDungeonResource(DolocTown.Config.Resource.ResourceSpawnInfo,System.Int32)","System.Void","DolocTown.Config.Resource.ResourceSpawnInfo lut; System.Int32 totalCount","public","False","True","False","False","True","312","0x06003D01"
"DolocTown.IDungeonResourceHost","SetAllResourceToMaxLevel","System.Void DolocTown.IDungeonResourceHost::SetAllResourceToMaxLevel(System.Boolean)","System.Void","System.Boolean useTween","public","False","True","False","False","True","52","0x06003D02"
"DolocTown.IDungeonResourceHost","RenderResource","System.Void DolocTown.IDungeonResourceHost::RenderResource(System.Collections.Generic.IEnumerable`1<DolocTown.DungeonResource>)","System.Void","System.Collections.Generic.IEnumerable`1<DolocTown.DungeonResource> resources","public","False","True","False","False","True","29","0x06003D03"
"DolocTown.IDungeonResourceHost","Render","System.Void DolocTown.IDungeonResourceHost::Render(DolocTown.DungeonResourceRenderer,DolocTown.DungeonResource)","System.Void","DolocTown.DungeonResourceRenderer renderer; DolocTown.DungeonResource resource","public","False","True","False","False","True","91","0x06003D04"
"DolocTown.IDungeonResourceHost","CreateDungeonResource","DolocTown.DungeonResource DolocTown.IDungeonResourceHost::CreateDungeonResource(DolocTown.Config.Resource.ResourceInfo)","DolocTown.DungeonResource","DolocTown.Config.Resource.ResourceInfo proto","public","False","True","False","False","True","37","0x06003D05"
"DolocTown.IDungeonResourceHost","CreateDungeonResourceNoRender","DolocTown.DungeonResource DolocTown.IDungeonResourceHost::CreateDungeonResourceNoRender(DolocTown.Config.Resource.ResourceInfo)","DolocTown.DungeonResource","DolocTown.Config.Resource.ResourceInfo proto","public","False","True","False","False","True","103","0x06003D06"
"DolocTown.IDungeonResourceHost","CreateDungeonResourceNoRender","DolocTown.DungeonResource DolocTown.IDungeonResourceHost::CreateDungeonResourceNoRender(UnityEngine.Vector2Int,DolocTown.Config.Resource.ResourceInfo)","DolocTown.DungeonResource","UnityEngine.Vector2Int anchor; DolocTown.Config.Resource.ResourceInfo proto","public","False","True","False","False","True","29","0x06003D07"
"DolocTown.IDungeonResourceHost","RemoveDungeonResourceNoRender","System.Boolean DolocTown.IDungeonResourceHost::RemoveDungeonResourceNoRender(DolocTown.DungeonResource)","System.Boolean","DolocTown.DungeonResource resource","public","False","True","False","False","True","36","0x06003D08"
"DolocTown.IDungeonResourceHost","RemoveDungeonResource","System.Boolean DolocTown.IDungeonResourceHost::RemoveDungeonResource(DolocTown.DungeonResource)","System.Boolean","DolocTown.DungeonResource resource","public","False","True","False","False","True","29","0x06003D09"
"DolocTown.IDungeonResourceHost","_PlantTree","System.Boolean DolocTown.IDungeonResourceHost::_PlantTree(DolocTown.Config.Resource.ResourceInfo,UnityEngine.Vector2Int)","System.Boolean","DolocTown.Config.Resource.ResourceInfo proto; UnityEngine.Vector2Int point","public","False","True","False","False","True","51","0x06003D0A"
"DolocTown.IDungeonResourceHost","CanPlantTree","System.Boolean DolocTown.IDungeonResourceHost::CanPlantTree(UnityEngine.Vector2Int,System.Int32)","System.Boolean","UnityEngine.Vector2Int point; System.Int32 width","public","False","True","False","False","True","34","0x06003D0B"
"DolocTown.IDungeonResourceHost","CanPlantTreeConstraintCheck","System.Boolean DolocTown.IDungeonResourceHost::CanPlantTreeConstraintCheck(UnityEngine.Vector2Int,System.Int32)","System.Boolean","UnityEngine.Vector2Int point; System.Int32 width","public","False","True","False","False","True","111","0x06003D0C"
"DolocTown.IDungeonResourceHost","CanPlantTreeSpaceCheck","System.Boolean DolocTown.IDungeonResourceHost::CanPlantTreeSpaceCheck(UnityEngine.Vector2Int,System.Int32)","System.Boolean","UnityEngine.Vector2Int point; System.Int32 width","public","False","True","False","False","True","66","0x06003D0D"
"DolocTown.IDungeonResourceHost","IsPlantObstacle","System.Boolean DolocTown.IDungeonResourceHost::IsPlantObstacle(UnityEngine.Vector2Int,System.Int32)","System.Boolean","UnityEngine.Vector2Int point; System.Int32 width","public","False","True","False","False","True","59","0x06003D0E"
"DolocTown.IDungeonResourceHost","CanPlaceResource","System.Boolean DolocTown.IDungeonResourceHost::CanPlaceResource(UnityEngine.Vector2Int,DolocTown.Config.Resource.ResourceInfo)","System.Boolean","UnityEngine.Vector2Int pos; DolocTown.Config.Resource.ResourceInfo proto","public","False","True","False","False","True","78","0x06003D0F"
"DolocTown.IDungeonResourceHost","ClearResourceInPositions","System.Void DolocTown.IDungeonResourceHost::ClearResourceInPositions(UnityEngine.Vector2Int[])","System.Void","UnityEngine.Vector2Int[] positions","public","False","True","False","False","True","74","0x06003D10"
"DolocTown.IDungeonResourceHost","GetResourcesAt","DolocTown.DungeonResource[] DolocTown.IDungeonResourceHost::GetResourcesAt(UnityEngine.Vector2Int,System.Int32)","DolocTown.DungeonResource[]","UnityEngine.Vector2Int anchor; System.Int32 width","public","False","True","False","False","True","75","0x06003D11"
"DolocTown.IDungeonResourceHost","TryGetRandomResource","DolocTown.DungeonResource DolocTown.IDungeonResourceHost::TryGetRandomResource(DolocTown.Config.Resource.DungeonResourceClass)","DolocTown.DungeonResource","DolocTown.Config.Resource.DungeonResourceClass classType","public","False","True","False","False","True","13","0x06003D12"
"DolocTown.IDungeonResourceHost","TryGetRandomResource","DolocTown.DungeonResource DolocTown.IDungeonResourceHost::TryGetRandomResource(System.String)","DolocTown.DungeonResource","System.String id","public","False","True","False","False","True","13","0x06003D13"
"DolocTown.IDungeonResourceHost","TryGetRandomResource","DolocTown.DungeonResource DolocTown.IDungeonResourceHost::TryGetRandomResource(System.Collections.Generic.IEnumerable`1<System.String>)","DolocTown.DungeonResource","System.Collections.Generic.IEnumerable`1<System.String> ids","public","False","True","False","False","True","13","0x06003D14"
"DolocTown.IDungeonResourceHost","TryGetRandomResourceFromLut","DolocTown.DungeonResource DolocTown.IDungeonResourceHost::TryGetRandomResourceFromLut(System.String)","DolocTown.DungeonResource","System.String lutName","public","False","True","False","False","True","132","0x06003D15"
"DolocTown.IDungeonResourceHost","ClearAllResources","System.Void DolocTown.IDungeonResourceHost::ClearAllResources(System.Boolean)","System.Void","System.Boolean useEffect","public","False","True","False","False","True","63","0x06003D16"
"DolocTown.IDungeonResourceHost","CreateResourceFromPreset","DolocTown.DungeonResource DolocTown.IDungeonResourceHost::CreateResourceFromPreset(DolocTown.GameData.RoomPresetObjectProto)","DolocTown.DungeonResource","DolocTown.GameData.RoomPresetObjectProto preset","public","False","True","False","False","True","49","0x06003D17"
"DolocTown.IDungeonResourceHost","RemoveResourceOnMonthChange","System.Void DolocTown.IDungeonResourceHost::RemoveResourceOnMonthChange(System.Boolean)","System.Void","System.Boolean isRender","public","False","True","False","False","True","93","0x06003D18"
"DolocTown.IDungeonResourceHost","AfterNewGame","System.Void DolocTown.IDungeonResourceHost::AfterNewGame()","System.Void","","public","False","True","False","False","True","20","0x06003D19"
"DolocTown.IDungeonResourceHost","__AfterLoadDungeonResources","System.Void DolocTown.IDungeonResourceHost::__AfterLoadDungeonResources()","System.Void","","public","False","True","False","False","True","246","0x06003D1A"
"DolocTown.IDungeonResourceHost/<>c__DisplayClass21_0",".ctor","System.Void DolocTown.IDungeonResourceHost/<>c__DisplayClass21_0::.ctor()","System.Void","","public","False","False","False","True","True","7","0x0600A0EB"
"DolocTown.IDungeonResourceHost/<>c__DisplayClass21_0","<IsPlantObstacle>b__0","System.Boolean DolocTown.IDungeonResourceHost/<>c__DisplayClass21_0::<IsPlantObstacle>b__0(UnityEngine.Vector2Int)","System.Boolean","UnityEngine.Vector2Int p","internal","False","False","False","False","True","34","0x0600A0EC"
"DolocTown.IDungeonResourceHost/<>c",".cctor","System.Void DolocTown.IDungeonResourceHost/<>c::.cctor()","System.Void","","private","True","False","False","True","True","11","0x0600A0ED"
"DolocTown.IDungeonResourceHost/<>c",".ctor","System.Void DolocTown.IDungeonResourceHost/<>c::.ctor()","System.Void","","public","False","False","False","True","True","7","0x0600A0EE"
"DolocTown.IDungeonResourceHost/<>c","<TryGetRandomResourceFromLut>b__28_0","System.String DolocTown.IDungeonResourceHost/<>c::<TryGetRandomResourceFromLut>b__28_0(DolocTown.Config.Resource.ResourceSpawnData)","System.String","DolocTown.Config.Resource.ResourceSpawnData x","internal","False","False","False","False","True","7","0x0600A0EF"
"DolocTown.IDungeonResourceHost/<>c","<TryGetRandomResourceFromLut>b__28_1","System.Single DolocTown.IDungeonResourceHost/<>c::<TryGetRandomResourceFromLut>b__28_1(DolocTown.Config.Resource.ResourceSpawnData)","System.Single","DolocTown.Config.Resource.ResourceSpawnData x","internal","False","False","False","False","True","7","0x0600A0F0"
"DolocTown.IDungeonResourceHost/<>c","<RemoveResourceOnMonthChange>b__31_0","System.Boolean DolocTown.IDungeonResourceHost/<>c::<RemoveResourceOnMonthChange>b__31_0(DolocTown.DungeonResource)","System.Boolean","DolocTown.DungeonResource x","internal","False","False","False","False","True","30","0x0600A0F1"
"DolocTown.IEnvObjectHost","get_EnvObjectGenInfo","DolocTown.GameData.ResourceGenInfoProto DolocTown.IEnvObjectHost::get_EnvObjectGenInfo()","DolocTown.GameData.ResourceGenInfoProto","","public","False","True","True","False","False","0","0x06003D1C"
"DolocTown.IEnvObjectHost","CreateEnvObjectsNoRender","DolocTown.EnvObject[] DolocTown.IEnvObjectHost::CreateEnvObjectsNoRender(DolocTown.Config.Resource.EnvObjectInfo,System.Int32)","DolocTown.EnvObject[]","DolocTown.Config.Resource.EnvObjectInfo proto; System.Int32 count","public","False","True","False","False","True","106","0x06003D23"
"DolocTown.IEnvObjectHost","CreateEnvObjectNoRender","DolocTown.EnvObject DolocTown.IEnvObjectHost::CreateEnvObjectNoRender(DolocTown.Config.Resource.EnvObjectInfo,UnityEngine.Vector2Int)","DolocTown.EnvObject","DolocTown.Config.Resource.EnvObjectInfo proto; UnityEngine.Vector2Int anchor","public","False","True","False","False","True","67","0x06003D24"
"DolocTown.IEnvObjectHost/<>c__DisplayClass11_0","<CreateEnvObjectsNoRender>b__0","DolocTown.EnvObject DolocTown.IEnvObjectHost/<>c__DisplayClass11_0::<CreateEnvObjectsNoRender>b__0(UnityEngine.Vector2Int)","DolocTown.EnvObject","UnityEngine.Vector2Int x","internal","False","False","False","False","True","19","0x0600A0F3"
"DolocTown.IEquipmentHost","CreateEquipmentNoRender","DolocTown.Equipment DolocTown.IEquipmentHost::CreateEquipmentNoRender(UnityEngine.Vector3,UnityEngine.Vector2Int,DolocTown.Config.Equipment.EquipmentInfo,System.Boolean)","DolocTown.Equipment","UnityEngine.Vector3 wp; UnityEngine.Vector2Int anchor; DolocTown.Config.Equipment.EquipmentInfo proto; System.Boolean turn","public","False","True","False","False","True","73","0x06003D35"
"DolocTown.IMissionItemHost","CreateMissionItemNoRender","System.Boolean DolocTown.IMissionItemHost::CreateMissionItemNoRender(DolocTown.Config.Item.MissionItemInfo,DolocTown.Config.Room.MarkPointInfo)","System.Boolean","DolocTown.Config.Item.MissionItemInfo itemProto; DolocTown.Config.Room.MarkPointInfo markPointProto","public","False","True","False","False","True","34","0x06003D5F"
"DolocTown.IVegetationHost","get_DM_vegetation","DolocTown.VegetationManager DolocTown.IVegetationHost::get_DM_vegetation()","DolocTown.VegetationManager","","public","False","True","True","False","False","0","0x06003D8C"
"DolocTown.IVegetationHost","get_VegetationGenInfo","DolocTown.GameData.ResourceGenInfoProto DolocTown.IVegetationHost::get_VegetationGenInfo()","DolocTown.GameData.ResourceGenInfoProto","","public","False","True","True","False","False","0","0x06003D8D"
"DolocTown.IVegetationHost","RenderAllVegetation","System.Void DolocTown.IVegetationHost::RenderAllVegetation()","System.Void","","public","False","True","False","False","True","35","0x06003D8E"
"DolocTown.IVegetationHost","HideAllVegetation","System.Void DolocTown.IVegetationHost::HideAllVegetation()","System.Void","","public","False","True","False","False","True","63","0x06003D8F"
"DolocTown.IVegetationHost","Extend","System.Void DolocTown.IVegetationHost::Extend(UnityEngine.Vector2Int)","System.Void","UnityEngine.Vector2Int offset","public","False","True","False","False","True","78","0x06003D90"
"DolocTown.IVegetationHost","RenderVegetation","System.Void DolocTown.IVegetationHost::RenderVegetation(DolocTown.VegetationRenderer,DolocTown.Vegetation)","System.Void","DolocTown.VegetationRenderer renderer; DolocTown.Vegetation vegetation","public","False","True","False","False","True","120","0x06003D91"
"DolocTown.IVegetationHost","GenNewVegetation","System.Void DolocTown.IVegetationHost::GenNewVegetation(System.Boolean)","System.Void","System.Boolean randomGrowthLevel","public","False","True","False","False","True","112","0x06003D92"
"DolocTown.IVegetationHost","GenerateVegetation","System.Void DolocTown.IVegetationHost::GenerateVegetation(System.Boolean)","System.Void","System.Boolean randomGrowthLevel","public","False","True","False","False","True","309","0x06003D93"
"DolocTown.IVegetationHost","CreateVegetationNoRender","DolocTown.Vegetation DolocTown.IVegetationHost::CreateVegetationNoRender(DolocTown.Config.Resource.VegetationInfo,System.Boolean)","DolocTown.Vegetation","DolocTown.Config.Resource.VegetationInfo proto; System.Boolean randomGrowthLevel","public","False","True","False","False","True","206","0x06003D94"
"DolocTown.IVegetationHost","RemoveVegetation","System.Boolean DolocTown.IVegetationHost::RemoveVegetation(DolocTown.Vegetation)","System.Boolean","DolocTown.Vegetation vegetation","public","False","True","False","False","True","65","0x06003D95"
"DolocTown.IVegetationHost","ClearAllVegetation","System.Void DolocTown.IVegetationHost::ClearAllVegetation()","System.Void","","public","False","True","False","False","True","86","0x06003D96"
"DolocTown.IVegetationHost","ReGenRoomVegetation","System.Void DolocTown.IVegetationHost::ReGenRoomVegetation(System.Boolean)","System.Void","System.Boolean isRender","public","False","True","False","False","True","40","0x06003D97"
"DolocTown.IVegetationHost","__AfterLoadVegetation","System.Void DolocTown.IVegetationHost::__AfterLoadVegetation()","System.Void","","public","False","True","False","False","True","159","0x06003D98"
"DolocTown.IVegetationHost","AfterNewGame","System.Void DolocTown.IVegetationHost::AfterNewGame()","System.Void","","public","False","True","False","False","True","19","0x06003D99"
"DolocTown.IVegetationHost/<>c",".cctor","System.Void DolocTown.IVegetationHost/<>c::.cctor()","System.Void","","private","True","False","False","True","True","11","0x0600A10F"
"DolocTown.IVegetationHost/<>c",".ctor","System.Void DolocTown.IVegetationHost/<>c::.ctor()","System.Void","","public","False","False","False","True","True","7","0x0600A110"
"DolocTown.IVegetationHost/<>c","<__AfterLoadVegetation>b__14_0","System.Boolean DolocTown.IVegetationHost/<>c::<__AfterLoadVegetation>b__14_0(DolocTown.Vegetation)","System.Boolean","DolocTown.Vegetation x","internal","False","False","False","False","True","16","0x0600A111"
"DolocTown.Room","get_DM_dropitem","DolocTown.DropItemManager DolocTown.Room::get_DM_dropitem()","DolocTown.DropItemManager","","public","False","True","False","False","True","7","0x06003DBF"
"DolocTown.Room","set_DM_dropitem","System.Void DolocTown.Room::set_DM_dropitem(DolocTown.DropItemManager)","System.Void","DolocTown.DropItemManager value","private","False","False","False","False","True","8","0x06003DC0"
"DolocTown.Room","get_DM_dungeonResource","DolocTown.DungeonResourceManager DolocTown.Room::get_DM_dungeonResource()","DolocTown.DungeonResourceManager","","public","False","True","False","False","True","7","0x06003DC8"
"DolocTown.Room","set_DM_dungeonResource","System.Void DolocTown.Room::set_DM_dungeonResource(DolocTown.DungeonResourceManager)","System.Void","DolocTown.DungeonResourceManager value","private","False","False","False","False","True","8","0x06003DC9"
"DolocTown.Room","get_ResourceGenInfo","DolocTown.GameData.ResourceGenInfoProto DolocTown.Room::get_ResourceGenInfo()","DolocTown.GameData.ResourceGenInfoProto","","public","False","True","False","False","True","12","0x06003DCA"
"DolocTown.Room","get_HasResource","System.Boolean DolocTown.Room::get_HasResource()","System.Boolean","","public","False","False","False","False","True","15","0x06003DCB"
"DolocTown.Room","get_DM_vegetation","DolocTown.VegetationManager DolocTown.Room::get_DM_vegetation()","DolocTown.VegetationManager","","public","False","True","False","False","True","7","0x06003DCC"
"DolocTown.Room","set_DM_vegetation","System.Void DolocTown.Room::set_DM_vegetation(DolocTown.VegetationManager)","System.Void","DolocTown.VegetationManager value","private","False","False","False","False","True","8","0x06003DCD"
"DolocTown.Room","get_VegetationGenInfo","DolocTown.GameData.ResourceGenInfoProto DolocTown.Room::get_VegetationGenInfo()","DolocTown.GameData.ResourceGenInfoProto","","public","False","True","False","False","True","12","0x06003DCE"
"DolocTown.Room","get_EnvObjectGenInfo","DolocTown.GameData.ResourceGenInfoProto DolocTown.Room::get_EnvObjectGenInfo()","DolocTown.GameData.ResourceGenInfoProto","","public","False","True","False","False","True","12","0x06003DD0"
"DolocTown.Room",".ctor","System.Void DolocTown.Room::.ctor(DolocTown.DropItemManager,DolocTown.RoomInteractableObjectManager,DolocTown.MissionItemManager,DolocTown.DungeonResourceManager,DolocTown.VegetationManager,DolocTown.PlatformManager,DolocTown.BuildingManager,DolocTown.EquipmentManager,DolocTown.AnimalManager,System.Int32,System.Boolean)","System.Void","DolocTown.DropItemManager DM_dropitem; DolocTown.RoomInteractableObjectManager DM_interactableObject; DolocTown.MissionItemManager DM_missionItem; DolocTown.DungeonResourceManager DM_dungeonResource; DolocTown.VegetationManager DM_vegetation; DolocTown.PlatformManager DM_platform; DolocTown.BuildingManager DM_building; DolocTown.EquipmentManager DM_equipment; DolocTown.AnimalManager DM_animal; System.Int32 stopTime; System.Boolean blockCreate","protected","False","False","False","True","True","290","0x06003DF3"
"DolocTown.Room","UpdateNoRender","System.Void DolocTown.Room::UpdateNoRender()","System.Void","","public","False","True","False","False","True","169","0x06003E17"
"DolocTown.Room","BeforeTimePass","System.Void DolocTown.Room::BeforeTimePass()","System.Void","","public","False","True","False","False","True","35","0x06003E18"
"DolocTown.Room","UpdatePerHourNoRender","System.Void DolocTown.Room::UpdatePerHourNoRender(System.Int32)","System.Void","System.Int32 hourNow","public","False","True","False","False","True","1","0x06003E1B"
"DolocTown.WwiseSoundManager","StopCurrentBgmBeforePlay","System.Void DolocTown.WwiseSoundManager::StopCurrentBgmBeforePlay()","System.Void","","private","False","False","False","False","True","48","0x06003E34"
"DolocTown.DolocUiState`1","BeforeRegister","System.Void DolocTown.DolocUiState`1::BeforeRegister()","System.Void","","protected","False","True","False","False","True","1","0x06003EA5"
"DolocTown.AllDocumentUiState","BeforeRegister","System.Void DolocTown.AllDocumentUiState::BeforeRegister()","System.Void","","protected","False","True","False","False","True","234","0x06003EB7"
"DolocTown.BuildingPanelUiState","BeforeRegister","System.Void DolocTown.BuildingPanelUiState::BeforeRegister()","System.Void","","protected","False","True","False","False","True","88","0x06003EF9"
"DolocTown.BuildingPanelUiState/<>c","<BeforeRegister>b__8_0","System.Int32 DolocTown.BuildingPanelUiState/<>c::<BeforeRegister>b__8_0(System.String)","System.Int32","System.String x","internal","False","False","False","False","True","22","0x0600A12B"
"DolocTown.EquipmentPanelUiState","BeforeRegister","System.Void DolocTown.EquipmentPanelUiState::BeforeRegister()","System.Void","","protected","False","True","False","False","True","188","0x06003F0B"
"DolocTown.EquipmentPanelUiState/<>c","<BeforeRegister>b__21_0","DolocTown.Config.UI.EquipmentMenuSubType DolocTown.EquipmentPanelUiState/<>c::<BeforeRegister>b__21_0(DolocTown.Config.UI.EquipmentMenuInfo)","DolocTown.Config.UI.EquipmentMenuSubType","DolocTown.Config.UI.EquipmentMenuInfo x","internal","False","False","False","False","True","7","0x0600A131"
"DolocTown.EquipmentPanelUiState/<>c","<BeforeRegister>b__21_1","UnityEngine.Sprite DolocTown.EquipmentPanelUiState/<>c::<BeforeRegister>b__21_1(DolocTown.Config.UI.EquipmentMenuInfo)","UnityEngine.Sprite","DolocTown.Config.UI.EquipmentMenuInfo x","internal","False","False","False","False","True","12","0x0600A132"
"DolocTown.PlatformPanelUiState","BeforeRegister","System.Void DolocTown.PlatformPanelUiState::BeforeRegister()","System.Void","","protected","False","True","False","False","True","21","0x06003F33"
"DolocTown.RecipePanelUiState","BeforeRegister","System.Void DolocTown.RecipePanelUiState::BeforeRegister()","System.Void","","protected","False","True","False","False","True","14","0x06003F4A"
"DolocTown.RecipePanelUiState","HandleExchangeStoreStartUpArgs","System.Boolean DolocTown.RecipePanelUiState::HandleExchangeStoreStartUpArgs(DolocTown.ExchangeStore,DolocTown.LinearInventory[])","System.Boolean","DolocTown.ExchangeStore store; DolocTown.LinearInventory[] inventories","public","False","False","False","False","True","96","0x06003F68"
"DolocTown.RecipePanelUiState/<>c__DisplayClass75_0","<HandleExchangeStoreStartUpArgs>b__0","System.Int32 DolocTown.RecipePanelUiState/<>c__DisplayClass75_0::<HandleExchangeStoreStartUpArgs>b__0(DolocTown.IRecipe)","System.Int32","DolocTown.IRecipe recipe","internal","False","False","False","False","True","35","0x0600A13D"
"DolocTown.RecipePanelUiState/<>c__DisplayClass75_0","<HandleExchangeStoreStartUpArgs>b__1","System.Void DolocTown.RecipePanelUiState/<>c__DisplayClass75_0::<HandleExchangeStoreStartUpArgs>b__1(DolocTown.IRecipe,DolocTown.IRecipeGroup,System.Int32)","System.Void","DolocTown.IRecipe recipe; DolocTown.IRecipeGroup group; System.Int32 count","internal","False","False","False","False","True","134","0x0600A13E"
"DolocTown.EnvOptimizerUiState","BeforeRegister","System.Void DolocTown.EnvOptimizerUiState::BeforeRegister()","System.Void","","protected","False","True","False","False","True","14","0x06003FFA"
"DolocTown.HomePageUiState","BeforeRegister","System.Void DolocTown.HomePageUiState::BeforeRegister()","System.Void","","protected","False","True","False","False","True","302","0x06004073"
"DolocTown.HomePageUiState","<BeforeRegister>b__5_0","System.String DolocTown.HomePageUiState::<BeforeRegister>b__5_0()","System.String","","private","False","False","False","False","True","12","0x06004081"
"DolocTown.HomePageUiState","<BeforeRegister>b__5_2","System.String DolocTown.HomePageUiState::<BeforeRegister>b__5_2()","System.String","","private","False","False","False","False","True","12","0x06004082"
"DolocTown.HomePageUiState","<BeforeRegister>b__5_4","System.String DolocTown.HomePageUiState::<BeforeRegister>b__5_4()","System.String","","private","False","False","False","False","True","12","0x06004083"
"DolocTown.HomePageUiState","<BeforeRegister>b__5_6","System.String DolocTown.HomePageUiState::<BeforeRegister>b__5_6()","System.String","","private","False","False","False","False","True","12","0x06004084"
"DolocTown.HomePageUiState","<BeforeRegister>b__5_7","System.Void DolocTown.HomePageUiState::<BeforeRegister>b__5_7()","System.Void","","private","False","False","False","False","True","19","0x06004085"
"DolocTown.HomePageUiState","<BeforeRegister>b__5_10","System.Boolean DolocTown.HomePageUiState::<BeforeRegister>b__5_10(DolocTown.DeveloperListUiState)","System.Boolean","DolocTown.DeveloperListUiState state","private","False","False","False","False","True","33","0x06004086"
"DolocTown.HomePageUiState","<BeforeRegister>b__5_11","System.Void DolocTown.HomePageUiState::<BeforeRegister>b__5_11()","System.Void","","private","False","False","False","False","True","14","0x06004087"
"DolocTown.HomePageUiState","<BeforeRegister>b__5_8","System.String DolocTown.HomePageUiState::<BeforeRegister>b__5_8()","System.String","","private","False","False","False","False","True","12","0x06004088"
"DolocTown.HomePageUiState/<>c","<BeforeRegister>b__5_1","System.Void DolocTown.HomePageUiState/<>c::<BeforeRegister>b__5_1()","System.Void","","internal","False","False","False","False","True","7","0x0600A15A"
"DolocTown.HomePageUiState/<>c","<BeforeRegister>b__5_3","System.Void DolocTown.HomePageUiState/<>c::<BeforeRegister>b__5_3()","System.Void","","internal","False","False","False","False","True","38","0x0600A15B"
"DolocTown.HomePageUiState/<>c","<BeforeRegister>b__5_9","System.Boolean DolocTown.HomePageUiState/<>c::<BeforeRegister>b__5_9(DolocTown.SettingPanelUiState)","System.Boolean","DolocTown.SettingPanelUiState state","internal","False","False","False","False","True","8","0x0600A15C"
"DolocTown.HomePageUiState/<>c","<BeforeRegister>b__5_5","System.Void DolocTown.HomePageUiState/<>c::<BeforeRegister>b__5_5()","System.Void","","internal","False","False","False","False","True","7","0x0600A15D"
"DolocTown.ModUiState","BeforeRegister","System.Void DolocTown.ModUiState::BeforeRegister()","System.Void","","protected","False","True","False","False","True","206","0x0600409F"
"DolocTown.ModUiState","<BeforeRegister>b__21_2","System.Void DolocTown.ModUiState::<BeforeRegister>b__21_2(System.Int32)","System.Void","System.Int32 index","private","False","False","False","False","True","20","0x060040BA"
"DolocTown.ModUiState","<BeforeRegister>b__21_3","System.Void DolocTown.ModUiState::<BeforeRegister>b__21_3(System.Int32)","System.Void","System.Int32 index","private","False","False","False","False","True","20","0x060040BB"
"DolocTown.ModUiState","<BeforeRegister>b__21_4","System.Void DolocTown.ModUiState::<BeforeRegister>b__21_4(System.Int32)","System.Void","System.Int32 index","private","False","False","False","False","True","20","0x060040BC"
"DolocTown.ModUiState/<>c","<BeforeRegister>b__21_0","UnityEngine.Sprite DolocTown.ModUiState/<>c::<BeforeRegister>b__21_0(DolocTown.Config.UI.ModMenuInfo)","UnityEngine.Sprite","DolocTown.Config.UI.ModMenuInfo x","internal","False","False","False","False","True","12","0x0600A161"
"DolocTown.ModUiState/<>c","<BeforeRegister>b__21_1","System.String DolocTown.ModUiState/<>c::<BeforeRegister>b__21_1(DolocTown.Config.UI.ModMenuInfo)","System.String","DolocTown.Config.UI.ModMenuInfo x","internal","False","False","False","False","True","7","0x0600A162"
"DolocTown.ContainerBaseUiState","get_ignoreSubmitWhenClick","System.Boolean DolocTown.ContainerBaseUiState::get_ignoreSubmitWhenClick()","System.Boolean","","protected","False","True","False","False","True","7","0x060040F1"
"DolocTown.ContainerBaseUiState","BeforeRegister","System.Void DolocTown.ContainerBaseUiState::BeforeRegister()","System.Void","","protected","False","True","False","False","True","14","0x060040FA"
"DolocTown.FarmCaseUiState","get_ignoreSubmitWhenClick","System.Boolean DolocTown.FarmCaseUiState::get_ignoreSubmitWhenClick()","System.Boolean","","protected","False","True","False","False","True","2","0x06004173"
"DolocTown.ParkingApronUiState","get_ignoreSubmitWhenClick","System.Boolean DolocTown.ParkingApronUiState::get_ignoreSubmitWhenClick()","System.Boolean","","protected","False","True","False","False","True","2","0x060041C3"
"DolocTown.TeleportUiState","BeforeRegister","System.Void DolocTown.TeleportUiState::BeforeRegister()","System.Void","","protected","False","True","False","False","True","125","0x0600421D"
"DolocTown.TeleportUiState/<>c","<BeforeRegister>b__21_0","System.Boolean DolocTown.TeleportUiState/<>c::<BeforeRegister>b__21_0(DolocTown.Config.Room.StationInfo)","System.Boolean","DolocTown.Config.Room.StationInfo x","internal","False","False","False","False","True","7","0x0600A195"
"DolocTown.MainMenuUiState","BeforeRegister","System.Void DolocTown.MainMenuUiState::BeforeRegister()","System.Void","","protected","False","True","False","False","True","183","0x06004237"
"DolocTown.MainMenuUiState/<>c","<BeforeRegister>b__14_0","System.String DolocTown.MainMenuUiState/<>c::<BeforeRegister>b__14_0(DolocTown.Config.UI.MainMenuInfo)","System.String","DolocTown.Config.UI.MainMenuInfo x","internal","False","False","False","False","True","7","0x0600A198"
"DolocTown.MainMenuUiState/<>c","<BeforeRegister>b__14_1","UnityEngine.Sprite DolocTown.MainMenuUiState/<>c::<BeforeRegister>b__14_1(DolocTown.Config.UI.MainMenuInfo)","UnityEngine.Sprite","DolocTown.Config.UI.MainMenuInfo x","internal","False","False","False","False","True","12","0x0600A199"
"DolocTown.SystemMenuUiState","BeforeRegister","System.Void DolocTown.SystemMenuUiState::BeforeRegister()","System.Void","","protected","False","True","False","False","True","92","0x0600424B"
"DolocTown.FactionMissionUiState","BeforeRegister","System.Void DolocTown.FactionMissionUiState::BeforeRegister()","System.Void","","protected","False","True","False","False","True","110","0x06004273"
"DolocTown.FactionMissionUiState/<>c","<BeforeRegister>b__37_0","System.String DolocTown.FactionMissionUiState/<>c::<BeforeRegister>b__37_0(DolocTown.Config.Mission.FactionMissionType)","System.String","DolocTown.Config.Mission.FactionMissionType x","internal","False","False","False","False","True","22","0x0600A1A5"
"DolocTown.MissionPanelUiState","BeforeRegister","System.Void DolocTown.MissionPanelUiState::BeforeRegister()","System.Void","","protected","False","True","False","False","True","315","0x06004282"
"DolocTown.MissionPanelUiState/<>c","<BeforeRegister>b__13_0","System.Boolean DolocTown.MissionPanelUiState/<>c::<BeforeRegister>b__13_0(DolocTown.UI.MissionData)","System.Boolean","DolocTown.UI.MissionData x","internal","False","False","False","False","True","8","0x0600A1A8"
"DolocTown.MissionPanelUiState/<>c","<BeforeRegister>b__13_1","System.Int32 DolocTown.MissionPanelUiState/<>c::<BeforeRegister>b__13_1(DolocTown.UI.MissionData)","System.Int32","DolocTown.UI.MissionData x","internal","False","False","False","False","True","12","0x0600A1A9"
"DolocTown.MissionPanelUiState/<>c","<BeforeRegister>b__13_2","System.Int32 DolocTown.MissionPanelUiState/<>c::<BeforeRegister>b__13_2(DolocTown.UI.MissionData)","System.Int32","DolocTown.UI.MissionData x","internal","False","False","False","False","True","7","0x0600A1AA"
"DolocTown.MissionPanelUiState/<>c","<BeforeRegister>b__13_3","System.Int32 DolocTown.MissionPanelUiState/<>c::<BeforeRegister>b__13_3(DolocTown.UI.MissionData)","System.Int32","DolocTown.UI.MissionData x","internal","False","False","False","False","True","7","0x0600A1AB"
"DolocTown.AnimalPanelUiState","BeforeRegister","System.Void DolocTown.AnimalPanelUiState::BeforeRegister()","System.Void","","protected","False","True","False","False","True","48","0x060042AB"
"DolocTown.CalendarUiState","BeforeRegister","System.Void DolocTown.CalendarUiState::BeforeRegister()","System.Void","","protected","False","True","False","False","True","44","0x060042BB"
"DolocTown.CollectionBookUiState","get_resourcePanel","DolocTown.UI.ResourceCatalogPanel DolocTown.CollectionBookUiState::get_resourcePanel()","DolocTown.UI.ResourceCatalogPanel","","private","False","False","False","False","True","12","0x060042C9"
"DolocTown.CollectionBookUiState","BeforeRegister","System.Void DolocTown.CollectionBookUiState::BeforeRegister()","System.Void","","protected","False","True","False","False","True","228","0x060042D7"
"DolocTown.CollectionBookUiState","RefreshResourceList","System.Void DolocTown.CollectionBookUiState::RefreshResourceList()","System.Void","","private","False","False","False","False","True","130","0x060042E8"
"DolocTown.CollectionBookUiState","OnResourceDataSelect","System.Void DolocTown.CollectionBookUiState::OnResourceDataSelect(System.Int32)","System.Void","System.Int32 index","private","False","False","False","False","True","70","0x060042E9"
"DolocTown.CollectionBookUiState","<BeforeRegister>b__42_0","System.Boolean DolocTown.CollectionBookUiState::<BeforeRegister>b__42_0(DolocTown.Config.UI.CompendiumMenuInfo)","System.Boolean","DolocTown.Config.UI.CompendiumMenuInfo info","private","False","False","False","False","True","28","0x060042F2"
"DolocTown.CollectionBookUiState/<>c","<BeforeRegister>b__42_1","System.Boolean DolocTown.CollectionBookUiState/<>c::<BeforeRegister>b__42_1(System.Boolean)","System.Boolean","System.Boolean x","internal","False","False","False","False","True","2","0x0600A1BA"
"DolocTown.CollectionBookUiState/<>c","<BeforeRegister>b__42_2","System.String DolocTown.CollectionBookUiState/<>c::<BeforeRegister>b__42_2(DolocTown.Config.UI.CompendiumMenuInfo)","System.String","DolocTown.Config.UI.CompendiumMenuInfo x","internal","False","False","False","False","True","7","0x0600A1BB"
"DolocTown.EmailPanelUiState","BeforeRegister","System.Void DolocTown.EmailPanelUiState::BeforeRegister()","System.Void","","protected","False","True","False","False","True","137","0x06004324"
"DolocTown.EmailPanelUiState/<>c","<BeforeRegister>b__14_0","UnityEngine.Sprite DolocTown.EmailPanelUiState/<>c::<BeforeRegister>b__14_0(DolocTown.Config.UI.EmailMenuInfo)","UnityEngine.Sprite","DolocTown.Config.UI.EmailMenuInfo x","internal","False","False","False","False","True","12","0x0600A1C7"
"DolocTown.EmailPanelUiState/<>c","<BeforeRegister>b__14_1","System.String DolocTown.EmailPanelUiState/<>c::<BeforeRegister>b__14_1(DolocTown.Config.UI.EmailMenuInfo)","System.String","DolocTown.Config.UI.EmailMenuInfo x","internal","False","False","False","False","True","7","0x0600A1C8"
"DolocTown.SeedUnLockUiState","BeforeRegister","System.Void DolocTown.SeedUnLockUiState::BeforeRegister()","System.Void","","protected","False","True","False","False","True","69","0x0600434D"
"DolocTown.SeedUnLockUiState/<>c","<BeforeRegister>b__5_0","System.Boolean DolocTown.SeedUnLockUiState/<>c::<BeforeRegister>b__5_0(DolocTown.Config.Plant.SeedUnlockInfo)","System.Boolean","DolocTown.Config.Plant.SeedUnlockInfo x","internal","False","False","False","False","True","37","0x0600A1D1"
"DolocTown.SettingPanelUiState","BeforeRegister","System.Void DolocTown.SettingPanelUiState::BeforeRegister()","System.Void","","protected","False","True","False","False","True","53","0x06004363"
"DolocTown.TechTreeUiState","get_ShowPauseTip","System.Boolean DolocTown.TechTreeUiState::get_ShowPauseTip()","System.Boolean","","public","False","True","False","False","True","2","0x06004374"
"DolocTown.TechTreeUiState","get_hideOnPause","System.Boolean DolocTown.TechTreeUiState::get_hideOnPause()","System.Boolean","","protected","False","True","False","False","True","2","0x06004375"
"DolocTown.TechTreeUiState","get_OnCloseButtonClick","UnityEngine.Events.UnityEvent DolocTown.TechTreeUiState::get_OnCloseButtonClick()","UnityEngine.Events.UnityEvent","","protected","False","True","False","False","True","12","0x06004376"
"DolocTown.TechTreeUiState","get_TreeInfos","DolocTown.Config.TechTree.TbTechTree DolocTown.TechTreeUiState::get_TreeInfos()","DolocTown.Config.TechTree.TbTechTree","","private","False","False","False","False","True","11","0x06004377"
"DolocTown.TechTreeUiState","get_treeCount","System.Int32 DolocTown.TechTreeUiState::get_treeCount()","System.Int32","","private","False","False","False","False","True","12","0x06004378"
"DolocTown.TechTreeUiState","get_currentTreeName","System.String DolocTown.TechTreeUiState::get_currentTreeName()","System.String","","private","False","False","False","False","True","28","0x06004379"
"DolocTown.TechTreeUiState","get_techTreeWidget","DolocTown.UI.TechTreeWidget DolocTown.TechTreeUiState::get_techTreeWidget()","DolocTown.UI.TechTreeWidget","","private","False","False","False","False","True","12","0x0600437A"
"DolocTown.TechTreeUiState","get_selectedPosition","UnityEngine.Vector2Int DolocTown.TechTreeUiState::get_selectedPosition()","UnityEngine.Vector2Int","","private","False","False","False","False","True","12","0x0600437B"
"DolocTown.TechTreeUiState","HandleStartUpArgs","System.Boolean DolocTown.TechTreeUiState::HandleStartUpArgs(System.String,System.String)","System.Boolean","System.String treeName; System.String nodeName","public","False","False","False","False","True","106","0x0600437C"
"DolocTown.TechTreeUiState","BeforeRegister","System.Void DolocTown.TechTreeUiState::BeforeRegister()","System.Void","","protected","False","True","False","False","True","311","0x0600437D"
"DolocTown.TechTreeUiState","Register","System.Void DolocTown.TechTreeUiState::Register()","System.Void","","protected","False","True","False","False","True","179","0x0600437E"
"DolocTown.TechTreeUiState","Unregister","System.Void DolocTown.TechTreeUiState::Unregister()","System.Void","","protected","False","True","False","False","True","60","0x0600437F"
"DolocTown.TechTreeUiState","Show","System.Void DolocTown.TechTreeUiState::Show()","System.Void","","protected","False","True","False","False","True","121","0x06004380"
"DolocTown.TechTreeUiState","Hide","System.Void DolocTown.TechTreeUiState::Hide()","System.Void","","protected","False","True","False","False","True","20","0x06004381"
"DolocTown.TechTreeUiState","OnUiUpdate","System.Void DolocTown.TechTreeUiState::OnUiUpdate(System.Single)","System.Void","System.Single deltaTime","protected","False","True","False","False","True","258","0x06004382"
"DolocTown.TechTreeUiState","SendMessage","System.Void DolocTown.TechTreeUiState::SendMessage()","System.Void","","private","False","False","False","False","True","20","0x06004383"
"DolocTown.TechTreeUiState","OnSwitchTree","System.Void DolocTown.TechTreeUiState::OnSwitchTree(System.Int32)","System.Void","System.Int32 index","private","False","False","False","False","True","103","0x06004384"
"DolocTown.TechTreeUiState","SelectPrevTree","System.Void DolocTown.TechTreeUiState::SelectPrevTree()","System.Void","","private","False","False","False","False","True","41","0x06004385"
"DolocTown.TechTreeUiState","SelectNextTree","System.Void DolocTown.TechTreeUiState::SelectNextTree()","System.Void","","private","False","False","False","False","True","34","0x06004386"
"DolocTown.TechTreeUiState","RenderTree","System.Void DolocTown.TechTreeUiState::RenderTree(DolocTown.TreeGraph.TreeGraph`1<DolocTown.GameData.TechNodeProto>)","System.Void","DolocTown.TreeGraph.TreeGraph`1<DolocTown.GameData.TechNodeProto> tree","private","False","False","False","False","True","183","0x06004387"
"DolocTown.TechTreeUiState","OnPointerEnterPoint","System.Void DolocTown.TechTreeUiState::OnPointerEnterPoint(System.Int32)","System.Void","System.Int32 index","private","False","False","False","False","True","124","0x06004388"
"DolocTown.TechTreeUiState","OnPointerExitPoint","System.Void DolocTown.TechTreeUiState::OnPointerExitPoint()","System.Void","","private","False","False","False","False","True","17","0x06004389"
"DolocTown.TechTreeUiState","OnConfirmButtonClick","System.Void DolocTown.TechTreeUiState::OnConfirmButtonClick()","System.Void","","private","False","False","False","False","True","491","0x0600438A"
"DolocTown.TechTreeUiState","IsNodeParentUnlocked","System.Boolean DolocTown.TechTreeUiState::IsNodeParentUnlocked(DolocTown.TreeGraph.TreeGraphNode`1<DolocTown.GameData.TechNodeProto>)","System.Boolean","DolocTown.TreeGraph.TreeGraphNode`1<DolocTown.GameData.TechNodeProto> node","private","False","False","False","False","True","59","0x0600438B"
"DolocTown.TechTreeUiState","CheckUnlockCondition","System.Boolean DolocTown.TechTreeUiState::CheckUnlockCondition(DolocTown.TreeGraph.TreeGraphNode`1<DolocTown.GameData.TechNodeProto>)","System.Boolean","DolocTown.TreeGraph.TreeGraphNode`1<DolocTown.GameData.TechNodeProto> node","private","False","False","False","False","True","67","0x0600438C"
"DolocTown.TechTreeUiState","OnNodeDataSelect","System.Void DolocTown.TechTreeUiState::OnNodeDataSelect(UnityEngine.Vector2Int)","System.Void","UnityEngine.Vector2Int pos","private","False","False","False","False","True","44","0x0600438D"
"DolocTown.TechTreeUiState",".ctor","System.Void DolocTown.TechTreeUiState::.ctor()","System.Void","","public","False","False","False","True","True","7","0x0600438E"
"DolocTown.TechTreeUiState","<BeforeRegister>b__21_0","System.Boolean DolocTown.TechTreeUiState::<BeforeRegister>b__21_0(DolocTown.Config.TechTree.TechTreeInfo)","System.Boolean","DolocTown.Config.TechTree.TechTreeInfo info","private","False","False","False","False","True","18","0x0600438F"
"DolocTown.TechTreeUiState","<Register>b__22_0","System.Void DolocTown.TechTreeUiState::<Register>b__22_0(System.Int32)","System.Void","System.Int32 index","private","False","False","False","False","True","46","0x06004390"
"DolocTown.TechTreeUiState","<Register>b__22_1","System.Void DolocTown.TechTreeUiState::<Register>b__22_1(System.Int32)","System.Void","System.Int32 _","private","False","False","False","False","True","7","0x06004391"
"DolocTown.TechTreeUiState","<Register>b__22_2","System.Void DolocTown.TechTreeUiState::<Register>b__22_2(System.Int32)","System.Void","System.Int32 _","private","False","False","False","False","True","7","0x06004392"
"DolocTown.TechTreeUiState","<Register>b__22_3","System.Void DolocTown.TechTreeUiState::<Register>b__22_3(System.Int32)","System.Void","System.Int32 _","private","False","False","False","False","True","7","0x06004393"
"DolocTown.TechTreeUiState","<RenderTree>b__31_0","DolocTown.UI.TechNodeData DolocTown.TechTreeUiState::<RenderTree>b__31_0(DolocTown.TreeGraph.TreeGraphNode`1<DolocTown.GameData.TechNodeProto>)","DolocTown.UI.TechNodeData","DolocTown.TreeGraph.TreeGraphNode`1<DolocTown.GameData.TechNodeProto> node","private","False","False","False","False","True","31","0x06004394"
"DolocTown.TechTreeUiState","<RenderTree>b__31_1","System.Void DolocTown.TechTreeUiState::<RenderTree>b__31_1(UnityEngine.Vector2Int)","System.Void","UnityEngine.Vector2Int pos","private","False","False","False","False","True","51","0x06004395"
"DolocTown.TechTreeUiState/<>c__DisplayClass20_0",".ctor","System.Void DolocTown.TechTreeUiState/<>c__DisplayClass20_0::.ctor()","System.Void","","public","False","False","False","True","True","7","0x0600A1D4"
"DolocTown.TechTreeUiState/<>c__DisplayClass20_0","<HandleStartUpArgs>b__0","System.Boolean DolocTown.TechTreeUiState/<>c__DisplayClass20_0::<HandleStartUpArgs>b__0(DolocTown.Config.TechTree.TechTreeInfo)","System.Boolean","DolocTown.Config.TechTree.TechTreeInfo data","internal","False","False","False","False","True","18","0x0600A1D5"
"DolocTown.TechTreeUiState/<>c__DisplayClass20_0","<HandleStartUpArgs>b__1","System.Void DolocTown.TechTreeUiState/<>c__DisplayClass20_0::<HandleStartUpArgs>b__1()","System.Void","","internal","False","False","False","False","True","28","0x0600A1D6"
"DolocTown.TechTreeUiState/<>c",".cctor","System.Void DolocTown.TechTreeUiState/<>c::.cctor()","System.Void","","private","True","False","False","True","True","11","0x0600A1D7"
"DolocTown.TechTreeUiState/<>c",".ctor","System.Void DolocTown.TechTreeUiState/<>c::.ctor()","System.Void","","public","False","False","False","True","True","7","0x0600A1D8"
"DolocTown.TechTreeUiState/<>c","<BeforeRegister>b__21_1","System.String DolocTown.TechTreeUiState/<>c::<BeforeRegister>b__21_1(DolocTown.Config.TechTree.TechTreeInfo)","System.String","DolocTown.Config.TechTree.TechTreeInfo x","internal","False","False","False","False","True","7","0x0600A1D9"
"DolocTown.TechTreeUiState/<>c","<Show>b__24_0","DolocTown.UI.TechPointSimpleData DolocTown.TechTreeUiState/<>c::<Show>b__24_0(DolocTown.GameData.TechLevelData)","DolocTown.UI.TechPointSimpleData","DolocTown.GameData.TechLevelData data","internal","False","False","False","False","True","7","0x0600A1DA"
"DolocTown.TechTreeUiState/<>c","<OnConfirmButtonClick>b__34_0","DolocTown.UI.TechPointSimpleData DolocTown.TechTreeUiState/<>c::<OnConfirmButtonClick>b__34_0(DolocTown.GameData.TechLevelData)","DolocTown.UI.TechPointSimpleData","DolocTown.GameData.TechLevelData data","internal","False","False","False","False","True","7","0x0600A1DB"
"DolocTown.TechTreeUiState/<>c","<IsNodeParentUnlocked>b__35_0","System.Boolean DolocTown.TechTreeUiState/<>c::<IsNodeParentUnlocked>b__35_0(System.String)","System.Boolean","System.String parent","internal","False","False","False","False","True","12","0x0600A1DC"
"DolocTown.StoreUiState","HandleStartUpArgs","System.Boolean DolocTown.StoreUiState::HandleStartUpArgs(System.String)","System.Boolean","System.String storeName","public","False","False","False","False","True","18","0x060043B3"
"DolocTown.StoreUiState","get_backpackPanel","DolocTown.UI.BackpackSideBarWidget DolocTown.StoreUiState::get_backpackPanel()","DolocTown.UI.BackpackSideBarWidget","","private","False","False","False","False","True","12","0x060043B4"
"DolocTown.StoreUiState","get_inventorySystem","DolocTown.InventorySystem DolocTown.StoreUiState::get_inventorySystem()","DolocTown.InventorySystem","","private","False","False","False","False","True","11","0x060043B5"
"DolocTown.StoreUiState","get_backpack","DolocTown.LinearInventory DolocTown.StoreUiState::get_backpack()","DolocTown.LinearInventory","","private","False","False","False","False","True","12","0x060043B6"
"DolocTown.StoreUiState","get_storePage","DolocTown.UI.StoreWidget DolocTown.StoreUiState::get_storePage()","DolocTown.UI.StoreWidget","","private","False","False","False","False","True","12","0x060043B7"
"DolocTown.StoreUiState","get_totalCapacity","System.Int32 DolocTown.StoreUiState::get_totalCapacity()","System.Int32","","protected","False","True","False","False","True","12","0x060043B8"
"DolocTown.StoreUiState","get_OnCloseButtonClick","UnityEngine.Events.UnityEvent DolocTown.StoreUiState::get_OnCloseButtonClick()","UnityEngine.Events.UnityEvent","","protected","False","True","False","False","True","12","0x060043B9"
"DolocTown.StoreUiState","OnUiUpdate","System.Void DolocTown.StoreUiState::OnUiUpdate(System.Single)","System.Void","System.Single deltaTime","protected","False","True","False","False","True","357","0x060043BA"
"DolocTown.StoreUiState","SwitchFocusMode","System.Void DolocTown.StoreUiState::SwitchFocusMode(DolocTown.StoreUiState/FocusMode,System.Boolean)","System.Void","DolocTown.StoreUiState/FocusMode type; System.Boolean force","private","False","False","False","False","True","62","0x060043BB"
"DolocTown.StoreUiState","BeforeRegister","System.Void DolocTown.StoreUiState::BeforeRegister()","System.Void","","protected","False","True","False","False","True","86","0x060043BC"
"DolocTown.StoreUiState","Show","System.Void DolocTown.StoreUiState::Show()","System.Void","","protected","False","True","False","False","True","75","0x060043BD"
"DolocTown.StoreUiState","GetTipPanelText","System.String[] DolocTown.StoreUiState::GetTipPanelText()","System.String[]","","private","False","False","False","False","True","110","0x060043BE"
"DolocTown.StoreUiState","Hide","System.Void DolocTown.StoreUiState::Hide()","System.Void","","protected","False","True","False","False","True","20","0x060043BF"
"DolocTown.StoreUiState","DataGetter","DolocTown.UI.StoreItemData[] DolocTown.StoreUiState::DataGetter(System.Int32,System.Int32)","DolocTown.UI.StoreItemData[]","System.Int32 start; System.Int32 end","protected","False","True","False","False","True","122","0x060043C0"
"DolocTown.StoreUiState","Register","System.Void DolocTown.StoreUiState::Register()","System.Void","","protected","False","True","False","False","True","386","0x060043C1"
"DolocTown.StoreUiState","Unregister","System.Void DolocTown.StoreUiState::Unregister()","System.Void","","protected","False","True","False","False","True","254","0x060043C2"
"DolocTown.StoreUiState","ConvertItemDataInBackpack","DolocTown.UI.ItemData DolocTown.StoreUiState::ConvertItemDataInBackpack(DolocTown.Item)","DolocTown.UI.ItemData","DolocTown.Item item","private","False","False","False","False","True","24","0x060043C3"
"DolocTown.StoreUiState","OnStoreItemSelect","System.Void DolocTown.StoreUiState::OnStoreItemSelect(System.Int32)","System.Void","System.Int32 index","private","False","False","False","False","True","21","0x060043C4"
"DolocTown.StoreUiState","ShowStoreItemHover","System.Void DolocTown.StoreUiState::ShowStoreItemHover(System.Int32)","System.Void","System.Int32 index","private","False","False","False","False","True","48","0x060043C5"
"DolocTown.StoreUiState","HideStoreItemHover","System.Void DolocTown.StoreUiState::HideStoreItemHover(System.Int32)","System.Void","System.Int32 index","private","False","False","False","False","True","6","0x060043C6"
"DolocTown.StoreUiState","OnStoreItemLeftClick","System.Void DolocTown.StoreUiState::OnStoreItemLeftClick(System.Int32)","System.Void","System.Int32 index","private","False","False","False","False","True","38","0x060043C7"
"DolocTown.StoreUiState","OnStoreItemRightClick","System.Void DolocTown.StoreUiState::OnStoreItemRightClick(System.Int32)","System.Void","System.Int32 index","private","False","False","False","False","True","11","0x060043C8"
"DolocTown.StoreUiState","OnStoreItemRightClickContinues","System.Boolean DolocTown.StoreUiState::OnStoreItemRightClickContinues(System.Int32)","System.Boolean","System.Int32 index","private","False","False","False","False","True","10","0x060043C9"
"DolocTown.StoreUiState","OnStoreItemLeftLongClick","System.Void DolocTown.StoreUiState::OnStoreItemLeftLongClick(System.Int32)","System.Void","System.Int32 index","private","False","False","False","False","True","38","0x060043CA"
"DolocTown.StoreUiState","BuyItem","System.Boolean DolocTown.StoreUiState::BuyItem(System.Int32,System.Boolean,System.Boolean)","System.Boolean","System.Int32 index; System.Boolean submitQuantity; System.Boolean useMaxQuantity","private","False","False","False","False","True","461","0x060043CB"
"DolocTown.StoreUiState","BuyItemInternal","System.Void DolocTown.StoreUiState::BuyItemInternal(DolocTown.StoreItemRef,System.Int32,System.Int32,System.Int32)","System.Void","DolocTown.StoreItemRef cache; System.Int32 count; System.Int32 storeIndex; System.Int32 inventoryIndex","private","False","False","False","False","True","240","0x060043CC"
"DolocTown.StoreUiState","OnBackpackItemSelect","System.Void DolocTown.StoreUiState::OnBackpackItemSelect(System.Int32)","System.Void","System.Int32 index","private","False","False","False","False","True","9","0x060043CD"
"DolocTown.StoreUiState","OnBackpackItemLeftClick","System.Void DolocTown.StoreUiState::OnBackpackItemLeftClick(System.Int32)","System.Void","System.Int32 index","private","False","False","False","False","True","38","0x060043CE"
"DolocTown.StoreUiState","OnBackpackItemLeftLongClick","System.Void DolocTown.StoreUiState::OnBackpackItemLeftLongClick(System.Int32)","System.Void","System.Int32 index","private","False","False","False","False","True","65","0x060043CF"
"DolocTown.StoreUiState","OnBackpackItemRightClick","System.Void DolocTown.StoreUiState::OnBackpackItemRightClick(System.Int32)","System.Void","System.Int32 index","private","False","False","False","False","True","11","0x060043D0"
"DolocTown.StoreUiState","OnBackpackItemRightClickInterrupted","System.Boolean DolocTown.StoreUiState::OnBackpackItemRightClickInterrupted(System.Int32)","System.Boolean","System.Int32 index","private","False","False","False","False","True","10","0x060043D1"
"DolocTown.StoreUiState","SellItem","System.Boolean DolocTown.StoreUiState::SellItem(System.Int32,System.Boolean,System.Boolean)","System.Boolean","System.Int32 index; System.Boolean submitQuantity; System.Boolean useMaxCount","private","False","False","False","False","True","362","0x060043D2"
"DolocTown.StoreUiState","SellItemInternal","System.Void DolocTown.StoreUiState::SellItemInternal(DolocTown.Item,System.Int32,System.Int32)","System.Void","DolocTown.Item item; System.Int32 count; System.Int32 index","private","False","False","False","False","True","405","0x060043D3"
"DolocTown.StoreUiState","RefreshTip","System.Void DolocTown.StoreUiState::RefreshTip()","System.Void","","protected","False","True","False","False","True","29","0x060043D4"
"DolocTown.StoreUiState","RefreshView","System.Void DolocTown.StoreUiState::RefreshView()","System.Void","","private","False","False","False","False","True","104","0x060043D5"
"DolocTown.StoreUiState","SetItemSlotGrayed","System.Void DolocTown.StoreUiState::SetItemSlotGrayed()","System.Void","","private","False","False","False","False","True","98","0x060043D6"
"DolocTown.StoreUiState","get_soldItems","System.Collections.Generic.Dictionary`2<System.String,System.Int32> DolocTown.StoreUiState::get_soldItems()","System.Collections.Generic.Dictionary`2<System.String,System.Int32>","","public","True","False","False","False","True","6","0x060043D7"
"DolocTown.StoreUiState","set_soldItems","System.Void DolocTown.StoreUiState::set_soldItems(System.Collections.Generic.Dictionary`2<System.String,System.Int32>)","System.Void","System.Collections.Generic.Dictionary`2<System.String,System.Int32> value","private","True","False","False","False","True","7","0x060043D8"
"DolocTown.StoreUiState","get_boughtItems","System.Collections.Generic.Dictionary`2<System.String,System.Int32> DolocTown.StoreUiState::get_boughtItems()","System.Collections.Generic.Dictionary`2<System.String,System.Int32>","","public","True","False","False","False","True","6","0x060043D9"
"DolocTown.StoreUiState","set_boughtItems","System.Void DolocTown.StoreUiState::set_boughtItems(System.Collections.Generic.Dictionary`2<System.String,System.Int32>)","System.Void","System.Collections.Generic.Dictionary`2<System.String,System.Int32> value","private","True","False","False","False","True","7","0x060043DA"
"DolocTown.StoreUiState","get_latestEarning","System.Int32 DolocTown.StoreUiState::get_latestEarning()","System.Int32","","public","True","False","False","False","True","6","0x060043DB"
"DolocTown.StoreUiState","set_latestEarning","System.Void DolocTown.StoreUiState::set_latestEarning(System.Int32)","System.Void","System.Int32 value","private","True","False","False","False","True","7","0x060043DC"
"DolocTown.StoreUiState","get_latestSpending","System.Int32 DolocTown.StoreUiState::get_latestSpending()","System.Int32","","public","True","False","False","False","True","6","0x060043DD"
"DolocTown.StoreUiState","set_latestSpending","System.Void DolocTown.StoreUiState::set_latestSpending(System.Int32)","System.Void","System.Int32 value","private","True","False","False","False","True","7","0x060043DE"
"DolocTown.StoreUiState","ClearCommandCaches","System.Void DolocTown.StoreUiState::ClearCommandCaches()","System.Void","","private","False","False","False","False","True","33","0x060043DF"
"DolocTown.StoreUiState","GetLatestSoldItemCount","System.Int32 DolocTown.StoreUiState::GetLatestSoldItemCount(System.String)","System.Int32","System.String itemName","public","True","False","False","False","True","37","0x060043E0"
"DolocTown.StoreUiState","GetLatestBoughtItemCount","System.Int32 DolocTown.StoreUiState::GetLatestBoughtItemCount(System.String)","System.Int32","System.String itemName","public","True","False","False","False","True","37","0x060043E1"
"DolocTown.StoreUiState",".ctor","System.Void DolocTown.StoreUiState::.ctor()","System.Void","","public","False","False","False","True","True","39","0x060043E2"
"DolocTown.StoreUiState",".cctor","System.Void DolocTown.StoreUiState::.cctor()","System.Void","","private","True","False","False","True","True","21","0x060043E3"
"DolocTown.StoreUiState/<>c__DisplayClass35_0",".ctor","System.Void DolocTown.StoreUiState/<>c__DisplayClass35_0::.ctor()","System.Void","","public","False","False","False","True","True","7","0x0600A1DD"
"DolocTown.StoreUiState/<>c__DisplayClass35_0","<BuyItem>b__1","System.Void DolocTown.StoreUiState/<>c__DisplayClass35_0::<BuyItem>b__1(System.Int32)","System.Void","System.Int32 count","internal","False","False","False","False","True","31","0x0600A1DE"
"DolocTown.StoreUiState/<>c__DisplayClass35_1",".ctor","System.Void DolocTown.StoreUiState/<>c__DisplayClass35_1::.ctor()","System.Void","","public","False","False","False","True","True","7","0x0600A1DF"
"DolocTown.StoreUiState/<>c__DisplayClass35_1","<BuyItem>b__0","System.Boolean DolocTown.StoreUiState/<>c__DisplayClass35_1::<BuyItem>b__0(DolocTown.StoreQuantitySubmitUiState)","System.Boolean","DolocTown.StoreQuantitySubmitUiState state","internal","False","False","False","False","True","137","0x0600A1E0"
"DolocTown.StoreUiState/<>c__DisplayClass42_0",".ctor","System.Void DolocTown.StoreUiState/<>c__DisplayClass42_0::.ctor()","System.Void","","public","False","False","False","True","True","7","0x0600A1E1"
"DolocTown.StoreUiState/<>c__DisplayClass42_0","<SellItem>b__1","System.Void DolocTown.StoreUiState/<>c__DisplayClass42_0::<SellItem>b__1(System.Int32)","System.Void","System.Int32 count","internal","False","False","False","False","True","25","0x0600A1E2"
"DolocTown.StoreUiState/<>c__DisplayClass42_1",".ctor","System.Void DolocTown.StoreUiState/<>c__DisplayClass42_1::.ctor()","System.Void","","public","False","False","False","True","True","7","0x0600A1E3"
"DolocTown.StoreUiState/<>c__DisplayClass42_1","<SellItem>b__0","System.Boolean DolocTown.StoreUiState/<>c__DisplayClass42_1::<SellItem>b__0(DolocTown.StoreQuantitySubmitUiState)","System.Boolean","DolocTown.StoreQuantitySubmitUiState state","internal","False","False","False","False","True","148","0x0600A1E4"
"DolocTown.StoreUiState/<>c__DisplayClass43_0",".ctor","System.Void DolocTown.StoreUiState/<>c__DisplayClass43_0::.ctor()","System.Void","","public","False","False","False","True","True","7","0x0600A1E5"
"DolocTown.StoreUiState/<>c__DisplayClass43_0","<SellItemInternal>b__1","System.Void DolocTown.StoreUiState/<>c__DisplayClass43_0::<SellItemInternal>b__1()","System.Void","","internal","False","False","False","False","True","146","0x0600A1E6"
"DolocTown.StoreUiState/<>c",".cctor","System.Void DolocTown.StoreUiState/<>c::.cctor()","System.Void","","private","True","False","False","True","True","11","0x0600A1E7"
"DolocTown.StoreUiState/<>c",".ctor","System.Void DolocTown.StoreUiState/<>c::.ctor()","System.Void","","public","False","False","False","True","True","7","0x0600A1E8"
"DolocTown.StoreUiState/<>c","<SellItemInternal>b__43_0","System.Int32 DolocTown.StoreUiState/<>c::<SellItemInternal>b__43_0(DolocTown.Item)","System.Int32","DolocTown.Item x","internal","False","False","False","False","True","12","0x0600A1E9"
"DolocTown.StoreQuantitySubmitUiState",".ctor","System.Void DolocTown.StoreQuantitySubmitUiState::.ctor()","System.Void","","public","False","False","False","True","True","7","0x060043F8"
"DolocTown.DolocUserInput","get_GlobalToggleTechTree","System.Boolean DolocTown.DolocUserInput::get_GlobalToggleTechTree()","System.Boolean","","public","False","False","False","False","True","37","0x0600443F"
"DolocTown.CommandDefines","DialogueIgnoreNextOptionVisit","System.Void DolocTown.CommandDefines::DialogueIgnoreNextOptionVisit()","System.Void","","private","True","False","False","False","True","16","0x0600453E"
"DolocTown.FunctionDefines","DialogueTargetDropItem","System.Void DolocTown.FunctionDefines::DialogueTargetDropItem(System.String,System.String,System.Int32)","System.Void","System.String entityName; System.String itemName; System.Int32 count","private","True","False","False","False","True","50","0x06004575"
"DolocTown.FunctionDefines","DialogueTowardTargetDropItem","System.Void DolocTown.FunctionDefines::DialogueTowardTargetDropItem(System.String,System.String,System.String,System.Single,System.Int32)","System.Void","System.String entityName; System.String targetEntityName; System.String itemName; System.Single distance; System.Int32 count","private","True","False","False","False","True","81","0x06004576"
"DolocTown.FunctionDefines","GenerateDropItemAroundPlayer","System.Void DolocTown.FunctionDefines::GenerateDropItemAroundPlayer(System.String,System.Single,System.Int32)","System.Void","System.String itemName; System.Single offset; System.Int32 count","private","True","False","False","False","True","63","0x06004577"
"DolocTown.FunctionDefines","GenerateDropItemAroundInteractableObject","System.Void DolocTown.FunctionDefines::GenerateDropItemAroundInteractableObject(System.String,System.Int32,System.Int32)","System.Void","System.String libId; System.Int32 minCount; System.Int32 maxCount","private","True","False","False","False","True","127","0x0600457A"
"DolocTown.FunctionDefines","GenerateDropItemAroundTarget","System.Void DolocTown.FunctionDefines::GenerateDropItemAroundTarget(System.String,System.String)","System.Void","System.String npc; System.String libId","private","True","False","False","False","True","44","0x0600457B"
"DolocTown.FunctionDefines","GenerateRandomDropItems","System.Void DolocTown.FunctionDefines::GenerateRandomDropItems(System.Int32,System.Single)","System.Void","System.Int32 count; System.Single offset","private","True","False","False","False","True","97","0x0600457C"
"DolocTown.FunctionDefines","IsFarmResourceEmpty","System.Boolean DolocTown.FunctionDefines::IsFarmResourceEmpty()","System.Boolean","","private","True","False","False","False","True","66","0x060045AB"
"DolocTown.FunctionDefines","GetResourceCount","System.Int32 DolocTown.FunctionDefines::GetResourceCount(System.String,System.String)","System.Int32","System.String resourceType; System.String roomName","private","True","False","False","False","True","118","0x060045AC"
"DolocTown.FunctionDefines","GetUnlockedResourceDocCount","System.Int32 DolocTown.FunctionDefines::GetUnlockedResourceDocCount()","System.Int32","","private","True","False","False","False","True","21","0x060045B7"
"DolocTown.FunctionDefines/<>c","<GenerateRandomDropItems>b__41_0","System.String DolocTown.FunctionDefines/<>c::<GenerateRandomDropItems>b__41_0(DolocTown.Config.Item.ItemInfo)","System.String","DolocTown.Config.Item.ItemInfo x","internal","False","False","False","False","True","7","0x0600A22B"
"DolocTown.FunctionDefines/<>c","<UnlockCompleteIllustratedCollection>b__57_4","System.Void DolocTown.FunctionDefines/<>c::<UnlockCompleteIllustratedCollection>b__57_4(DolocTown.Config.Resource.ResourceDocumentInfo)","System.Void","DolocTown.Config.Resource.ResourceDocumentInfo resource","internal","False","False","False","False","True","20","0x0600A230"
"DolocTown.VersionCommand","RefreshAllResourcesAndVegetation","System.Void DolocTown.VersionCommand::RefreshAllResourcesAndVegetation()","System.Void","","private","True","False","False","False","True","163","0x060045BF"
"DolocTown.DolocPatch","IsNullOrEmpty","System.Boolean DolocTown.DolocPatch::IsNullOrEmpty(System.String)","System.Boolean","System.String str","public","True","False","False","False","True","7","0x060045D5"
"DolocTown.DolocPatch","IsNullOrEmpty","System.Boolean DolocTown.DolocPatch::IsNullOrEmpty(T[])","System.Boolean","T[] arr","public","True","False","False","False","True","11","0x060045D8"
"DolocTown.DolocPatch","IsNullOrEmpty","System.Boolean DolocTown.DolocPatch::IsNullOrEmpty(System.Collections.Generic.IEnumerable`1<T>)","System.Boolean","System.Collections.Generic.IEnumerable`1<T> arr","public","True","False","False","False","True","15","0x060045D9"
"DolocTown.DolocPatch","IsNotNullOrEmpty","System.Boolean DolocTown.DolocPatch::IsNotNullOrEmpty(T[])","System.Boolean","T[] arr","public","True","False","False","False","True","11","0x060045DA"
"DolocTown.InventorySystem","ForEach","System.Void DolocTown.InventorySystem::ForEach(System.Action`1<DolocTown.Item>)","System.Void","System.Action`1<DolocTown.Item> handle","public","False","False","False","False","True","13","0x060046A7"
"DolocTown.InventorySystem","ForEach","System.Void DolocTown.InventorySystem::ForEach(System.Action`2<DolocTown.Item,System.Int32>)","System.Void","System.Action`2<DolocTown.Item,System.Int32> handle","public","False","False","False","False","True","13","0x060046A8"
"DolocTown.LinearInventory","ForEach","System.Void DolocTown.LinearInventory::ForEach(System.Action`1<DolocTown.Item>)","System.Void","System.Action`1<DolocTown.Item> handle","public","False","False","False","False","True","33","0x060046E2"
"DolocTown.LinearInventory","ForEach","System.Void DolocTown.LinearInventory::ForEach(System.Action`2<DolocTown.Item,System.Int32>)","System.Void","System.Action`2<DolocTown.Item,System.Int32> handle","public","False","False","False","False","True","35","0x060046E3"
"DolocTown.FontManagerUsage","RestoreFont","System.Void DolocTown.FontManagerUsage::RestoreFont()","System.Void","","private","False","False","False","False","True","22","0x060048C4"
"DolocTown.RoomGizmos","DrawDungeonResource","System.Void DolocTown.RoomGizmos::DrawDungeonResource(DolocTown.Room)","System.Void","DolocTown.Room room","private","False","False","False","False","True","258","0x060048D5"
"DolocTown.RoomGizmos","DrawVegetation","System.Void DolocTown.RoomGizmos::DrawVegetation(DolocTown.Room)","System.Void","DolocTown.Room room","private","False","False","False","False","True","127","0x060048D8"
"DolocTown.TreeGraph.TreeGraph`1",".ctor","System.Void DolocTown.TreeGraph.TreeGraph`1::.ctor(System.String,DolocTown.TreeGraph.TreeGraphNode`1<T>[],UnityEngine.Vector2Int,System.String)","System.Void","System.String id; DolocTown.TreeGraph.TreeGraphNode`1<T>[] nodes; UnityEngine.Vector2Int size; System.String defaultNodeName","public","False","False","False","True","True","125","0x060049DB"
"DolocTown.TreeGraph.TreeGraph`1","BuildNodeIdxDictByName","System.Collections.Generic.Dictionary`2<System.String,System.Int32> DolocTown.TreeGraph.TreeGraph`1::BuildNodeIdxDictByName(DolocTown.TreeGraph.TreeGraphNode`1<T>[])","System.Collections.Generic.Dictionary`2<System.String,System.Int32>","DolocTown.TreeGraph.TreeGraphNode`1<T>[] nodes","private","False","False","False","False","True","37","0x060049DC"
"DolocTown.TreeGraph.TreeGraph`1","BuildNodeIdxDictByPos","System.Collections.Generic.Dictionary`2<UnityEngine.Vector2Int,System.Int32> DolocTown.TreeGraph.TreeGraph`1::BuildNodeIdxDictByPos(DolocTown.TreeGraph.TreeGraphNode`1<T>[])","System.Collections.Generic.Dictionary`2<UnityEngine.Vector2Int,System.Int32>","DolocTown.TreeGraph.TreeGraphNode`1<T>[] ndoes","private","False","False","False","False","True","47","0x060049DD"
"DolocTown.TreeGraph.TreeGraph`1","BuildLinks","DolocTown.TreeGraph.TreeGraphLink[] DolocTown.TreeGraph.TreeGraph`1::BuildLinks(DolocTown.TreeGraph.TreeGraphNode`1<T>[],System.Collections.Generic.Dictionary`2<System.String,System.Int32>)","DolocTown.TreeGraph.TreeGraphLink[]","DolocTown.TreeGraph.TreeGraphNode`1<T>[] nodes; System.Collections.Generic.Dictionary`2<System.String,System.Int32> indexMap","private","False","False","False","False","True","108","0x060049DE"
"DolocTown.TreeGraph.TreeGraph`1","QueryNode","System.Boolean DolocTown.TreeGraph.TreeGraph`1::QueryNode(System.String,DolocTown.TreeGraph.TreeGraphNode`1<T>&)","System.Boolean","System.String id; DolocTown.TreeGraph.TreeGraphNode`1<T>& node","public","False","False","False","False","True","42","0x060049DF"
"DolocTown.TreeGraph.TreeGraph`1","QueryNode","System.Boolean DolocTown.TreeGraph.TreeGraph`1::QueryNode(UnityEngine.Vector2Int,DolocTown.TreeGraph.TreeGraphNode`1<T>&)","System.Boolean","UnityEngine.Vector2Int pos; DolocTown.TreeGraph.TreeGraphNode`1<T>& node","public","False","False","False","False","True","42","0x060049E0"
"DolocTown.TreeGraph.TreeGraph`1","GetNode","DolocTown.TreeGraph.TreeGraphNode`1<T> DolocTown.TreeGraph.TreeGraph`1::GetNode(System.String)","DolocTown.TreeGraph.TreeGraphNode`1<T>","System.String id","public","False","False","False","False","True","36","0x060049E1"
"DolocTown.TreeGraph.TreeGraph`1","GetNode","DolocTown.TreeGraph.TreeGraphNode`1<T> DolocTown.TreeGraph.TreeGraph`1::GetNode(UnityEngine.Vector2Int)","DolocTown.TreeGraph.TreeGraphNode`1<T>","UnityEngine.Vector2Int pos","public","False","False","False","False","True","36","0x060049E2"
"DolocTown.TreeGraph.TreeGraph`1","Contains","System.Boolean DolocTown.TreeGraph.TreeGraph`1::Contains(UnityEngine.Vector2Int)","System.Boolean","UnityEngine.Vector2Int pos","public","False","False","False","False","True","13","0x060049E3"
"DolocTown.TreeGraph.TreeGraph`1","Contains","System.Boolean DolocTown.TreeGraph.TreeGraph`1::Contains(System.String)","System.Boolean","System.String id","public","False","False","False","False","True","13","0x060049E4"
"DolocTown.TreeGraph.TreeGraph`1","ForEach","System.Void DolocTown.TreeGraph.TreeGraph`1::ForEach(System.Action`1<DolocTown.TreeGraph.TreeGraphNode`1<T>>)","System.Void","System.Action`1<DolocTown.TreeGraph.TreeGraphNode`1<T>> handle","public","False","False","False","False","True","33","0x060049E5"
"DolocTown.TreeGraph.TreeGraphGeometry",".ctor","System.Void DolocTown.TreeGraph.TreeGraphGeometry::.ctor(UnityEngine.Vector2,UnityEngine.Vector2,UnityEngine.Vector2,UnityEngine.Vector2Int)","System.Void","UnityEngine.Vector2 panelSize; UnityEngine.Vector2 nodeSize; UnityEngine.Vector2 padding; UnityEngine.Vector2Int countRange","public","False","False","False","True","True","151","0x060049E6"
"DolocTown.TreeGraph.TreeGraphGeometry","CalcNodePos","UnityEngine.Vector2 DolocTown.TreeGraph.TreeGraphGeometry::CalcNodePos(UnityEngine.Vector2Int)","UnityEngine.Vector2","UnityEngine.Vector2Int pos","public","False","False","False","False","True","40","0x060049E7"
"DolocTown.TreeGraph.TreeGraphLink",".ctor","System.Void DolocTown.TreeGraph.TreeGraphLink::.ctor(UnityEngine.Vector2Int,UnityEngine.Vector2Int)","System.Void","UnityEngine.Vector2Int parent; UnityEngine.Vector2Int child","public","False","False","False","True","True","15","0x060049E8"
"DolocTown.TreeGraph.TreeGraphNode`1",".ctor","System.Void DolocTown.TreeGraph.TreeGraphNode`1::.ctor(System.String,UnityEngine.Vector2Int,System.String[],T)","System.Void","System.String id; UnityEngine.Vector2Int pos; System.String[] parents; T data","public","False","False","False","True","True","36","0x060049E9"
"DolocTown.TreeGraph.TreeGraphPositionBuffer",".ctor","System.Void DolocTown.TreeGraph.TreeGraphPositionBuffer::.ctor()","System.Void","","public","False","False","False","True","True","29","0x060049EA"
"DolocTown.TreeGraph.TreeGraphPositionBuffer","RecordPosition","System.Void DolocTown.TreeGraph.TreeGraphPositionBuffer::RecordPosition(System.String,UnityEngine.Vector2Int,UnityEngine.Vector2)","System.Void","System.String id; UnityEngine.Vector2Int posInt; UnityEngine.Vector2 pos","public","False","False","False","False","True","84","0x060049EB"
"DolocTown.TreeGraph.TreeGraphPositionBuffer","GetPosition","UnityEngine.Vector2 DolocTown.TreeGraph.TreeGraphPositionBuffer::GetPosition(System.String)","UnityEngine.Vector2","System.String id","public","False","False","False","False","True","37","0x060049EC"
"DolocTown.TreeGraph.TreeGraphPositionBuffer","QueryPosition","System.Boolean DolocTown.TreeGraph.TreeGraphPositionBuffer::QueryPosition(System.String,UnityEngine.Vector2&)","System.Boolean","System.String id; UnityEngine.Vector2& position","public","False","False","False","False","True","14","0x060049ED"
"DolocTown.TreeGraph.TreeGraphPositionBuffer","GetPosition","UnityEngine.Vector2 DolocTown.TreeGraph.TreeGraphPositionBuffer::GetPosition(UnityEngine.Vector2Int)","UnityEngine.Vector2","UnityEngine.Vector2Int posInt","public","False","False","False","False","True","37","0x060049EE"
"DolocTown.UI.DolocUiObject","get_anchoredPosition","UnityEngine.Vector2 DolocTown.UI.DolocUiObject::get_anchoredPosition()","UnityEngine.Vector2","","public","False","False","False","False","True","12","0x06004A26"
"DolocTown.UI.DolocUiObject","set_anchoredPosition","System.Void DolocTown.UI.DolocUiObject::set_anchoredPosition(UnityEngine.Vector2)","System.Void","UnityEngine.Vector2 value","public","False","False","False","False","True","13","0x06004A27"
"DolocTown.UI.DolocUiObject","get_anchoredPositionX","System.Single DolocTown.UI.DolocUiObject::get_anchoredPositionX()","System.Single","","public","False","False","False","False","True","12","0x06004A28"
"DolocTown.UI.DolocUiObject","set_anchoredPositionX","System.Void DolocTown.UI.DolocUiObject::set_anchoredPositionX(System.Single)","System.Void","System.Single value","public","False","False","False","False","True","19","0x06004A29"
"DolocTown.UI.DolocUiObject","get_anchoredPositionY","System.Single DolocTown.UI.DolocUiObject::get_anchoredPositionY()","System.Single","","public","False","False","False","False","True","12","0x06004A2A"
"DolocTown.UI.DolocUiObject","set_anchoredPositionY","System.Void DolocTown.UI.DolocUiObject::set_anchoredPositionY(System.Single)","System.Void","System.Single value","public","False","False","False","False","True","19","0x06004A2B"
"DolocTown.UI.DolocUIPanel","get_anchoredHidePosition","UnityEngine.Vector2 DolocTown.UI.DolocUIPanel::get_anchoredHidePosition()","UnityEngine.Vector2","","protected","False","False","False","False","True","7","0x06004A83"
"DolocTown.UI.DolocUIPanel","set_anchoredHidePosition","System.Void DolocTown.UI.DolocUIPanel::set_anchoredHidePosition(UnityEngine.Vector2)","System.Void","UnityEngine.Vector2 value","protected","False","False","False","False","True","8","0x06004A84"
"DolocTown.UI.DolocUIPanel","get_originAnchoredPosition","UnityEngine.Vector2 DolocTown.UI.DolocUIPanel::get_originAnchoredPosition()","UnityEngine.Vector2","","public","False","False","False","False","True","7","0x06004A92"
"DolocTown.UI.DolocUIPanel","set_originAnchoredPosition","System.Void DolocTown.UI.DolocUIPanel::set_originAnchoredPosition(UnityEngine.Vector2)","System.Void","UnityEngine.Vector2 value","private","False","False","False","False","True","8","0x06004A93"
"DolocTown.UI.DolocUIPanel","GetAnchoredPosition","UnityEngine.Vector2 DolocTown.UI.DolocUIPanel::GetAnchoredPosition(UnityEngine.Vector2)","UnityEngine.Vector2","UnityEngine.Vector2 worldPos","private","False","False","False","False","True","68","0x06004A94"
"DolocTown.UI.DolocUIPanel","SetAnchoredShowPosition","System.Void DolocTown.UI.DolocUIPanel::SetAnchoredShowPosition(System.Single,DolocTown.UI.UIAlignmentType)","System.Void","System.Single space; DolocTown.UI.UIAlignmentType screenAnchor","public","False","False","False","False","True","67","0x06004A96"
"DolocTown.UI.DolocUIPanel","SetAnchoredShowPosition","System.Void DolocTown.UI.DolocUIPanel::SetAnchoredShowPosition(UnityEngine.Vector2,DolocTown.UI.UIAlignmentType)","System.Void","UnityEngine.Vector2 offset; DolocTown.UI.UIAlignmentType screenAnchor","public","False","False","False","False","True","10","0x06004A97"
"DolocTown.UI.DolocUIPanel","SetAnchoredShowPosition","System.Void DolocTown.UI.DolocUIPanel::SetAnchoredShowPosition(UnityEngine.Vector2,DolocTown.UI.UIAlignmentType,DolocTown.UI.UIAlignmentType)","System.Void","UnityEngine.Vector2 offset; DolocTown.UI.UIAlignmentType panelPivot; DolocTown.UI.UIAlignmentType screenAnchor","public","False","False","False","False","True","28","0x06004A98"
"DolocTown.UI.DolocUIPanel","GetAnchoredShowPosition","UnityEngine.Vector2 DolocTown.UI.DolocUIPanel::GetAnchoredShowPosition()","UnityEngine.Vector2","","private","False","False","False","False","True","7","0x06004A9A"
"DolocTown.UI.DolocUIPanel","GetAnchoredHidePosition","UnityEngine.Vector2 DolocTown.UI.DolocUIPanel::GetAnchoredHidePosition(System.Boolean,DolocTown.UI.UiPanelDisplayAnimType)","UnityEngine.Vector2","System.Boolean visible; DolocTown.UI.UiPanelDisplayAnimType type","protected","False","False","False","False","True","260","0x06004A9C"
"DolocTown.UI.DolocUIPanel","<SetAnchoredShowPosition>g__Lambda|71_0","System.Single DolocTown.UI.DolocUIPanel::<SetAnchoredShowPosition>g__Lambda|71_0(System.Single)","System.Single","System.Single x","internal","True","False","False","False","True","25","0x06004AA2"
"DolocTown.UI.ILayoutableUi","IgnoreLayout","System.Void DolocTown.UI.ILayoutableUi::IgnoreLayout(System.Boolean)","System.Void","System.Boolean value","public","False","True","False","False","True","40","0x06004AA9"
"DolocTown.UI.MonsterDetailData","get_dropItems","UnityEngine.Sprite[] DolocTown.UI.MonsterDetailData::get_dropItems()","UnityEngine.Sprite[]","","public","False","False","False","False","True","7","0x06004DE5"
"DolocTown.UI.BookResourceData","get_notEmpty","System.Boolean DolocTown.UI.BookResourceData::get_notEmpty()","System.Boolean","","public","False","True","False","False","True","7","0x06004E12"
"DolocTown.UI.BookResourceData","get_icon","UnityEngine.Sprite DolocTown.UI.BookResourceData::get_icon()","UnityEngine.Sprite","","public","False","False","False","False","True","7","0x06004E13"
"DolocTown.UI.BookResourceData","get_name","System.String DolocTown.UI.BookResourceData::get_name()","System.String","","public","False","False","False","False","True","7","0x06004E14"
"DolocTown.UI.BookResourceData","get_isVisited","System.Boolean DolocTown.UI.BookResourceData::get_isVisited()","System.Boolean","","public","False","False","False","False","True","7","0x06004E15"
"DolocTown.UI.BookResourceData","get_isNew","System.Boolean DolocTown.UI.BookResourceData::get_isNew()","System.Boolean","","public","False","False","False","False","True","7","0x06004E16"
"DolocTown.UI.BookResourceData",".ctor","System.Void DolocTown.UI.BookResourceData::.ctor(System.String)","System.Void","System.String resourceId","public","False","False","False","True","True","126","0x06004E17"
"DolocTown.UI.BookResourceSlot","Render","System.Void DolocTown.UI.BookResourceSlot::Render(DolocTown.UI.BookResourceData)","System.Void","DolocTown.UI.BookResourceData data","public","False","False","False","False","True","77","0x06004E18"
"DolocTown.UI.BookResourceSlot","OnSelect","System.Void DolocTown.UI.BookResourceSlot::OnSelect()","System.Void","","protected","False","True","False","False","True","12","0x06004E19"
"DolocTown.UI.BookResourceSlot",".ctor","System.Void DolocTown.UI.BookResourceSlot::.ctor()","System.Void","","public","False","False","False","True","True","7","0x06004E1A"
"DolocTown.UI.ResourceCatalogPanel","RenderViewer","System.Void DolocTown.UI.ResourceCatalogPanel::RenderViewer(DolocTown.UI.ResourceDetailData)","System.Void","DolocTown.UI.ResourceDetailData data","public","False","False","False","False","True","83","0x06004E1B"
"DolocTown.UI.ResourceCatalogPanel","get_scrollRect","UnityEngine.UI.ScrollRect DolocTown.UI.ResourceCatalogPanel::get_scrollRect()","UnityEngine.UI.ScrollRect","","public","False","True","False","False","True","37","0x06004E1C"
"DolocTown.UI.ResourceCatalogPanel","get_moveDelta","System.Single DolocTown.UI.ResourceCatalogPanel::get_moveDelta()","System.Single","","public","False","True","False","False","True","6","0x06004E1D"
"DolocTown.UI.ResourceCatalogPanel","OnMove","System.Void DolocTown.UI.ResourceCatalogPanel::OnMove()","System.Void","","public","False","True","False","False","True","1","0x06004E1E"
"DolocTown.UI.ResourceCatalogPanel",".ctor","System.Void DolocTown.UI.ResourceCatalogPanel::.ctor()","System.Void","","public","False","False","False","True","True","7","0x06004E1F"
"DolocTown.UI.ResourceListViewer","get_slotPrefab","UnityEngine.GameObject DolocTown.UI.ResourceListViewer::get_slotPrefab()","UnityEngine.GameObject","","protected","False","True","False","False","True","8","0x06004E20"
"DolocTown.UI.ResourceListViewer","RenderSlot","System.Void DolocTown.UI.ResourceListViewer::RenderSlot(DolocTown.UI.BookResourceSlot,DolocTown.UI.BookResourceData)","System.Void","DolocTown.UI.BookResourceSlot slot; DolocTown.UI.BookResourceData data","protected","False","True","False","False","True","8","0x06004E21"
"DolocTown.UI.ResourceListViewer","OnSlotSelect","System.Void DolocTown.UI.ResourceListViewer::OnSlotSelect(DolocTown.UI.BookResourceSlot)","System.Void","DolocTown.UI.BookResourceSlot slot","protected","False","True","False","False","True","13","0x06004E22"
"DolocTown.UI.ResourceListViewer",".ctor","System.Void DolocTown.UI.ResourceListViewer::.ctor()","System.Void","","public","False","False","False","True","True","7","0x06004E23"
"DolocTown.UI.ResourceDetailData","get_notEmpty","System.Boolean DolocTown.UI.ResourceDetailData::get_notEmpty()","System.Boolean","","public","False","True","False","False","True","7","0x06004E24"
"DolocTown.UI.ResourceDetailData","get_isVisited","System.Boolean DolocTown.UI.ResourceDetailData::get_isVisited()","System.Boolean","","public","False","False","False","False","True","7","0x06004E25"
"DolocTown.UI.ResourceDetailData","get_display","System.Boolean DolocTown.UI.ResourceDetailData::get_display()","System.Boolean","","public","False","False","False","False","True","7","0x06004E26"
"DolocTown.UI.ResourceDetailData","get_isLeftRightLayout","System.Boolean DolocTown.UI.ResourceDetailData::get_isLeftRightLayout()","System.Boolean","","public","False","False","False","False","True","7","0x06004E27"
"DolocTown.UI.ResourceDetailData","get_icon","UnityEngine.Sprite DolocTown.UI.ResourceDetailData::get_icon()","UnityEngine.Sprite","","public","False","False","False","False","True","7","0x06004E28"
"DolocTown.UI.ResourceDetailData","get_title","System.String DolocTown.UI.ResourceDetailData::get_title()","System.String","","public","False","False","False","False","True","7","0x06004E29"
"DolocTown.UI.ResourceDetailData","get_collectCount","System.Int32 DolocTown.UI.ResourceDetailData::get_collectCount()","System.Int32","","public","False","False","False","False","True","7","0x06004E2A"
"DolocTown.UI.ResourceDetailData","get_habitat","System.String DolocTown.UI.ResourceDetailData::get_habitat()","System.String","","public","False","False","False","False","True","7","0x06004E2B"
"DolocTown.UI.ResourceDetailData","get_growthPeriod","System.String DolocTown.UI.ResourceDetailData::get_growthPeriod()","System.String","","public","False","False","False","False","True","7","0x06004E2C"
"DolocTown.UI.ResourceDetailData","get_itemNames","System.String[] DolocTown.UI.ResourceDetailData::get_itemNames()","System.String[]","","public","False","False","False","False","True","7","0x06004E2D"
"DolocTown.UI.ResourceDetailData","get_dropItems","UnityEngine.Sprite[] DolocTown.UI.ResourceDetailData::get_dropItems()","UnityEngine.Sprite[]","","public","False","False","False","False","True","7","0x06004E2E"
"DolocTown.UI.ResourceDetailData","get_obtained","System.Boolean[] DolocTown.UI.ResourceDetailData::get_obtained()","System.Boolean[]","","public","False","False","False","False","True","7","0x06004E2F"
"DolocTown.UI.ResourceDetailData","get_documentContent","System.String DolocTown.UI.ResourceDetailData::get_documentContent()","System.String","","public","False","False","False","False","True","7","0x06004E30"
"DolocTown.UI.ResourceDetailData",".ctor","System.Void DolocTown.UI.ResourceDetailData::.ctor(System.String)","System.Void","System.String resourceId","public","False","False","False","True","True","1343","0x06004E31"
"DolocTown.UI.ResourceDetailData/<>c",".cctor","System.Void DolocTown.UI.ResourceDetailData/<>c::.cctor()","System.Void","","private","True","False","False","True","True","11","0x0600A382"
"DolocTown.UI.ResourceDetailData/<>c",".ctor","System.Void DolocTown.UI.ResourceDetailData/<>c::.ctor()","System.Void","","public","False","False","False","True","True","7","0x0600A383"
"DolocTown.UI.ResourceDetailData/<>c","<.ctor>b__39_4","System.String DolocTown.UI.ResourceDetailData/<>c::<.ctor>b__39_4(System.Int32)","System.String","System.Int32 month","internal","False","False","False","False","True","17","0x0600A384"
"DolocTown.UI.ResourceDetailData/<>c","<.ctor>b__39_0","System.Single DolocTown.UI.ResourceDetailData/<>c::<.ctor>b__39_0(System.Collections.Generic.KeyValuePair`2<System.String,System.Single>)","System.Single","System.Collections.Generic.KeyValuePair`2<System.String,System.Single> x","internal","False","False","False","False","True","8","0x0600A385"
"DolocTown.UI.ResourceDetailData/<>c","<.ctor>b__39_1","System.Single DolocTown.UI.ResourceDetailData/<>c::<.ctor>b__39_1(System.Collections.Generic.KeyValuePair`2<System.String,System.Single>)","System.Single","System.Collections.Generic.KeyValuePair`2<System.String,System.Single> x","internal","False","False","False","False","True","8","0x0600A386"
"DolocTown.UI.ResourceDetailData/<>c","<.ctor>b__39_2","System.String DolocTown.UI.ResourceDetailData/<>c::<.ctor>b__39_2(System.Collections.Generic.KeyValuePair`2<System.String,System.Single>)","System.String","System.Collections.Generic.KeyValuePair`2<System.String,System.Single> x","internal","False","False","False","False","True","8","0x0600A387"
"DolocTown.UI.ResourceDetailData/<>c","<.ctor>b__39_3","System.Boolean DolocTown.UI.ResourceDetailData/<>c::<.ctor>b__39_3(System.String)","System.Boolean","System.String itemName","internal","False","False","False","False","True","25","0x0600A388"
"DolocTown.UI.ResourceViewer","__Init","System.Void DolocTown.UI.ResourceViewer::__Init()","System.Void","","protected","False","True","False","False","True","18","0x06004E32"
"DolocTown.UI.ResourceViewer","Render","System.Void DolocTown.UI.ResourceViewer::Render(DolocTown.UI.ResourceDetailData)","System.Void","DolocTown.UI.ResourceDetailData data","public","False","False","False","False","True","345","0x06004E33"
"DolocTown.UI.ResourceViewer",".ctor","System.Void DolocTown.UI.ResourceViewer::.ctor()","System.Void","","public","False","False","False","True","True","7","0x06004E34"
"DolocTown.UI.IHasCropInfo","get_HarvestCountInfo","System.String DolocTown.UI.IHasCropInfo::get_HarvestCountInfo()","System.String","","public","False","True","True","False","False","0","0x06004F37"
"DolocTown.UI.DroneWidget","ForEachComponent","System.Void DolocTown.UI.DroneWidget::ForEachComponent(UnityEngine.Events.UnityAction`1<DolocTown.UI.DroneItemSlot>)","System.Void","UnityEngine.Events.UnityAction`1<DolocTown.UI.DroneItemSlot> call","public","False","False","False","False","True","58","0x06005002"
"DolocTown.UI.DroneWidget","ForEachComponent","System.Void DolocTown.UI.DroneWidget::ForEachComponent(UnityEngine.Events.UnityAction`2<System.Int32,DolocTown.UI.DroneItemSlot>)","System.Void","UnityEngine.Events.UnityAction`2<System.Int32,DolocTown.UI.DroneItemSlot> call","public","False","False","False","False","True","45","0x06005003"
"DolocTown.UI.DropItemPickTip","get_idle","System.Boolean DolocTown.UI.DropItemPickTip::get_idle()","System.Boolean","","public","False","False","False","False","True","7","0x06005008"
"DolocTown.UI.DropItemPickTip","set_idle","System.Void DolocTown.UI.DropItemPickTip::set_idle(System.Boolean)","System.Void","System.Boolean value","private","False","False","False","False","True","8","0x06005009"
"DolocTown.UI.DropItemPickTip","get_itemName","System.String DolocTown.UI.DropItemPickTip::get_itemName()","System.String","","public","False","False","False","False","True","7","0x0600500A"
"DolocTown.UI.DropItemPickTip","set_itemName","System.Void DolocTown.UI.DropItemPickTip::set_itemName(System.String)","System.Void","System.String value","private","False","False","False","False","True","8","0x0600500B"
"DolocTown.UI.DropItemPickTip","__Init","System.Void DolocTown.UI.DropItemPickTip::__Init()","System.Void","","protected","False","True","False","False","True","76","0x0600500C"
"DolocTown.UI.DropItemPickTip","Show","System.Void DolocTown.UI.DropItemPickTip::Show(System.String,UnityEngine.Sprite,System.String,System.Int32)","System.Void","System.String itemName; UnityEngine.Sprite icon; System.String title; System.Int32 count","public","False","False","False","False","True","87","0x0600500D"
"DolocTown.UI.DropItemPickTip","ShowContinues","System.Void DolocTown.UI.DropItemPickTip::ShowContinues(System.Int32)","System.Void","System.Int32 pickCount","public","False","False","False","False","True","59","0x0600500E"
"DolocTown.UI.DropItemPickTip","StartAnimation","System.Void DolocTown.UI.DropItemPickTip::StartAnimation()","System.Void","","private","False","False","False","False","True","172","0x0600500F"
"DolocTown.UI.DropItemPickTip","EndAnimation","System.Void DolocTown.UI.DropItemPickTip::EndAnimation()","System.Void","","private","False","False","False","False","True","25","0x06005010"
"DolocTown.UI.DropItemPickTip",".ctor","System.Void DolocTown.UI.DropItemPickTip::.ctor()","System.Void","","public","False","False","False","True","True","70","0x06005011"
"DolocTown.UI.DropItemPickTipManager","__Init","System.Void DolocTown.UI.DropItemPickTipManager::__Init()","System.Void","","protected","False","True","False","False","True","118","0x06005012"
"DolocTown.UI.DropItemPickTipManager","RaiseTip","System.Boolean DolocTown.UI.DropItemPickTipManager::RaiseTip(System.String,UnityEngine.Sprite,System.String,System.Int32)","System.Boolean","System.String name; UnityEngine.Sprite icon; System.String title; System.Int32 count","public","False","False","False","False","True","90","0x06005013"
"DolocTown.UI.DropItemPickTipManager","GetNextTip","DolocTown.UI.DropItemPickTip DolocTown.UI.DropItemPickTipManager::GetNextTip()","DolocTown.UI.DropItemPickTip","","private","False","False","False","False","True","55","0x06005014"
"DolocTown.UI.DropItemPickTipManager","RemoveCache","System.Void DolocTown.UI.DropItemPickTipManager::RemoveCache(DolocTown.UI.DropItemPickTip)","System.Void","DolocTown.UI.DropItemPickTip tip","private","False","False","False","False","True","19","0x06005015"
"DolocTown.UI.DropItemPickTipManager",".ctor","System.Void DolocTown.UI.DropItemPickTipManager::.ctor()","System.Void","","public","False","False","False","True","True","7","0x06005016"
"DolocTown.UI.EnvOptimizerData","get_stepScores","System.Int32[] DolocTown.UI.EnvOptimizerData::get_stepScores()","System.Int32[]","","public","False","False","False","False","True","7","0x06005030"
"DolocTown.UI.EnvOptimizerData","get_overviewScore","System.Int32 DolocTown.UI.EnvOptimizerData::get_overviewScore()","System.Int32","","public","False","False","False","False","True","7","0x06005032"
"DolocTown.UI.EnvOptimizerBranchData","get_currentScore","System.Int32 DolocTown.UI.EnvOptimizerBranchData::get_currentScore()","System.Int32","","public","False","False","False","False","True","7","0x06005038"
"DolocTown.UI.EnvOptimizerBranchData","get_totalScore","System.Int32 DolocTown.UI.EnvOptimizerBranchData::get_totalScore()","System.Int32","","public","False","False","False","False","True","7","0x06005039"
"DolocTown.UI.StorageShelfWidget","ForEach","System.Void DolocTown.UI.StorageShelfWidget::ForEach(UnityEngine.Events.UnityAction`2<System.Int32,DolocTown.UI.BoxInventoryWidget>)","System.Void","UnityEngine.Events.UnityAction`2<System.Int32,DolocTown.UI.BoxInventoryWidget> call","public","False","False","False","False","True","40","0x060050DA"
"DolocTown.UI.MenuButton","IgnoreParentCanvasGroups","System.Void DolocTown.UI.MenuButton::IgnoreParentCanvasGroups(System.Boolean)","System.Void","System.Boolean value","public","False","False","False","False","True","13","0x06005369"
"DolocTown.UI.MessageBox","get_hideAnchoredPos","UnityEngine.Vector2 DolocTown.UI.MessageBox::get_hideAnchoredPos()","UnityEngine.Vector2","","protected","False","False","False","False","True","30","0x06005382"
"DolocTown.UI.MessageBoxNode","get_hideAnchoredPos","UnityEngine.Vector2 DolocTown.UI.MessageBoxNode::get_hideAnchoredPos()","UnityEngine.Vector2","","private","False","False","False","False","True","30","0x060053D9"
"DolocTown.UI.StoreItemData","get_notEmpty","System.Boolean DolocTown.UI.StoreItemData::get_notEmpty()","System.Boolean","","public","False","True","False","False","True","7","0x060054A6"
"DolocTown.UI.StoreItemData",".ctor","System.Void DolocTown.UI.StoreItemData::.ctor(DolocTown.StoreItemRef,DolocTown.Store)","System.Void","DolocTown.StoreItemRef storeItemRef; DolocTown.Store store","public","False","False","False","True","True","196","0x060054A7"
"DolocTown.UI.StoreItemData","GetTip","System.String DolocTown.UI.StoreItemData::GetTip(DolocTown.Config.Item.ItemInfo)","System.String","DolocTown.Config.Item.ItemInfo itemProto","private","True","False","False","False","True","186","0x060054A8"
"DolocTown.UI.StoreItemSlot","Render","System.Void DolocTown.UI.StoreItemSlot::Render(DolocTown.UI.StoreItemData)","System.Void","DolocTown.UI.StoreItemData data","public","False","False","False","False","True","221","0x060054A9"
"DolocTown.UI.StoreItemSlot",".ctor","System.Void DolocTown.UI.StoreItemSlot::.ctor()","System.Void","","public","False","False","False","True","True","7","0x060054AA"
"DolocTown.UI.StorePanel","OnStartShow","System.Void DolocTown.UI.StorePanel::OnStartShow()","System.Void","","protected","False","True","False","False","True","39","0x060054AB"
"DolocTown.UI.StorePanel","SetTotalCapacity","System.Void DolocTown.UI.StorePanel::SetTotalCapacity(System.Int32)","System.Void","System.Int32 totalCapacity","public","False","True","False","False","True","13","0x060054AC"
"DolocTown.UI.StorePanel","get_DataGetter","System.Func`3<System.Int32,System.Int32,DolocTown.UI.StoreItemData[]> DolocTown.UI.StorePanel::get_DataGetter()","System.Func`3<System.Int32,System.Int32,DolocTown.UI.StoreItemData[]>","","public","False","False","False","False","True","12","0x060054AD"
"DolocTown.UI.StorePanel","set_DataGetter","System.Void DolocTown.UI.StorePanel::set_DataGetter(System.Func`3<System.Int32,System.Int32,DolocTown.UI.StoreItemData[]>)","System.Void","System.Func`3<System.Int32,System.Int32,DolocTown.UI.StoreItemData[]> value","public","False","True","False","False","True","13","0x060054AE"
"DolocTown.UI.StorePanel","NextPage","System.Void DolocTown.UI.StorePanel::NextPage()","System.Void","","public","False","True","False","False","True","12","0x060054AF"
"DolocTown.UI.StorePanel","PrevPage","System.Void DolocTown.UI.StorePanel::PrevPage()","System.Void","","public","False","True","False","False","True","12","0x060054B0"
"DolocTown.UI.StorePanel","RefreshView","System.Void DolocTown.UI.StorePanel::RefreshView()","System.Void","","public","False","True","False","False","True","12","0x060054B1"
"DolocTown.UI.StorePanel","Select","System.Void DolocTown.UI.StorePanel::Select(System.Int32)","System.Void","System.Int32 index","public","False","True","False","False","True","13","0x060054B2"
"DolocTown.UI.StorePanel","BuildNavigation","System.Void DolocTown.UI.StorePanel::BuildNavigation()","System.Void","","public","False","False","False","False","True","97","0x060054B3"
"DolocTown.UI.StorePanel",".ctor","System.Void DolocTown.UI.StorePanel::.ctor()","System.Void","","public","False","False","False","True","True","7","0x060054B4"
"DolocTown.UI.StoreWidget","get_clearOtherDirectionNav","System.Boolean DolocTown.UI.StoreWidget::get_clearOtherDirectionNav()","System.Boolean","","protected","False","True","False","False","True","2","0x060054B5"
"DolocTown.UI.StoreWidget","__Init","System.Void DolocTown.UI.StoreWidget::__Init()","System.Void","","protected","False","True","False","False","True","30","0x060054B6"
"DolocTown.UI.StoreWidget","get_layout","DolocTown.UI.SlotLayout DolocTown.UI.StoreWidget::get_layout()","DolocTown.UI.SlotLayout","","protected","False","True","False","False","True","2","0x060054B7"
"DolocTown.UI.StoreWidget","GetSlots","DolocTown.UI.StoreItemSlot[] DolocTown.UI.StoreWidget::GetSlots()","DolocTown.UI.StoreItemSlot[]","","protected","False","True","False","False","True","13","0x060054B8"
"DolocTown.UI.StoreWidget","OnInitSlot","System.Void DolocTown.UI.StoreWidget::OnInitSlot(DolocTown.UI.StoreItemSlot)","System.Void","DolocTown.UI.StoreItemSlot slot","protected","False","True","False","False","True","1","0x060054B9"
"DolocTown.UI.StoreWidget","RenderSlot","System.Void DolocTown.UI.StoreWidget::RenderSlot(DolocTown.UI.StoreItemSlot,DolocTown.UI.StoreItemData)","System.Void","DolocTown.UI.StoreItemSlot slot; DolocTown.UI.StoreItemData data","protected","False","True","False","False","True","8","0x060054BA"
"DolocTown.UI.StoreWidget","SetMoney","System.Void DolocTown.UI.StoreWidget::SetMoney(System.Int32,System.Boolean)","System.Void","System.Int32 value; System.Boolean useAnimation","public","False","False","False","False","True","14","0x060054BB"
"DolocTown.UI.StoreWidget",".ctor","System.Void DolocTown.UI.StoreWidget::.ctor()","System.Void","","public","False","False","False","True","True","7","0x060054BC"
"DolocTown.UI.StoreQuantitySubmitData",".ctor","System.Void DolocTown.UI.StoreQuantitySubmitData::.ctor(System.Int32,DolocTown.UI.StoreSubmitType,DolocTown.Item,System.Int32,System.Int32,System.Int32,System.Int32)","System.Void","System.Int32 maxCount; DolocTown.UI.StoreSubmitType submitType; DolocTown.Item item; System.Int32 unitPrice; System.Int32 itemCount; System.Int32 maxMoney; System.Int32 initCount","public","False","False","False","True","True","218","0x060054D8"
"DolocTown.UI.StoreQuantitySubmitPanel","__Init","System.Void DolocTown.UI.StoreQuantitySubmitPanel::__Init()","System.Void","","protected","False","True","False","False","True","18","0x060054E5"
"DolocTown.UI.StoreQuantitySubmitPanel","Render","System.Void DolocTown.UI.StoreQuantitySubmitPanel::Render(DolocTown.UI.StoreQuantitySubmitData)","System.Void","DolocTown.UI.StoreQuantitySubmitData data","public","False","True","False","False","True","150","0x060054E6"
"DolocTown.UI.StoreQuantitySubmitPanel","RefreshView","System.Void DolocTown.UI.StoreQuantitySubmitPanel::RefreshView(System.Int32)","System.Void","System.Int32 count","protected","False","True","False","False","True","68","0x060054E7"
"DolocTown.UI.StoreQuantitySubmitPanel",".ctor","System.Void DolocTown.UI.StoreQuantitySubmitPanel::.ctor()","System.Void","","public","False","False","False","True","True","7","0x060054E8"
"DolocTown.UI.TechNodeData",".ctor","System.Void DolocTown.UI.TechNodeData::.ctor(DolocTown.TreeGraph.TreeGraphNode`1<DolocTown.GameData.TechNodeProto>,System.Func`2<DolocTown.TreeGraph.TreeGraphNode`1<DolocTown.GameData.TechNodeProto>,System.Boolean>,System.Func`2<DolocTown.TreeGraph.TreeGraphNode`1<DolocTown.GameData.TechNodeProto>,System.Boolean>)","System.Void","DolocTown.TreeGraph.TreeGraphNode`1<DolocTown.GameData.TechNodeProto> node; System.Func`2<DolocTown.TreeGraph.TreeGraphNode`1<DolocTown.GameData.TechNodeProto>,System.Boolean> preLockChecker; System.Func`2<DolocTown.TreeGraph.TreeGraphNode`1<DolocTown.GameData.TechNodeProto>,System.Boolean> canAffordChecker","public","False","False","False","True","True","148","0x060054EE"
"DolocTown.UI.TechNodePreviewData",".ctor","System.Void DolocTown.UI.TechNodePreviewData::.ctor(DolocTown.TreeGraph.TreeGraphNode`1<DolocTown.GameData.TechNodeProto>)","System.Void","DolocTown.TreeGraph.TreeGraphNode`1<DolocTown.GameData.TechNodeProto> node","public","False","False","False","True","True","604","0x06005500"
"DolocTown.UI.TechTreePanel","set_TreeDesc","System.Void DolocTown.UI.TechTreePanel::set_TreeDesc(System.String)","System.Void","System.String value","public","False","False","False","False","True","13","0x0600552E"
"DolocTown.UI.TechTreePanel","__Init","System.Void DolocTown.UI.TechTreePanel::__Init()","System.Void","","protected","False","True","False","False","True","18","0x0600552F"
"DolocTown.UI.TechTreePanel","OnStartShow","System.Void DolocTown.UI.TechTreePanel::OnStartShow()","System.Void","","protected","False","True","False","False","True","29","0x06005530"
"DolocTown.UI.TechTreePanel",".ctor","System.Void DolocTown.UI.TechTreePanel::.ctor()","System.Void","","public","False","False","False","True","True","7","0x06005531"
"DolocTown.UI.TechTreeTitleMenu","get_pfb","UnityEngine.GameObject DolocTown.UI.TechTreeTitleMenu::get_pfb()","UnityEngine.GameObject","","protected","False","True","False","False","True","8","0x06005532"
"DolocTown.UI.TechTreeTitleMenu","__Init","System.Void DolocTown.UI.TechTreeTitleMenu::__Init()","System.Void","","protected","False","True","False","False","True","63","0x06005533"
"DolocTown.UI.TechTreeTitleMenu","ClickPrev","System.Void DolocTown.UI.TechTreeTitleMenu::ClickPrev()","System.Void","","private","False","False","False","False","True","53","0x06005534"
"DolocTown.UI.TechTreeTitleMenu","ClickNext","System.Void DolocTown.UI.TechTreeTitleMenu::ClickNext()","System.Void","","private","False","False","False","False","True","41","0x06005535"
"DolocTown.UI.TechTreeTitleMenu",".ctor","System.Void DolocTown.UI.TechTreeTitleMenu::.ctor()","System.Void","","public","False","False","False","True","True","7","0x06005536"
"DolocTown.UI.TechTreeWidget","get_selectedPosition","UnityEngine.Vector2Int DolocTown.UI.TechTreeWidget::get_selectedPosition()","UnityEngine.Vector2Int","","public","False","False","False","False","True","7","0x06005537"
"DolocTown.UI.TechTreeWidget","set_selectedPosition","System.Void DolocTown.UI.TechTreeWidget::set_selectedPosition(UnityEngine.Vector2Int)","System.Void","UnityEngine.Vector2Int value","private","False","False","False","False","True","8","0x06005538"
"DolocTown.UI.TechTreeWidget","get_isFocused","System.Boolean DolocTown.UI.TechTreeWidget::get_isFocused()","System.Boolean","","public","False","False","False","False","True","7","0x06005539"
"DolocTown.UI.TechTreeWidget","set_isFocused","System.Void DolocTown.UI.TechTreeWidget::set_isFocused(System.Boolean)","System.Void","System.Boolean value","private","False","False","False","False","True","8","0x0600553A"
"DolocTown.UI.TechTreeWidget","__Init","System.Void DolocTown.UI.TechTreeWidget::__Init()","System.Void","","protected","False","True","False","False","True","57","0x0600553B"
"DolocTown.UI.TechTreeWidget","RenderAllNode","System.Void DolocTown.UI.TechTreeWidget::RenderAllNode(DolocTown.UI.TechNodeData[],UnityEngine.Vector2Int)","System.Void","DolocTown.UI.TechNodeData[] datas; UnityEngine.Vector2Int treeSize","public","False","False","False","False","True","271","0x0600553C"
"DolocTown.UI.TechTreeWidget","RenderLine","System.Void DolocTown.UI.TechTreeWidget::RenderLine(UnityEngine.Vector2Int,UnityEngine.Vector2Int,System.Boolean)","System.Void","UnityEngine.Vector2Int parent; UnityEngine.Vector2Int child; System.Boolean isParentUnlocked","public","False","False","False","False","True","287","0x0600553D"
"DolocTown.UI.TechTreeWidget","ReBuildLinks","System.Void DolocTown.UI.TechTreeWidget::ReBuildLinks()","System.Void","","public","False","False","False","False","True","70","0x0600553E"
"DolocTown.UI.TechTreeWidget","RefreshSelectCallback","System.Void DolocTown.UI.TechTreeWidget::RefreshSelectCallback(System.Action`1<UnityEngine.Vector2Int>)","System.Void","System.Action`1<UnityEngine.Vector2Int> callBack","public","False","False","False","False","True","128","0x0600553F"
"DolocTown.UI.TechTreeWidget","Select","System.Void DolocTown.UI.TechTreeWidget::Select(UnityEngine.Vector2Int)","System.Void","UnityEngine.Vector2Int pos","public","False","False","False","False","True","76","0x06005540"
"DolocTown.UI.TechTreeWidget","GetFocus","System.Void DolocTown.UI.TechTreeWidget::GetFocus()","System.Void","","public","False","False","False","False","True","37","0x06005541"
"DolocTown.UI.TechTreeWidget","LoseFocus","System.Void DolocTown.UI.TechTreeWidget::LoseFocus()","System.Void","","public","False","False","False","False","True","25","0x06005542"
"DolocTown.UI.TechTreeWidget","OnBeginDrag","System.Void DolocTown.UI.TechTreeWidget::OnBeginDrag(UnityEngine.EventSystems.PointerEventData)","System.Void","UnityEngine.EventSystems.PointerEventData eventData","public","False","True","False","False","True","18","0x06005543"
"DolocTown.UI.TechTreeWidget","HoverTo","System.Void DolocTown.UI.TechTreeWidget::HoverTo(DolocTown.UI.TechNodeSlot,System.Boolean)","System.Void","DolocTown.UI.TechNodeSlot slot; System.Boolean useAnimation","private","False","False","False","False","True","150","0x06005544"
"DolocTown.UI.TechTreeWidget","OnSlotSelect","System.Void DolocTown.UI.TechTreeWidget::OnSlotSelect(DolocTown.UI.TechNodeSlot)","System.Void","DolocTown.UI.TechNodeSlot slot","private","False","False","False","False","True","114","0x06005545"
"DolocTown.UI.TechTreeWidget","BuildNavigation","System.Void DolocTown.UI.TechTreeWidget::BuildNavigation()","System.Void","","private","False","False","False","False","True","236","0x06005546"
"DolocTown.UI.TechTreeWidget","GetSlot","DolocTown.UI.TechNodeSlot DolocTown.UI.TechTreeWidget::GetSlot(UnityEngine.Vector2Int)","DolocTown.UI.TechNodeSlot","UnityEngine.Vector2Int nodePos","private","False","False","False","False","True","29","0x06005547"
"DolocTown.UI.TechTreeWidget","GetNearSlot","DolocTown.UI.TechNodeSlot DolocTown.UI.TechTreeWidget::GetNearSlot(UnityEngine.Vector2Int,UnityEngine.Vector2Int)","DolocTown.UI.TechNodeSlot","UnityEngine.Vector2Int nodePos; UnityEngine.Vector2Int dir","private","False","False","False","False","True","79","0x06005548"
"DolocTown.UI.TechTreeWidget","GetNearSlotOnHorizontal","DolocTown.UI.TechNodeSlot DolocTown.UI.TechTreeWidget::GetNearSlotOnHorizontal(UnityEngine.Vector2Int,System.Boolean)","DolocTown.UI.TechNodeSlot","UnityEngine.Vector2Int nodePos; System.Boolean right","private","False","False","False","False","True","100","0x06005549"
"DolocTown.UI.TechTreeWidget","GetRightAnglePoints","UnityEngine.Vector2[] DolocTown.UI.TechTreeWidget::GetRightAnglePoints(UnityEngine.Vector2,UnityEngine.Vector2,System.Single)","UnityEngine.Vector2[]","UnityEngine.Vector2 parent; UnityEngine.Vector2 child; System.Single yOffsetRate","private","False","False","False","False","True","128","0x0600554A"
"DolocTown.UI.TechTreeWidget","GetBezierCurvePoints","UnityEngine.Vector2[] DolocTown.UI.TechTreeWidget::GetBezierCurvePoints(UnityEngine.Vector2,UnityEngine.Vector2)","UnityEngine.Vector2[]","UnityEngine.Vector2 parent; UnityEngine.Vector2 child","private","False","False","False","False","True","95","0x0600554B"
"DolocTown.UI.TechTreeWidget",".ctor","System.Void DolocTown.UI.TechTreeWidget::.ctor()","System.Void","","public","False","False","False","True","True","81","0x0600554C"
"DolocTown.UI.TechTreeWidget","<ReBuildLinks>b__28_0","System.Int32 DolocTown.UI.TechTreeWidget::<ReBuildLinks>b__28_0(DolocTown.UI.LineRenderer)","System.Int32","DolocTown.UI.LineRenderer line","private","False","False","False","False","True","23","0x0600554D"
"DolocTown.UI.TechTreeWidget/<>c__DisplayClass29_0",".ctor","System.Void DolocTown.UI.TechTreeWidget/<>c__DisplayClass29_0::.ctor()","System.Void","","public","False","False","False","True","True","7","0x0600A4A9"
"DolocTown.UI.TechTreeWidget/<>c__DisplayClass29_1",".ctor","System.Void DolocTown.UI.TechTreeWidget/<>c__DisplayClass29_1::.ctor()","System.Void","","public","False","False","False","True","True","7","0x0600A4AA"
"DolocTown.UI.TechTreeWidget/<>c__DisplayClass29_1","<RefreshSelectCallback>b__0","System.Void DolocTown.UI.TechTreeWidget/<>c__DisplayClass29_1::<RefreshSelectCallback>b__0()","System.Void","","internal","False","False","False","False","True","88","0x0600A4AB"
"DolocTown.UI.WeatherTip","UpdateWeatherNoRender","System.Void DolocTown.UI.WeatherTip::UpdateWeatherNoRender(DolocTown.Config.Weather.WeatherType)","System.Void","DolocTown.Config.Weather.WeatherType weatherType","public","False","False","False","False","True","139","0x06005721"
"DolocTown.UI.RebindActionSlot","BeforeListen","System.Void DolocTown.UI.RebindActionSlot::BeforeListen()","System.Void","","private","False","False","False","False","True","81","0x06005777"
"DolocTown.ScorchSun.WD_ScorchSun_IWaterContainer","UpdateNoRender","System.Void DolocTown.ScorchSun.WD_ScorchSun_IWaterContainer::UpdateNoRender(System.Boolean)","System.Void","System.Boolean inProgress","public","False","True","False","False","True","34","0x060058B1"
"DolocTown.NodeCanvas.DialogueTask_UnlockStoreItem","get_taskTitle","System.String DolocTown.NodeCanvas.DialogueTask_UnlockStoreItem::get_taskTitle()","System.String","","public","False","True","False","False","True","28","0x06005908"
"DolocTown.NodeCanvas.DialogueTask_UnlockStoreItem","DoAction","System.Void DolocTown.NodeCanvas.DialogueTask_UnlockStoreItem::DoAction(NodeCanvas.Framework.Graph)","System.Void","NodeCanvas.Framework.Graph graph","public","False","True","False","False","True","19","0x06005909"
"DolocTown.NodeCanvas.DialogueTask_UnlockStoreItem",".ctor","System.Void DolocTown.NodeCanvas.DialogueTask_UnlockStoreItem::.ctor()","System.Void","","public","False","False","False","True","True","7","0x0600590A"
"DolocTown.NodeCanvas.DialogueTask_SetTechTreeLocked","get_taskTitle","System.String DolocTown.NodeCanvas.DialogueTask_SetTechTreeLocked::get_taskTitle()","System.String","","public","False","True","False","False","True","54","0x06005962"
"DolocTown.NodeCanvas.DialogueTask_SetTechTreeLocked","DoAction","System.Void DolocTown.NodeCanvas.DialogueTask_SetTechTreeLocked::DoAction(NodeCanvas.Framework.Graph)","System.Void","NodeCanvas.Framework.Graph graph","public","False","True","False","False","True","17","0x06005963"
"DolocTown.NodeCanvas.DialogueTask_SetTechTreeLocked",".ctor","System.Void DolocTown.NodeCanvas.DialogueTask_SetTechTreeLocked::.ctor()","System.Void","","public","False","False","False","True","True","7","0x06005964"
"DolocTown.NodeCanvas.DialogueTask_CheckRoomResourceClass","get_taskTitle","System.String DolocTown.NodeCanvas.DialogueTask_CheckRoomResourceClass::get_taskTitle()","System.String","","public","False","True","False","False","True","68","0x06005981"
"DolocTown.NodeCanvas.DialogueTask_CheckRoomResourceClass","CheckCondition","System.Boolean DolocTown.NodeCanvas.DialogueTask_CheckRoomResourceClass::CheckCondition()","System.Boolean","","protected","False","True","False","False","True","120","0x06005982"
"DolocTown.NodeCanvas.DialogueTask_CheckRoomResourceClass",".ctor","System.Void DolocTown.NodeCanvas.DialogueTask_CheckRoomResourceClass::.ctor()","System.Void","","public","False","False","False","True","True","33","0x06005983"
"DolocTown.NodeCanvas.GameProcessGraph","get_isTree","System.Boolean DolocTown.NodeCanvas.GameProcessGraph::get_isTree()","System.Boolean","","public","False","True","False","False","True","2","0x06005A04"
"DolocTown.NodeCanvas.GameProcessGraph","get_canAcceptVariableDrops","System.Boolean DolocTown.NodeCanvas.GameProcessGraph::get_canAcceptVariableDrops()","System.Boolean","","public","False","True","False","False","True","2","0x06005A06"
"DolocTown.NodeCanvas.GameProcessTaskScorePanel",".ctor","System.Void DolocTown.NodeCanvas.GameProcessTaskScorePanel::.ctor(NodeCanvas.Framework.Graph)","System.Void","NodeCanvas.Framework.Graph _graph","public","False","False","False","True","True","19","0x06005A3A"
"DolocTown.NodeCanvas.GameProcessTaskScorePanel","SendMessage","System.Boolean DolocTown.NodeCanvas.GameProcessTaskScorePanel::SendMessage(DolocTown.GameMessage,System.Boolean)","System.Boolean","DolocTown.GameMessage message; System.Boolean shouldUseMessage","public","False","True","False","False","True","147","0x06005A3B"
"DolocTown.NodeCanvas.GameProcessTaskScorePanel","OnExecute","RedSaw.AI.LinearTask.TaskStatus DolocTown.NodeCanvas.GameProcessTaskScorePanel::OnExecute(System.Single)","RedSaw.AI.LinearTask.TaskStatus","System.Single dt","public","False","True","False","False","True","2","0x06005A3C"
"DolocTown.NodeCanvas.GameProcessTaskScorePanel","OnBegin","System.Void DolocTown.NodeCanvas.GameProcessTaskScorePanel::OnBegin()","System.Void","","public","False","True","False","False","True","14","0x06005A3D"
"DolocTown.NodeCanvas.GameProcessTaskScorePanel","OnEnd","System.Void DolocTown.NodeCanvas.GameProcessTaskScorePanel::OnEnd()","System.Void","","public","False","True","False","False","True","102","0x06005A3E"
"DolocTown.NodeCanvas.GameProcessTaskScorePanel/ScoreCounter","Check","System.Boolean DolocTown.NodeCanvas.GameProcessTaskScorePanel/ScoreCounter::Check(DolocTown.GameEventType,System.String)","System.Boolean","DolocTown.GameEventType type; System.String args","public","False","False","False","False","True","74","0x0600A56A"
"DolocTown.NodeCanvas.GameProcessTaskScorePanel/<>c__DisplayClass7_0",".ctor","System.Void DolocTown.NodeCanvas.GameProcessTaskScorePanel/<>c__DisplayClass7_0::.ctor()","System.Void","","public","False","False","False","True","True","7","0x0600A56B"
"DolocTown.NodeCanvas.GameProcessTaskScorePanel/<>c__DisplayClass7_0","<SendMessage>b__0","System.Boolean DolocTown.NodeCanvas.GameProcessTaskScorePanel/<>c__DisplayClass7_0::<SendMessage>b__0(DolocTown.NodeCanvas.GameProcessTaskScorePanel/ScoreCounter)","System.Boolean","DolocTown.NodeCanvas.GameProcessTaskScorePanel/ScoreCounter scoreCounter","internal","False","False","False","False","True","30","0x0600A56C"
"DolocTown.NodeCanvas.GameProcessTaskScorePanel/<>c__DisplayClass10_0",".ctor","System.Void DolocTown.NodeCanvas.GameProcessTaskScorePanel/<>c__DisplayClass10_0::.ctor()","System.Void","","public","False","False","False","True","True","7","0x0600A56D"
"DolocTown.NodeCanvas.GameProcessTaskScorePanel/<>c__DisplayClass10_0","<OnEnd>b__0","System.Void DolocTown.NodeCanvas.GameProcessTaskScorePanel/<>c__DisplayClass10_0::<OnEnd>b__0()","System.Void","","internal","False","False","False","False","True","38","0x0600A56E"
"DolocTown.NodeCanvas.SwitchScheduleGraph","get_isTree","System.Boolean DolocTown.NodeCanvas.SwitchScheduleGraph::get_isTree()","System.Boolean","","public","False","True","False","False","True","2","0x06005A75"
"DolocTown.NodeCanvas.SwitchScheduleGraph","get_canAcceptVariableDrops","System.Boolean DolocTown.NodeCanvas.SwitchScheduleGraph::get_canAcceptVariableDrops()","System.Boolean","","public","False","True","False","False","True","2","0x06005A77"
"DolocTown.NodeCanvas.MissionGraph","get_isTree","System.Boolean DolocTown.NodeCanvas.MissionGraph::get_isTree()","System.Boolean","","public","False","True","False","False","True","2","0x06005A7E"
"DolocTown.NodeCanvas.MissionGraph","get_canAcceptVariableDrops","System.Boolean DolocTown.NodeCanvas.MissionGraph::get_canAcceptVariableDrops()","System.Boolean","","public","False","True","False","False","True","2","0x06005A80"
"DolocTown.NodeCanvas.MissionRequireTemplateAccumulation/Handle","get_IsCompleteBeforeInit","System.Boolean DolocTown.NodeCanvas.MissionRequireTemplateAccumulation/Handle::get_IsCompleteBeforeInit()","System.Boolean","","public","False","True","False","False","True","2","0x0600A5AB"
"DolocTown.NodeCanvas.MissionRequireTemplateConditionTarget/Handle","get_IsCompleteBeforeInit","System.Boolean DolocTown.NodeCanvas.MissionRequireTemplateConditionTarget/Handle::get_IsCompleteBeforeInit()","System.Boolean","","public","False","True","False","False","True","38","0x0600A5B3"
"DolocTown.NodeCanvas.MissionRequireTemplateMultiArgs/Handle","get_IsCompleteBeforeInit","System.Boolean DolocTown.NodeCanvas.MissionRequireTemplateMultiArgs/Handle::get_IsCompleteBeforeInit()","System.Boolean","","public","False","True","False","False","True","2","0x0600A5BF"
"DolocTown.NodeCanvas.MissionRequireTemplateOrder/Handle","get_IsCompleteBeforeInit","System.Boolean DolocTown.NodeCanvas.MissionRequireTemplateOrder/Handle::get_IsCompleteBeforeInit()","System.Boolean","","public","False","True","False","False","True","2","0x0600A5C5"
"DolocTown.NodeCanvas.MissionRequireTemplateUniversal/HandleLocal","get_IsCompleteBeforeInit","System.Boolean DolocTown.NodeCanvas.MissionRequireTemplateUniversal/HandleLocal::get_IsCompleteBeforeInit()","System.Boolean","","public","False","True","False","False","True","2","0x0600A5CF"
"DolocTown.NodeCanvas.MissionRequireTemplateUniversal/HandleGlobal","get_IsCompleteBeforeInit","System.Boolean DolocTown.NodeCanvas.MissionRequireTemplateUniversal/HandleGlobal::get_IsCompleteBeforeInit()","System.Boolean","","public","False","True","False","False","True","22","0x0600A5D8"
"DolocTown.NodeCanvas.MissionRequireTemplateHandle","get_IsCompleteBeforeInit","System.Boolean DolocTown.NodeCanvas.MissionRequireTemplateHandle::get_IsCompleteBeforeInit()","System.Boolean","","public","False","True","True","False","False","0","0x06005AC8"
"DolocTown.NodeCanvas.NpcScheduleNodeFilterHour","IsGreaterOrEqual","System.Boolean DolocTown.NodeCanvas.NpcScheduleNodeFilterHour::IsGreaterOrEqual(DolocTown.GameData.NpcScheduleParams,System.Int32,System.Int32)","System.Boolean","DolocTown.GameData.NpcScheduleParams status; System.Int32 hour; System.Int32 minute","private","False","False","False","False","True","50","0x06005B5D"
"DolocTown.NodeCanvas.NpcScheduleGraph","get_isTree","System.Boolean DolocTown.NodeCanvas.NpcScheduleGraph::get_isTree()","System.Boolean","","public","False","True","False","False","True","2","0x06005B89"
"DolocTown.NodeCanvas.NpcScheduleGraph","get_canAcceptVariableDrops","System.Boolean DolocTown.NodeCanvas.NpcScheduleGraph::get_canAcceptVariableDrops()","System.Boolean","","public","False","True","False","False","True","2","0x06005B8B"
"DolocTown.GameData.MissionContentHandle","IsCompleteBeforeInit","System.Boolean DolocTown.GameData.MissionContentHandle::IsCompleteBeforeInit()","System.Boolean","","public","False","True","True","False","False","0","0x06005BFC"
"DolocTown.GameData.MissionContentHandleMulti","IsCompleteBeforeInit","System.Boolean DolocTown.GameData.MissionContentHandleMulti::IsCompleteBeforeInit()","System.Boolean","","public","False","True","False","False","True","94","0x06005C0E"
"DolocTown.GameData.MissionContentHandleMulti/<>c","<IsCompleteBeforeInit>b__26_0","System.Boolean DolocTown.GameData.MissionContentHandleMulti/<>c::<IsCompleteBeforeInit>b__26_0(DolocTown.GameData.MissionRequireHandle)","System.Boolean","DolocTown.GameData.MissionRequireHandle h","internal","False","False","False","False","True","7","0x0600A630"
"DolocTown.GameData.MissionContentHandleMulti/<>c","<IsCompleteBeforeInit>b__26_1","System.Boolean DolocTown.GameData.MissionContentHandleMulti/<>c::<IsCompleteBeforeInit>b__26_1(DolocTown.GameData.MissionRequireHandle)","System.Boolean","DolocTown.GameData.MissionRequireHandle h","internal","False","False","False","False","True","7","0x0600A631"
"DolocTown.GameData.MissionContentHandleSingle","IsCompleteBeforeInit","System.Boolean DolocTown.GameData.MissionContentHandleSingle::IsCompleteBeforeInit()","System.Boolean","","public","False","True","False","False","True","12","0x06005C19"
"DolocTown.GameData.TechLevelData",".ctor","System.Void DolocTown.GameData.TechLevelData::.ctor(DolocTown.Config.TechTree.TechPointType,System.Int32)","System.Void","DolocTown.Config.TechTree.TechPointType type; System.Int32 totalExp","public","False","False","False","True","True","58","0x06005C3A"
"DolocTown.GameData.TechLevelData","GetLevelInfo","DolocTown.Config.TechTree.TechLevelInfo DolocTown.GameData.TechLevelData::GetLevelInfo(System.Int32)","DolocTown.Config.TechTree.TechLevelInfo","System.Int32 level","private","False","False","False","False","True","25","0x06005C42"
"DolocTown.GameData.TechLevelData","GetCurrentLevelInfo","DolocTown.Config.TechTree.TechLevelInfo DolocTown.GameData.TechLevelData::GetCurrentLevelInfo()","DolocTown.Config.TechTree.TechLevelInfo","","public","False","False","False","False","True","13","0x06005C43"
"DolocTown.GameData.MissionRequire_Simple/Handle","get_IsCompleteBeforeInit","System.Boolean DolocTown.GameData.MissionRequire_Simple/Handle::get_IsCompleteBeforeInit()","System.Boolean","","public","False","True","False","False","True","2","0x0600A637"
"DolocTown.GameData.MissionRequireHandle","get_IsCompleteBeforeInit","System.Boolean DolocTown.GameData.MissionRequireHandle::get_IsCompleteBeforeInit()","System.Boolean","","public","False","True","True","False","False","0","0x06005C80"
"DolocTown.GameData.MissionRequireHandle_Graph","get_IsCompleteBeforeInit","System.Boolean DolocTown.GameData.MissionRequireHandle_Graph::get_IsCompleteBeforeInit()","System.Boolean","","public","False","True","False","False","True","27","0x06005C8D"
"DolocTown.GameData.NpcScheduleWorkStreet","get_Type","DolocTown.GameData.NpcScheduleWorkType DolocTown.GameData.NpcScheduleWorkStreet::get_Type()","DolocTown.GameData.NpcScheduleWorkType","","public","False","True","False","False","True","2","0x06005CA4"
"DolocTown.GameData.NpcScheduleWorkStreet","CreateTask","RedSaw.AI.LinearTask.LinearTask DolocTown.GameData.NpcScheduleWorkStreet::CreateTask(DolocTown.Npc)","RedSaw.AI.LinearTask.LinearTask","DolocTown.Npc npc","public","False","True","False","False","True","6","0x06005CA5"
"DolocTown.GameData.NpcScheduleWorkStreet",".ctor","System.Void DolocTown.GameData.NpcScheduleWorkStreet::.ctor()","System.Void","","public","False","False","False","True","True","7","0x06005CA6"
"DolocTown.GameData.NpcScheduleWorkFellResource","get_Type","DolocTown.GameData.NpcScheduleWorkType DolocTown.GameData.NpcScheduleWorkFellResource::get_Type()","DolocTown.GameData.NpcScheduleWorkType","","public","False","True","False","False","True","2","0x06005CAD"
"DolocTown.GameData.NpcScheduleWorkFellResource","CreateTask","RedSaw.AI.LinearTask.LinearTask DolocTown.GameData.NpcScheduleWorkFellResource::CreateTask(DolocTown.Npc)","RedSaw.AI.LinearTask.LinearTask","DolocTown.Npc npc","public","False","True","False","False","True","77","0x06005CAE"
"DolocTown.GameData.NpcScheduleWorkFellResource","_FindResource","DolocTown.DungeonResource DolocTown.GameData.NpcScheduleWorkFellResource::_FindResource(DolocTown.Room)","DolocTown.DungeonResource","DolocTown.Room room","private","False","False","False","False","True","121","0x06005CAF"
"DolocTown.GameData.NpcScheduleWorkFellResource","FellDungeonResource","RedSaw.AI.LinearTask.LinearTask DolocTown.GameData.NpcScheduleWorkFellResource::FellDungeonResource(DolocTown.DungeonResource)","RedSaw.AI.LinearTask.LinearTask","DolocTown.DungeonResource resource","private","False","False","False","False","True","109","0x06005CB0"
"DolocTown.GameData.NpcScheduleWorkFellResource",".ctor","System.Void DolocTown.GameData.NpcScheduleWorkFellResource::.ctor()","System.Void","","public","False","False","False","True","True","7","0x06005CB1"
"DolocTown.GameData.NpcScheduleWorkFellResource/<>c",".cctor","System.Void DolocTown.GameData.NpcScheduleWorkFellResource/<>c::.cctor()","System.Void","","private","True","False","False","True","True","11","0x0600A63C"
"DolocTown.GameData.NpcScheduleWorkFellResource/<>c",".ctor","System.Void DolocTown.GameData.NpcScheduleWorkFellResource/<>c::.ctor()","System.Void","","public","False","False","False","True","True","7","0x0600A63D"
"DolocTown.GameData.NpcScheduleWorkFellResource/<>c","<_FindResource>b__12_0","System.Boolean DolocTown.GameData.NpcScheduleWorkFellResource/<>c::<_FindResource>b__12_0(System.String)","System.Boolean","System.String x","internal","False","False","False","False","True","10","0x0600A63E"
"DolocTown.GameData.NpcScheduleWorkFellResource/<>c__DisplayClass13_0",".ctor","System.Void DolocTown.GameData.NpcScheduleWorkFellResource/<>c__DisplayClass13_0::.ctor()","System.Void","","public","False","False","False","True","True","7","0x0600A63F"
"DolocTown.GameData.NpcScheduleWorkFellResource/<>c__DisplayClass13_0","<FellDungeonResource>b__0","System.Boolean DolocTown.GameData.NpcScheduleWorkFellResource/<>c__DisplayClass13_0::<FellDungeonResource>b__0()","System.Boolean","","internal","False","False","False","False","True","15","0x0600A640"
"DolocTown.GameData.NpcScheduleWorkFellResource/<>c__DisplayClass13_0","<FellDungeonResource>b__1","System.Void DolocTown.GameData.NpcScheduleWorkFellResource/<>c__DisplayClass13_0::<FellDungeonResource>b__1(DolocTown.Npc)","System.Void","DolocTown.Npc npc","internal","False","False","False","False","True","52","0x0600A641"
"DolocTown.GameData.RoutineGraph","get_isTree","System.Boolean DolocTown.GameData.RoutineGraph::get_isTree()","System.Boolean","","public","False","True","False","False","True","2","0x06005CE0"
"DolocTown.GameData.RoutineGraph","get_canAcceptVariableDrops","System.Boolean DolocTown.GameData.RoutineGraph::get_canAcceptVariableDrops()","System.Boolean","","public","False","True","False","False","True","2","0x06005CE2"
"DolocTown.GameData.ResourceGenInfoProto",".ctor","System.Void DolocTown.GameData.ResourceGenInfoProto::.ctor(DolocTown.GameData.TerrainConstraintProto,System.Boolean)","System.Void","DolocTown.GameData.TerrainConstraintProto constraintProto; System.Boolean shouldGen","public","False","False","False","True","True","15","0x06005D0A"
"DolocTown.GameData.ResourceGenInfoProto",".cctor","System.Void DolocTown.GameData.ResourceGenInfoProto::.cctor()","System.Void","","private","True","False","False","True","True","17","0x06005D0B"
"DolocTown.GameData.ResourceGenInfoSO",".ctor","System.Void DolocTown.GameData.ResourceGenInfoSO::.ctor(DolocTown.GameData.TerrainConstraintSO)","System.Void","DolocTown.GameData.TerrainConstraintSO terrainConstraint","public","False","False","False","True","True","9","0x06005D0C"
"DolocTown.GameData.ResourceGenInfoSO",".ctor","System.Void DolocTown.GameData.ResourceGenInfoSO::.ctor(DolocTown.GameData.TerrainConstraintSO,System.Boolean)","System.Void","DolocTown.GameData.TerrainConstraintSO terrainConstraint; System.Boolean shouldGen","public","False","False","False","True","True","21","0x06005D0D"
"DolocTown.GameData.ResourceGenInfoSO","CreateProto","DolocTown.GameData.ResourceGenInfoProto DolocTown.GameData.ResourceGenInfoSO::CreateProto()","DolocTown.GameData.ResourceGenInfoProto","","public","False","False","False","False","True","23","0x06005D0E"
"DolocTown.GameData.MonsterProto","get_DropSpawnEntry","DolocTown.Config.Item.ItemSpawnEntry DolocTown.GameData.MonsterProto::get_DropSpawnEntry()","DolocTown.Config.Item.ItemSpawnEntry","","public","False","False","False","False","True","12","0x06005D40"
"DolocTown.GameData.BulletMoverProtoDrop",".ctor","System.Void DolocTown.GameData.BulletMoverProtoDrop::.ctor(System.String,System.Single)","System.Void","System.String name; System.Single gravity","public","False","False","False","True","True","15","0x06005E2A"
"DolocTown.GameData.BulletMoverProtoDrop","CreateMover","DolocTown.BulletMover DolocTown.GameData.BulletMoverProtoDrop::CreateMover(UnityEngine.Transform,DolocTown.GameData.BulletDirectionType,System.Single)","DolocTown.BulletMover","UnityEngine.Transform transform; DolocTown.GameData.BulletDirectionType directionType; System.Single moveSpeed","public","False","True","False","False","True","15","0x06005E2B"
"DolocTown.GameData.BulletMoverSODrop","CreateProto","DolocTown.GameData.BulletMoverProto DolocTown.GameData.BulletMoverSODrop::CreateProto(System.String)","DolocTown.GameData.BulletMoverProto","System.String name","public","False","True","False","False","True","13","0x06005E38"
"DolocTown.GameData.BulletMoverSODrop",".ctor","System.Void DolocTown.GameData.BulletMoverSODrop::.ctor()","System.Void","","public","False","False","False","True","True","7","0x06005E39"
"DolocTown.GameData.RoomProto","get_RandomStreetPoint","UnityEngine.Vector2 DolocTown.GameData.RoomProto::get_RandomStreetPoint()","UnityEngine.Vector2","","public","False","False","False","False","True","128","0x06005EA3"
"DolocTown.GameData.RoomProto",".ctor","System.Void DolocTown.GameData.RoomProto::.ctor(System.String,DolocTown.RoomType,DolocTown.SceneInfo,DolocTown.GameData.RoomGeometry,System.Boolean,UnityEngine.Vector2[],System.Single,DolocTown.Config.Tile.TileMaterial,DolocTown.GameData.EnvBackgroundSO,DolocTown.GameData.RoomPresetObjectProto[],DolocTown.GameData.MonsterGenInfoProto,DolocTown.GameData.ResourceGenInfoProto,DolocTown.GameData.ResourceGenInfoProto,DolocTown.GameData.ResourceGenInfoProto,DolocTown.GameData.TerrainConstraintProto,System.String[])","System.Void","System.String name; DolocTown.RoomType roomType; DolocTown.SceneInfo sceneInfo; DolocTown.GameData.RoomGeometry geometry; System.Boolean isInHouse; UnityEngine.Vector2[] inWalkableAreas; System.Single groundHeight; DolocTown.Config.Tile.TileMaterial defaultTileMaterial; DolocTown.GameData.EnvBackgroundSO background; DolocTown.GameData.RoomPresetObjectProto[] presetObjects; DolocTown.GameData.MonsterGenInfoProto monsterInfo; DolocTown.GameData.ResourceGenInfoProto resourceInfo; DolocTown.GameData.ResourceGenInfoProto vegetationInfo; DolocTown.GameData.ResourceGenInfoProto envObjectGenInfo; DolocTown.GameData.TerrainConstraintProto envObstacles; System.String[] neighbourRooms","public","False","False","False","True","True","141","0x06005EA4"
"DolocTown.GameData.RoomPresetObjectSO","get_isResource","System.Boolean DolocTown.GameData.RoomPresetObjectSO::get_isResource()","System.Boolean","","private","False","False","False","False","True","10","0x06005EB0"
"DolocTown.GameData.RoomSO","get_ResourceInfo","DolocTown.GameData.ResourceGenInfoSO DolocTown.GameData.RoomSO::get_ResourceInfo()","DolocTown.GameData.ResourceGenInfoSO","","public","False","False","False","False","True","7","0x06005EB8"
"DolocTown.GameData.RoomSO","ResetSO","System.Void DolocTown.GameData.RoomSO::ResetSO(System.String,DolocTown.RoomType,System.Boolean,DolocTown.SceneInfoSO,DolocTown.GameData.RoomGeometrySO,DolocTown.Config.Tile.TileMaterial,System.Single,UnityEngine.Vector2[],DolocTown.GameData.RoomPresetObjectSO[],DolocTown.GameData.MonsterGenInfoSO,DolocTown.GameData.ResourceGenInfoSO,DolocTown.GameData.ResourceGenInfoSO,DolocTown.GameData.ResourceGenInfoSO,DolocTown.GameData.TerrainConstraintSO,DolocTown.GameData.EnvBackgroundSO)","System.Void","System.String roomName; DolocTown.RoomType roomType; System.Boolean isInhouse; DolocTown.SceneInfoSO sceneInfo; DolocTown.GameData.RoomGeometrySO geometrySO; DolocTown.Config.Tile.TileMaterial tileMaterial; System.Single groundHeight; UnityEngine.Vector2[] inWalkableAreas; DolocTown.GameData.RoomPresetObjectSO[] presetObjects; DolocTown.GameData.MonsterGenInfoSO monsterGenInfo; DolocTown.GameData.ResourceGenInfoSO resourceInfo; DolocTown.GameData.ResourceGenInfoSO vegetationInfo; DolocTown.GameData.ResourceGenInfoSO envObjectInfo; DolocTown.GameData.TerrainConstraintSO envObstacles; DolocTown.GameData.EnvBackgroundSO background","public","False","False","False","False","True","118","0x06005EB9"
"DolocTown.GameData.TechPointAdder",".ctor","System.Void DolocTown.GameData.TechPointAdder::.ctor(DolocTown.Config.TechTree.TechPointType,System.Byte)","System.Void","DolocTown.Config.TechTree.TechPointType type; System.Byte count","public","False","False","False","True","True","15","0x06005EBD"
"DolocTown.GameData.TechTreeGraph","get_AvailableNodeNames","System.String[] DolocTown.GameData.TechTreeGraph::get_AvailableNodeNames()","System.String[]","","public","False","True","False","False","True","27","0x06005EBE"
"DolocTown.GameData.TechTreeGraph","UpdateAvailableNodeNames","System.Void DolocTown.GameData.TechTreeGraph::UpdateAvailableNodeNames()","System.Void","","public","False","False","False","False","True","13","0x06005EBF"
"DolocTown.GameData.TechTreeGraph","GetAvailableNodeNames","System.String[] DolocTown.GameData.TechTreeGraph::GetAvailableNodeNames()","System.String[]","","private","False","False","False","False","True","67","0x06005EC0"
"DolocTown.GameData.TechTreeGraph",".ctor","System.Void DolocTown.GameData.TechTreeGraph::.ctor()","System.Void","","public","False","False","False","True","True","7","0x06005EC1"
"DolocTown.GameData.TechTreeGraph/<>c",".cctor","System.Void DolocTown.GameData.TechTreeGraph/<>c::.cctor()","System.Void","","private","True","False","False","True","True","11","0x0600A684"
"DolocTown.GameData.TechTreeGraph/<>c",".ctor","System.Void DolocTown.GameData.TechTreeGraph/<>c::.ctor()","System.Void","","public","False","False","False","True","True","7","0x0600A685"
"DolocTown.GameData.TechTreeGraph/<>c","<GetAvailableNodeNames>b__4_0","System.String DolocTown.GameData.TechTreeGraph/<>c::<GetAvailableNodeNames>b__4_0(DolocTown.GameData.TechTreeNode)","System.String","DolocTown.GameData.TechTreeNode node","internal","False","False","False","False","True","7","0x0600A686"
"DolocTown.GameData.TechTreeNode","get_name","System.String DolocTown.GameData.TechTreeNode::get_name()","System.String","","public","False","True","False","False","True","70","0x06005EC2"
"DolocTown.GameData.TechTreeNode","CreateNode","DolocTown.TreeGraph.TreeGraphNode`1<DolocTown.GameData.TechNodeProto> DolocTown.GameData.TechTreeNode::CreateNode(System.Int32,UnityEngine.Sprite)","DolocTown.TreeGraph.TreeGraphNode`1<DolocTown.GameData.TechNodeProto>","System.Int32 maxYIndex; UnityEngine.Sprite defaultIcon","public","False","True","False","False","True","523","0x06005EC3"
"DolocTown.GameData.TechTreeNode",".ctor","System.Void DolocTown.GameData.TechTreeNode::.ctor()","System.Void","","public","False","False","False","True","True","47","0x06005EC4"
"DolocTown.GameData.TechTreeNode",".cctor","System.Void DolocTown.GameData.TechTreeNode::.cctor()","System.Void","","private","True","False","False","True","True","51","0x06005EC5"
"DolocTown.GameData.TechTreeNode/UnlockInfo","ToString","System.String DolocTown.GameData.TechTreeNode/UnlockInfo::ToString()","System.String","","public","False","True","False","False","True","107","0x0600A687"
"DolocTown.GameData.TechTreeNode/TechPointCost","Read","DolocTown.GameData.TechNodeCost DolocTown.GameData.TechTreeNode/TechPointCost::Read()","DolocTown.GameData.TechNodeCost","","public","False","False","False","False","True","18","0x0600A688"
"DolocTown.GameData.TechTreeNode/TechPointCost","ToString","System.String DolocTown.GameData.TechTreeNode/TechPointCost::ToString()","System.String","","public","False","True","False","False","True","151","0x0600A689"
"DolocTown.GameData.TechTreeNodeGroup",".ctor","System.Void DolocTown.GameData.TechTreeNodeGroup::.ctor()","System.Void","","protected","False","False","False","True","True","7","0x06005EC6"
"DolocTown.GameData.TechTreeStructureNode","CreateNode","DolocTown.TreeGraph.TreeGraphNode`1<DolocTown.GameData.TechNodeProto> DolocTown.GameData.TechTreeStructureNode::CreateNode(System.Int32,UnityEngine.Sprite)","DolocTown.TreeGraph.TreeGraphNode`1<DolocTown.GameData.TechNodeProto>","System.Int32 maxYIndex; UnityEngine.Sprite defaultIcon","public","False","True","False","False","True","2","0x06005EC7"
"DolocTown.GameData.TechTreeStructureNode",".ctor","System.Void DolocTown.GameData.TechTreeStructureNode::.ctor()","System.Void","","public","False","False","False","True","True","7","0x06005EC8"
"DolocTown.GameData.TechNodeCost",".ctor","System.Void DolocTown.GameData.TechNodeCost::.ctor(DolocTown.Config.TechTree.TechPointType,System.Int32)","System.Void","DolocTown.Config.TechTree.TechPointType type; System.Int32 count","public","False","False","False","True","True","21","0x06005EC9"
"DolocTown.GameData.TechNodeProto","get_Info","DolocTown.Config.TechTree.TechNodeInfo DolocTown.GameData.TechNodeProto::get_Info()","DolocTown.Config.TechTree.TechNodeInfo","","private","False","False","False","False","True","22","0x06005ECA"
"DolocTown.GameData.TechTreeDatabase","get_totalCount","System.Int32 DolocTown.GameData.TechTreeDatabase::get_totalCount()","System.Int32","","public","False","False","False","False","True","12","0x06005ECE"
"DolocTown.GameData.TechTreeDatabase","get_AllTreeGraphs","DolocTown.TreeGraph.TreeGraph`1<DolocTown.GameData.TechNodeProto>[] DolocTown.GameData.TechTreeDatabase::get_AllTreeGraphs()","DolocTown.TreeGraph.TreeGraph`1<DolocTown.GameData.TechNodeProto>[]","","public","False","False","False","False","True","17","0x06005ECF"
"DolocTown.GameData.TechTreeDatabase",".ctor","System.Void DolocTown.GameData.TechTreeDatabase::.ctor()","System.Void","","public","False","False","False","True","True","18","0x06005ED0"
"DolocTown.GameData.TechTreeDatabase","ContainsTree","System.Boolean DolocTown.GameData.TechTreeDatabase::ContainsTree(System.String)","System.Boolean","System.String name","public","False","False","False","False","True","13","0x06005ED1"
"DolocTown.GameData.TechTreeDatabase","ContainsNode","System.Boolean DolocTown.GameData.TechTreeDatabase::ContainsNode(System.String,System.String)","System.Boolean","System.String treeName; System.String nodeName","public","False","False","False","False","True","26","0x06005ED2"
"DolocTown.GameData.TechTreeDatabase","LoadTechTrees","System.Void DolocTown.GameData.TechTreeDatabase::LoadTechTrees(DolocTown.TreeGraph.TreeGraph`1<DolocTown.GameData.TechNodeProto>[])","System.Void","DolocTown.TreeGraph.TreeGraph`1<DolocTown.GameData.TechNodeProto>[] trees","public","False","False","False","False","True","37","0x06005ED3"
"DolocTown.GameData.TechTreeDatabase","QueryTechTree","System.Boolean DolocTown.GameData.TechTreeDatabase::QueryTechTree(System.String,DolocTown.TreeGraph.TreeGraph`1<DolocTown.GameData.TechNodeProto>&)","System.Boolean","System.String treeName; DolocTown.TreeGraph.TreeGraph`1<DolocTown.GameData.TechNodeProto>& tree","public","False","False","False","False","True","14","0x06005ED4"
"DolocTown.GameData.TechTreeDatabase","QueryTechTreeNode","System.Boolean DolocTown.GameData.TechTreeDatabase::QueryTechTreeNode(System.String,System.String,DolocTown.TreeGraph.TreeGraphNode`1<DolocTown.GameData.TechNodeProto>&)","System.Boolean","System.String treeName; System.String nodeName; DolocTown.TreeGraph.TreeGraphNode`1<DolocTown.GameData.TechNodeProto>& proto","public","False","False","False","False","True","30","0x06005ED5"
"DolocTown.GameData.TerrainConstraintProtoPatch","GetPositions","UnityEngine.Vector2Int[] DolocTown.GameData.TerrainConstraintProtoPatch::GetPositions(DolocTown.GameData.TerrainConstraintProto,DolocTown.Config.Resource.DungeonResourceType)","UnityEngine.Vector2Int[]","DolocTown.GameData.TerrainConstraintProto proto; DolocTown.Config.Resource.DungeonResourceType type","public","True","False","False","False","True","143","0x06005F0C"
"DolocTown.GameData.TerrainConstraintProtoPatch","GetPositions","UnityEngine.Vector2Int[] DolocTown.GameData.TerrainConstraintProtoPatch::GetPositions(DolocTown.GameData.TerrainConstraintProto,DolocTown.Config.Resource.VegetationType)","UnityEngine.Vector2Int[]","DolocTown.GameData.TerrainConstraintProto proto; DolocTown.Config.Resource.VegetationType type","public","True","False","False","False","True","106","0x06005F0D"
"DolocTown.GameData.TerrainConstraintProtoPatch","GetPositions","UnityEngine.Vector2Int[] DolocTown.GameData.TerrainConstraintProtoPatch::GetPositions(DolocTown.GameData.TerrainConstraintProto,DolocTown.Config.Resource.EnvObjectType)","UnityEngine.Vector2Int[]","DolocTown.GameData.TerrainConstraintProto proto; DolocTown.Config.Resource.EnvObjectType type","public","True","False","False","False","True","30","0x06005F0E"
"DolocTown.GameData.LocalSave","GetDataToStore","System.String DolocTown.GameData.LocalSave::GetDataToStore(System.Object)","System.String","System.Object obj","private","False","False","False","False","True","59","0x06005F61"
"DolocTown.GameData.LocalSave/<>c","<.ctor>b__38_0","System.Void DolocTown.GameData.LocalSave/<>c::<.ctor>b__38_0(System.Object,Newtonsoft.Json.Serialization.ErrorEventArgs)","System.Void","System.Object sender; Newtonsoft.Json.Serialization.ErrorEventArgs args","internal","False","False","False","False","True","79","0x0600A695"
"DolocTown.GameData.IDataPersistence","BeforeNewGame","System.Void DolocTown.GameData.IDataPersistence::BeforeNewGame()","System.Void","","public","False","True","False","False","True","1","0x06005F6F"
"DolocTown.GameData.IDataPersistence","BeforeLoadData","System.Void DolocTown.GameData.IDataPersistence::BeforeLoadData(DolocTown.GameData.ArchiveDataHandle&)","System.Void","DolocTown.GameData.ArchiveDataHandle& data","public","False","True","False","False","True","1","0x06005F71"
"DolocTown.GameData.IDataPersistence","BeforeSaveData","System.Void DolocTown.GameData.IDataPersistence::BeforeSaveData(DolocTown.GameData.ArchiveDataHandle&)","System.Void","DolocTown.GameData.ArchiveDataHandle& data","public","False","True","False","False","True","1","0x06005F73"
"DolocTown.GameData.AgentArchiveData","UpdatePerTUNoRender","System.Void DolocTown.GameData.AgentArchiveData::UpdatePerTUNoRender(DolocTown.Config.Weather.WeatherType)","System.Void","DolocTown.Config.Weather.WeatherType weatherType","public","False","False","False","False","True","31","0x06005F90"
"DolocTown.GameData.CityArchiveData",".ctor","System.Void DolocTown.GameData.CityArchiveData::.ctor(System.Collections.Generic.Dictionary`2<System.String,DolocTown.CityRoom>,DolocTown.NpcManager,DolocTown.DialogueManager,DolocTown.StoreManager,DolocTown.DocumentManager,DolocTown.GlobalInteractableObjectManager,DolocTown.TreatyPortFactionManager,DolocTown.FactionMissionManager,DolocTown.GateManager,DolocTown.BoardMissionManager,DolocTown.LikingManager,DolocTown.CalendarManager)","System.Void","System.Collections.Generic.Dictionary`2<System.String,DolocTown.CityRoom> cityRooms; DolocTown.NpcManager npcManager; DolocTown.DialogueManager dialogueManager; DolocTown.StoreManager storeManager; DolocTown.DocumentManager documentManager; DolocTown.GlobalInteractableObjectManager globalInteractableObjectManager; DolocTown.TreatyPortFactionManager treatyPortFactionManager; DolocTown.FactionMissionManager factionMissionManager; DolocTown.GateManager gateManager; DolocTown.BoardMissionManager boardMissionManager; DolocTown.LikingManager likingManager; DolocTown.CalendarManager calendarManager","public","False","False","False","True","True","147","0x06005F9E"
"DolocTown.GameData.DungeonArchiveData",".ctor","System.Void DolocTown.GameData.DungeonArchiveData::.ctor(DolocTown.DungeonManager,DolocTown.ResourceManager,DolocTown.GuaranteedManager,System.Boolean)","System.Void","DolocTown.DungeonManager dungeonManager; DolocTown.ResourceManager resourceManager; DolocTown.GuaranteedManager guaranteedManager; System.Boolean trainFlag","public","False","False","False","True","True","58","0x06005FA5"
"DolocTown.GameData.FarmArchiveData","BeforeNewGame","System.Void DolocTown.GameData.FarmArchiveData::BeforeNewGame()","System.Void","","public","False","True","False","False","True","11","0x06005FB5"
"DolocTown.GameData.FarmArchiveData","BeforeSaveData","System.Void DolocTown.GameData.FarmArchiveData::BeforeSaveData(DolocTown.GameData.ArchiveDataHandle&)","System.Void","DolocTown.GameData.ArchiveDataHandle& data","public","False","True","False","False","True","1","0x06005FB7"
"DolocTown.GameData.FarmArchiveData","BeforeLoadData","System.Void DolocTown.GameData.FarmArchiveData::BeforeLoadData(DolocTown.GameData.ArchiveDataHandle&)","System.Void","DolocTown.GameData.ArchiveDataHandle& data","public","False","True","False","False","True","11","0x06005FB9"
"DolocTown.GameData.TimeArchiveData","BeforeNewGame","System.Void DolocTown.GameData.TimeArchiveData::BeforeNewGame()","System.Void","","private","False","False","False","False","True","1","0x06005FD0"
"DolocTown.GameData.TimeArchiveData","BeforeLoadData","System.Void DolocTown.GameData.TimeArchiveData::BeforeLoadData(DolocTown.GameData.ArchiveDataHandle&)","System.Void","DolocTown.GameData.ArchiveDataHandle& data","public","False","True","False","False","True","1","0x06005FD2"
"DolocTown.GameData.TimeArchiveData","BeforeSaveData","System.Void DolocTown.GameData.TimeArchiveData::BeforeSaveData(DolocTown.GameData.ArchiveDataHandle&)","System.Void","DolocTown.GameData.ArchiveDataHandle& data","public","False","True","False","False","True","1","0x06005FD4"
"DolocTown.GameData.ArchiveDataHandle","UpdateNoRender","System.Void DolocTown.GameData.ArchiveDataHandle::UpdateNoRender()","System.Void","","public","False","False","False","False","True","32","0x0600601B"
"DolocTown.GameData.ArchiveDataHandle","UpdateDateNoRender","System.Void DolocTown.GameData.ArchiveDataHandle::UpdateDateNoRender()","System.Void","","private","False","False","False","False","True","149","0x06006025"
"DolocTown.GameData.ArchiveDataHandle","_OnHourChangedNoRender","System.Void DolocTown.GameData.ArchiveDataHandle::_OnHourChangedNoRender(System.Int32)","System.Void","System.Int32 hourNow","private","False","False","False","False","True","225","0x0600602C"
"DolocTown.GameData.ArchiveDataHandle","_OnDayChangedNoRender","System.Void DolocTown.GameData.ArchiveDataHandle::_OnDayChangedNoRender(System.Int32,System.Int32)","System.Void","System.Int32 dayNow; System.Int32 globalDay","private","False","False","False","False","True","75","0x0600602E"
"DolocTown.GameData.ArchiveDataHandle","_OnMonthChangedNoRender","System.Void DolocTown.GameData.ArchiveDataHandle::_OnMonthChangedNoRender(System.Int32)","System.Void","System.Int32 monthNow","private","False","False","False","False","True","29","0x06006030"
"DolocTown.GameData.ArchiveDataHandle","_OnYearChangedNoRender","System.Void DolocTown.GameData.ArchiveDataHandle::_OnYearChangedNoRender(System.Int32)","System.Void","System.Int32 yearNow","private","False","False","False","False","True","9","0x06006032"
"DolocTown.GameData.ArchiveDataHandle","_UpdatePerSecNoRender","System.Void DolocTown.GameData.ArchiveDataHandle::_UpdatePerSecNoRender()","System.Void","","private","False","False","False","False","True","184","0x0600603A"
"DolocTown.GameData.ArchiveDataHandle","_UpdatePerTUNoRender","System.Void DolocTown.GameData.ArchiveDataHandle::_UpdatePerTUNoRender()","System.Void","","private","False","False","False","False","True","84","0x0600603C"
"DolocTown.GameData.ArchiveDataHandle","_BeforeTimePass","System.Void DolocTown.GameData.ArchiveDataHandle::_BeforeTimePass()","System.Void","","private","False","False","False","False","True","17","0x0600603D"
"DolocTown.GameData.ArchiveDataHandle","_OnWeatherChangedNoRender","System.Void DolocTown.GameData.ArchiveDataHandle::_OnWeatherChangedNoRender(DolocTown.Config.Weather.WeatherType,System.Boolean)","System.Void","DolocTown.Config.Weather.WeatherType type; System.Boolean hasWeatherPropertyChanged","private","False","False","False","False","True","163","0x06006040"
"DolocTown.GameData.ArchiveDataHandle","_OnSeasonChangedNoRender","System.Void DolocTown.GameData.ArchiveDataHandle::_OnSeasonChangedNoRender()","System.Void","","private","False","False","False","False","True","8","0x06006043"
"DolocTown.GameData.ArchiveOperationCity","QueryStore","System.Boolean DolocTown.GameData.ArchiveOperationCity::QueryStore(DolocTown.GameData.ArchiveDataHandle,System.String,DolocTown.IStore&)","System.Boolean","DolocTown.GameData.ArchiveDataHandle handle; System.String storeName; DolocTown.IStore& store","public","True","False","False","False","True","19","0x0600604C"
"DolocTown.GameData.ArchiveOperationCity","QueryStore","System.Boolean DolocTown.GameData.ArchiveOperationCity::QueryStore(DolocTown.GameData.ArchiveDataHandle,System.String,T&)","System.Boolean","DolocTown.GameData.ArchiveDataHandle handle; System.String storeName; T& store","public","True","False","False","False","True","19","0x0600604D"
"DolocTown.GameData.ArchiveOperationCity","UnlockSeedItemInStore","System.Void DolocTown.GameData.ArchiveOperationCity::UnlockSeedItemInStore(DolocTown.GameData.ArchiveDataHandle)","System.Void","DolocTown.GameData.ArchiveDataHandle handle","public","True","False","False","False","True","130","0x0600604E"
"DolocTown.GameData.ArchiveOperationCity","RefreshAllStores","System.Void DolocTown.GameData.ArchiveOperationCity::RefreshAllStores(DolocTown.GameData.ArchiveDataHandle)","System.Void","DolocTown.GameData.ArchiveDataHandle handle","public","True","False","False","False","True","17","0x06006050"
"DolocTown.GameData.ArchiveOperationFarm","CheckTechTreeUnlocked","System.Boolean DolocTown.GameData.ArchiveOperationFarm::CheckTechTreeUnlocked(DolocTown.GameData.ArchiveDataHandle,System.String)","System.Boolean","DolocTown.GameData.ArchiveDataHandle handle; System.String treeName","public","True","False","False","False","True","50","0x06006067"
"DolocTown.GameData.ArchiveOperationFarm","LockTechTreeNode","System.Void DolocTown.GameData.ArchiveOperationFarm::LockTechTreeNode(DolocTown.GameData.ArchiveDataHandle,System.String)","System.Void","DolocTown.GameData.ArchiveDataHandle handle; System.String nodeName","public","True","False","False","False","True","48","0x0600606A"
"DolocTown.GameData.ArchiveOperationGlobal","GetTechPoint","System.Int32 DolocTown.GameData.ArchiveOperationGlobal::GetTechPoint(DolocTown.GameData.ArchiveDataHandle,DolocTown.Config.TechTree.TechPointType)","System.Int32","DolocTown.GameData.ArchiveDataHandle handle; DolocTown.Config.TechTree.TechPointType type","public","True","False","False","False","True","23","0x060060AB"
"DolocTown.GameData.ArchiveOperationGlobal","GetTechLevel","System.Int32 DolocTown.GameData.ArchiveOperationGlobal::GetTechLevel(DolocTown.GameData.ArchiveDataHandle,DolocTown.Config.TechTree.TechPointType)","System.Int32","DolocTown.GameData.ArchiveDataHandle handle; DolocTown.Config.TechTree.TechPointType type","public","True","False","False","False","True","23","0x060060AC"
"DolocTown.GameData.ArchiveOperationGlobal","GetTechPointExpProgress","System.Single DolocTown.GameData.ArchiveOperationGlobal::GetTechPointExpProgress(DolocTown.GameData.ArchiveDataHandle,DolocTown.Config.TechTree.TechPointType)","System.Single","DolocTown.GameData.ArchiveDataHandle handle; DolocTown.Config.TechTree.TechPointType type","public","True","False","False","False","True","23","0x060060AD"
"DolocTown.GameData.ArchiveOperationGlobal","AddTechPoint","System.Void DolocTown.GameData.ArchiveOperationGlobal::AddTechPoint(DolocTown.GameData.ArchiveDataHandle,DolocTown.Config.TechTree.TechPointType,System.Int32)","System.Void","DolocTown.GameData.ArchiveDataHandle handle; DolocTown.Config.TechTree.TechPointType type; System.Int32 pt","public","True","False","False","False","True","19","0x060060AE"
"DolocTown.GameData.ArchiveOperationGlobal","AddTechExp","System.Boolean DolocTown.GameData.ArchiveOperationGlobal::AddTechExp(DolocTown.GameData.ArchiveDataHandle,DolocTown.Config.TechTree.TechPointType,System.Int32,DolocTown.GameData.TechLevelData&)","System.Boolean","DolocTown.GameData.ArchiveDataHandle handle; DolocTown.Config.TechTree.TechPointType type; System.Int32 exp; DolocTown.GameData.TechLevelData& levelData","public","True","False","False","False","True","29","0x060060AF"
"DolocTown.GameData.ArchiveOperationGlobal","_CostTechPoint","System.Void DolocTown.GameData.ArchiveOperationGlobal::_CostTechPoint(DolocTown.GameData.ArchiveDataHandle,DolocTown.Config.TechTree.TechPointType,System.Int32)","System.Void","DolocTown.GameData.ArchiveDataHandle handle; DolocTown.Config.TechTree.TechPointType type; System.Int32 count","public","True","False","False","False","True","11","0x060060B0"
"DolocTown.GameData.AgentEquipmentManager","UpdatePerTuNoRender","System.Void DolocTown.GameData.AgentEquipmentManager::UpdatePerTuNoRender()","System.Void","","public","False","False","False","False","True","57","0x060060E7"
"DolocTown.GameData.DRockEffectsConfig","get_invalidIndicatorColor","UnityEngine.Color DolocTown.GameData.DRockEffectsConfig::get_invalidIndicatorColor()","UnityEngine.Color","","public","False","True","False","False","True","7","0x06006122"
"DolocTown.GameData.DRockEffectsConfig","get_invalidIndicatorColorNoHdr","UnityEngine.Color DolocTown.GameData.DRockEffectsConfig::get_invalidIndicatorColorNoHdr()","UnityEngine.Color","","public","False","True","False","False","True","7","0x06006123"
"DolocTown.GameData.DRockEffectsConfig","get_validIndicatorColor","UnityEngine.Color DolocTown.GameData.DRockEffectsConfig::get_validIndicatorColor()","UnityEngine.Color","","public","False","True","False","False","True","7","0x06006124"
"DolocTown.GameData.DRockEffectsConfig","get_validIndicatorColorNoHdr","UnityEngine.Color DolocTown.GameData.DRockEffectsConfig::get_validIndicatorColorNoHdr()","UnityEngine.Color","","public","False","True","False","False","True","7","0x06006125"
"DolocTown.GameData.DRockEffectsConfig","get_terrainInvalidColor","UnityEngine.Color DolocTown.GameData.DRockEffectsConfig::get_terrainInvalidColor()","UnityEngine.Color","","public","False","True","False","False","True","7","0x06006126"
"DolocTown.GameData.DRockEffectsConfig","get_terrainValidColor","UnityEngine.Color DolocTown.GameData.DRockEffectsConfig::get_terrainValidColor()","UnityEngine.Color","","public","False","True","False","False","True","7","0x06006127"
"DolocTown.GameData.DRockEffectsConfig","get_terrainWarningColor","UnityEngine.Color DolocTown.GameData.DRockEffectsConfig::get_terrainWarningColor()","UnityEngine.Color","","public","False","True","False","False","True","7","0x06006128"
"DolocTown.GameData.DRockEffectsConfig","get_cellingColor","UnityEngine.Color DolocTown.GameData.DRockEffectsConfig::get_cellingColor()","UnityEngine.Color","","public","False","True","False","False","True","7","0x06006129"
"DolocTown.GameData.DRockEffectsConfig","get_noOverlayColor","UnityEngine.Color DolocTown.GameData.DRockEffectsConfig::get_noOverlayColor()","UnityEngine.Color","","public","False","True","False","False","True","7","0x0600612A"
"DolocTown.GameData.DRockEffectsConfig","get_canOverlayColor","UnityEngine.Color DolocTown.GameData.DRockEffectsConfig::get_canOverlayColor()","UnityEngine.Color","","public","False","True","False","False","True","7","0x0600612B"
"DolocTown.GameData.DRockEffectsConfig","get_terrainSolidTile","UnityEngine.Tilemaps.Tile DolocTown.GameData.DRockEffectsConfig::get_terrainSolidTile()","UnityEngine.Tilemaps.Tile","","public","False","True","False","False","True","7","0x0600612C"
"DolocTown.GameData.DRockEffectsConfig","get_terrainHollowTile","UnityEngine.Tilemaps.Tile DolocTown.GameData.DRockEffectsConfig::get_terrainHollowTile()","UnityEngine.Tilemaps.Tile","","public","False","True","False","False","True","7","0x0600612D"
"DolocTown.GameData.DRockEffectsConfig","get_cutTile","UnityEngine.Tilemaps.Tile DolocTown.GameData.DRockEffectsConfig::get_cutTile()","UnityEngine.Tilemaps.Tile","","public","False","True","False","False","True","7","0x0600612E"
"DolocTown.GameData.DRockEffectsConfig","get_destroyIndicatorColor","UnityEngine.Color DolocTown.GameData.DRockEffectsConfig::get_destroyIndicatorColor()","UnityEngine.Color","","public","False","True","False","False","True","7","0x0600612F"
"DolocTown.GameData.DRockEffectsConfig","get_commonUIPopTime","System.Single DolocTown.GameData.DRockEffectsConfig::get_commonUIPopTime()","System.Single","","public","False","True","False","False","True","7","0x06006130"
"DolocTown.GameData.DRockEffectsConfig","get_dungeonResourceInstPsYRate","System.Single DolocTown.GameData.DRockEffectsConfig::get_dungeonResourceInstPsYRate()","System.Single","","public","False","True","False","False","True","7","0x06006131"
"DolocTown.GameData.DRockEffectsConfig","get_dungeonResourceDropItemPopYOffset","System.Single DolocTown.GameData.DRockEffectsConfig::get_dungeonResourceDropItemPopYOffset()","System.Single","","public","False","True","False","False","True","7","0x06006132"
"DolocTown.GameData.DRockEffectsConfig","get_dungeonResourceShineTime","System.Single DolocTown.GameData.DRockEffectsConfig::get_dungeonResourceShineTime()","System.Single","","public","False","True","False","False","True","7","0x06006133"
"DolocTown.GameData.DRockEffectsConfig","get_dungeonResourceShakeTime","System.Single DolocTown.GameData.DRockEffectsConfig::get_dungeonResourceShakeTime()","System.Single","","public","False","True","False","False","True","7","0x06006134"
"DolocTown.GameData.DRockEffectsConfig","get_dungeonResourceHitPosRangeX","System.Single DolocTown.GameData.DRockEffectsConfig::get_dungeonResourceHitPosRangeX()","System.Single","","public","False","True","False","False","True","28","0x06006135"
"DolocTown.GameData.DRockEffectsConfig","get_dungeonResourceHitPosRangeY","System.Single DolocTown.GameData.DRockEffectsConfig::get_dungeonResourceHitPosRangeY()","System.Single","","public","False","True","False","False","True","28","0x06006136"
"DolocTown.GameData.DRockEffectsConfig","get_vignetteIntensity","System.Single DolocTown.GameData.DRockEffectsConfig::get_vignetteIntensity()","System.Single","","public","False","True","False","False","True","7","0x06006137"
"DolocTown.GameData.DRockEffectsConfig","get_vignetteSmoothness","System.Single DolocTown.GameData.DRockEffectsConfig::get_vignetteSmoothness()","System.Single","","public","False","True","False","False","True","7","0x06006138"
"DolocTown.GameData.DRockEffectsConfig","get_vignetteColor","UnityEngine.Color DolocTown.GameData.DRockEffectsConfig::get_vignetteColor()","UnityEngine.Color","","public","False","True","False","False","True","7","0x06006139"
"DolocTown.GameData.DRockEffectsConfig","get_vignetteShowTime","System.Single DolocTown.GameData.DRockEffectsConfig::get_vignetteShowTime()","System.Single","","public","False","True","False","False","True","7","0x0600613A"
"DolocTown.GameData.DRockEffectsConfig","get_fadeInoutLightness","System.Single DolocTown.GameData.DRockEffectsConfig::get_fadeInoutLightness()","System.Single","","public","False","True","False","False","True","7","0x0600613B"
"DolocTown.GameData.DRockEffectsConfig","get_dropItemGravityScale","System.Single DolocTown.GameData.DRockEffectsConfig::get_dropItemGravityScale()","System.Single","","public","False","True","False","False","True","7","0x0600613C"
"DolocTown.GameData.DRockEffectsConfig","get_dropItemRaiseYForce","System.Single DolocTown.GameData.DRockEffectsConfig::get_dropItemRaiseYForce()","System.Single","","public","False","True","False","False","True","7","0x0600613D"
"DolocTown.GameData.DRockEffectsConfig","get_dropItemRaiseXRange","System.Single DolocTown.GameData.DRockEffectsConfig::get_dropItemRaiseXRange()","System.Single","","public","False","True","False","False","True","28","0x0600613E"
"DolocTown.GameData.DRockEffectsConfig","get_dropItemZRange","System.Single DolocTown.GameData.DRockEffectsConfig::get_dropItemZRange()","System.Single","","public","False","True","False","False","True","28","0x0600613F"
"DolocTown.GameData.DRockEffectsConfig","get_dropSpringRate","System.Single DolocTown.GameData.DRockEffectsConfig::get_dropSpringRate()","System.Single","","public","False","True","False","False","True","7","0x06006140"
"DolocTown.GameData.DRockEffectsConfig","get_dropSpringSpeed","UnityEngine.Vector2 DolocTown.GameData.DRockEffectsConfig::get_dropSpringSpeed()","UnityEngine.Vector2","","public","False","True","False","False","True","7","0x06006141"
"DolocTown.GameData.DRockEffectsConfig","get_BorderColorEquipment","UnityEngine.Color DolocTown.GameData.DRockEffectsConfig::get_BorderColorEquipment()","UnityEngine.Color","","public","False","True","False","False","True","7","0x06006142"
"DolocTown.GameData.DRockEffectsConfig","get_BorderColorMissionItem","UnityEngine.Color DolocTown.GameData.DRockEffectsConfig::get_BorderColorMissionItem()","UnityEngine.Color","","public","False","True","False","False","True","7","0x06006143"
"DolocTown.GameData.DRockEffectsConfig","get_sceneTransitionFadeInTime","System.Single DolocTown.GameData.DRockEffectsConfig::get_sceneTransitionFadeInTime()","System.Single","","public","False","True","False","False","True","7","0x06006144"
"DolocTown.GameData.DRockEffectsConfig","get_sceneTransitionFadeOutTime","System.Single DolocTown.GameData.DRockEffectsConfig::get_sceneTransitionFadeOutTime()","System.Single","","public","False","True","False","False","True","7","0x06006145"
"DolocTown.GameData.DRockEffectsConfig","get_dungeonRoomTransitionTime","System.Single DolocTown.GameData.DRockEffectsConfig::get_dungeonRoomTransitionTime()","System.Single","","public","False","True","False","False","True","7","0x06006146"
"DolocTown.GameData.DRockEffectsConfig","get_dungeonRoomTransitionEase","DG.Tweening.Ease DolocTown.GameData.DRockEffectsConfig::get_dungeonRoomTransitionEase()","DG.Tweening.Ease","","public","False","True","False","False","True","7","0x06006147"
"DolocTown.GameData.DRockEffectsConfig","get_cinemaScreenFadeInTime","System.Single DolocTown.GameData.DRockEffectsConfig::get_cinemaScreenFadeInTime()","System.Single","","public","False","True","False","False","True","7","0x06006148"
"DolocTown.GameData.DRockEffectsConfig","get_cinemaScreenFadeOutTime","System.Single DolocTown.GameData.DRockEffectsConfig::get_cinemaScreenFadeOutTime()","System.Single","","public","False","True","False","False","True","7","0x06006149"
"DolocTown.GameData.DRockEffectsConfig","get_cinemaScreenFadeOutEase","DG.Tweening.Ease DolocTown.GameData.DRockEffectsConfig::get_cinemaScreenFadeOutEase()","DG.Tweening.Ease","","public","False","True","False","False","True","7","0x0600614A"
"DolocTown.GameData.DRockEffectsConfig","get_cinemaScreenFadeInEase","DG.Tweening.Ease DolocTown.GameData.DRockEffectsConfig::get_cinemaScreenFadeInEase()","DG.Tweening.Ease","","public","False","True","False","False","True","7","0x0600614B"
"DolocTown.GameData.DRockEffectsConfig","get_SunSpotIntensityCurve","UnityEngine.AnimationCurve DolocTown.GameData.DRockEffectsConfig::get_SunSpotIntensityCurve()","UnityEngine.AnimationCurve","","public","False","True","False","False","True","7","0x0600614C"
"DolocTown.GameData.DRockEffectsConfig","get_SunSpotTransitionDuration","System.Single DolocTown.GameData.DRockEffectsConfig::get_SunSpotTransitionDuration()","System.Single","","public","False","True","False","False","True","7","0x0600614D"
"DolocTown.GameData.DRockEffectsConfig","get_StaticProjectiveShadowIntensityCurve","UnityEngine.AnimationCurve DolocTown.GameData.DRockEffectsConfig::get_StaticProjectiveShadowIntensityCurve()","UnityEngine.AnimationCurve","","public","False","True","False","False","True","7","0x0600614E"
"DolocTown.GameData.DRockEffectsConfig","get_StaticProjectiveShadowTransitionDuration","System.Single DolocTown.GameData.DRockEffectsConfig::get_StaticProjectiveShadowTransitionDuration()","System.Single","","public","False","True","False","False","True","7","0x0600614F"
"DolocTown.GameData.DRockEffectsConfig",".ctor","System.Void DolocTown.GameData.DRockEffectsConfig::.ctor()","System.Void","","public","False","False","False","True","True","455","0x06006150"
"DolocTown.GameData.TreeGraphNodeSO`1","UpdateCanvasPos","System.Void DolocTown.GameData.TreeGraphNodeSO`1::UpdateCanvasPos(DolocTown.GameData.TreeGraphNodeSO`1<TData>,System.Int32)","System.Void","DolocTown.GameData.TreeGraphNodeSO`1<TData> parentNode; System.Int32 childIndex","public","False","False","False","False","True","41","0x06006187"
"DolocTown.GameData.TreeGraphNodeSO`1","UpdateChildrenPosition","System.Void DolocTown.GameData.TreeGraphNodeSO`1::UpdateChildrenPosition()","System.Void","","protected","False","True","False","False","True","58","0x06006188"
"DolocTown.GameData.TreeGraphNodeSO`1","_GetParentIndex","System.Int32 DolocTown.GameData.TreeGraphNodeSO`1::_GetParentIndex(DolocTown.GameData.TreeGraphNodeSO`1<TData>)","System.Int32","DolocTown.GameData.TreeGraphNodeSO`1<TData> node","protected","False","False","False","False","True","46","0x06006189"
"DolocTown.GameData.TreeGraphNodeSO`1","CreateNode","DolocTown.TreeGraph.TreeGraphNode`1<TData> DolocTown.GameData.TreeGraphNodeSO`1::CreateNode(System.Int32,UnityEngine.Sprite)","DolocTown.TreeGraph.TreeGraphNode`1<TData>","System.Int32 maxYIndex; UnityEngine.Sprite defaultIcon","public","False","True","True","False","False","0","0x0600618A"
"DolocTown.GameData.TreeGraphNodeSO`1","get_maxInConnections","System.Int32 DolocTown.GameData.TreeGraphNodeSO`1::get_maxInConnections()","System.Int32","","public","False","True","False","False","True","2","0x0600618B"
"DolocTown.GameData.TreeGraphNodeSO`1","get_maxOutConnections","System.Int32 DolocTown.GameData.TreeGraphNodeSO`1::get_maxOutConnections()","System.Int32","","public","False","True","False","False","True","2","0x0600618C"
"DolocTown.GameData.TreeGraphNodeSO`1","get_outConnectionType","System.Type DolocTown.GameData.TreeGraphNodeSO`1::get_outConnectionType()","System.Type","","public","False","True","False","False","True","11","0x0600618D"
"DolocTown.GameData.TreeGraphNodeSO`1","get_allowAsPrime","System.Boolean DolocTown.GameData.TreeGraphNodeSO`1::get_allowAsPrime()","System.Boolean","","public","False","True","False","False","True","2","0x0600618E"
"DolocTown.GameData.TreeGraphNodeSO`1","get_canSelfConnect","System.Boolean DolocTown.GameData.TreeGraphNodeSO`1::get_canSelfConnect()","System.Boolean","","public","False","True","False","False","True","2","0x0600618F"
"DolocTown.GameData.TreeGraphNodeSO`1","get_commentsAlignment","ParadoxNotion.Alignment2x2 DolocTown.GameData.TreeGraphNodeSO`1::get_commentsAlignment()","ParadoxNotion.Alignment2x2","","public","False","True","False","False","True","2","0x06006190"
"DolocTown.GameData.TreeGraphNodeSO`1","get_iconAlignment","ParadoxNotion.Alignment2x2 DolocTown.GameData.TreeGraphNodeSO`1::get_iconAlignment()","ParadoxNotion.Alignment2x2","","public","False","True","False","False","True","2","0x06006191"
"DolocTown.GameData.TreeGraphNodeSO`1",".ctor","System.Void DolocTown.GameData.TreeGraphNodeSO`1::.ctor()","System.Void","","protected","False","False","False","True","True","7","0x06006192"
"DolocTown.GameData.TreeGraphSO`3","get_baseNodeType","System.Type DolocTown.GameData.TreeGraphSO`3::get_baseNodeType()","System.Type","","public","False","True","False","False","True","11","0x06006193"
"DolocTown.GameData.TreeGraphSO`3","get_requiresAgent","System.Boolean DolocTown.GameData.TreeGraphSO`3::get_requiresAgent()","System.Boolean","","public","False","True","False","False","True","2","0x06006194"
"DolocTown.GameData.TreeGraphSO`3","get_requiresPrimeNode","System.Boolean DolocTown.GameData.TreeGraphSO`3::get_requiresPrimeNode()","System.Boolean","","public","False","True","False","False","True","2","0x06006195"
"DolocTown.GameData.TreeGraphSO`3","get_isTree","System.Boolean DolocTown.GameData.TreeGraphSO`3::get_isTree()","System.Boolean","","public","False","True","False","False","True","2","0x06006196"
"DolocTown.GameData.TreeGraphSO`3","get_allowBlackboardOverrides","System.Boolean DolocTown.GameData.TreeGraphSO`3::get_allowBlackboardOverrides()","System.Boolean","","public","False","True","False","False","True","2","0x06006197"
"DolocTown.GameData.TreeGraphSO`3","get_canAcceptVariableDrops","System.Boolean DolocTown.GameData.TreeGraphSO`3::get_canAcceptVariableDrops()","System.Boolean","","public","False","True","False","False","True","2","0x06006198"
"DolocTown.GameData.TreeGraphSO`3","get_AvailableNodeNames","System.String[] DolocTown.GameData.TreeGraphSO`3::get_AvailableNodeNames()","System.String[]","","public","False","True","True","False","False","0","0x06006199"
"DolocTown.GameData.TreeGraphSO`3","CreateTree","DolocTown.TreeGraph.TreeGraph`1<TData> DolocTown.GameData.TreeGraphSO`3::CreateTree(UnityEngine.Sprite)","DolocTown.TreeGraph.TreeGraph`1<TData>","UnityEngine.Sprite defaultIcon","public","False","False","False","False","True","214","0x0600619A"
"DolocTown.GameData.TreeGraphSO`3","get_MaxIndex","UnityEngine.Vector2Int DolocTown.GameData.TreeGraphSO`3::get_MaxIndex()","UnityEngine.Vector2Int","","public","False","False","False","False","True","143","0x0600619B"
"DolocTown.GameData.TreeGraphSO`3",".ctor","System.Void DolocTown.GameData.TreeGraphSO`3::.ctor()","System.Void","","protected","False","False","False","True","True","7","0x0600619C"
"DolocTown.GameServiceLocator.IEffectsConfigProvider","get_dungeonResourceInstPsYRate","System.Single DolocTown.GameServiceLocator.IEffectsConfigProvider::get_dungeonResourceInstPsYRate()","System.Single","","public","False","True","True","False","False","0","0x060061F4"
"DolocTown.GameServiceLocator.IEffectsConfigProvider","get_dungeonResourceDropItemPopYOffset","System.Single DolocTown.GameServiceLocator.IEffectsConfigProvider::get_dungeonResourceDropItemPopYOffset()","System.Single","","public","False","True","True","False","False","0","0x060061F5"
"DolocTown.GameServiceLocator.IEffectsConfigProvider","get_dungeonResourceHitPosRangeX","System.Single DolocTown.GameServiceLocator.IEffectsConfigProvider::get_dungeonResourceHitPosRangeX()","System.Single","","public","False","True","True","False","False","0","0x060061F6"
"DolocTown.GameServiceLocator.IEffectsConfigProvider","get_dungeonResourceHitPosRangeY","System.Single DolocTown.GameServiceLocator.IEffectsConfigProvider::get_dungeonResourceHitPosRangeY()","System.Single","","public","False","True","True","False","False","0","0x060061F7"
"DolocTown.GameServiceLocator.IEffectsConfigProvider","get_dungeonResourceShineTime","System.Single DolocTown.GameServiceLocator.IEffectsConfigProvider::get_dungeonResourceShineTime()","System.Single","","public","False","True","True","False","False","0","0x060061F8"
"DolocTown.GameServiceLocator.IEffectsConfigProvider","get_dungeonResourceShakeTime","System.Single DolocTown.GameServiceLocator.IEffectsConfigProvider::get_dungeonResourceShakeTime()","System.Single","","public","False","True","True","False","False","0","0x060061F9"
"DolocTown.GameServiceLocator.IEffectsConfigProvider","get_dropItemGravityScale","System.Single DolocTown.GameServiceLocator.IEffectsConfigProvider::get_dropItemGravityScale()","System.Single","","public","False","True","True","False","False","0","0x06006203"
"DolocTown.GameServiceLocator.IEffectsConfigProvider","get_dropItemRaiseYForce","System.Single DolocTown.GameServiceLocator.IEffectsConfigProvider::get_dropItemRaiseYForce()","System.Single","","public","False","True","True","False","False","0","0x06006204"
"DolocTown.GameServiceLocator.IEffectsConfigProvider","get_dropItemRaiseXRange","System.Single DolocTown.GameServiceLocator.IEffectsConfigProvider::get_dropItemRaiseXRange()","System.Single","","public","False","True","True","False","False","0","0x06006205"
"DolocTown.GameServiceLocator.IEffectsConfigProvider","get_dropItemZRange","System.Single DolocTown.GameServiceLocator.IEffectsConfigProvider::get_dropItemZRange()","System.Single","","public","False","True","True","False","False","0","0x06006206"
"DolocTown.GameServiceLocator.IEffectsConfigProvider","get_dropSpringSpeed","UnityEngine.Vector2 DolocTown.GameServiceLocator.IEffectsConfigProvider::get_dropSpringSpeed()","UnityEngine.Vector2","","public","False","True","True","False","False","0","0x06006207"
"DolocTown.GameServiceLocator.IEffectsConfigProvider","get_dropSpringRate","System.Single DolocTown.GameServiceLocator.IEffectsConfigProvider::get_dropSpringRate()","System.Single","","public","False","True","True","False","False","0","0x06006208"
"DolocTown.GameServiceLocator.IEffectsConfigProvider","get_BorderColorEquipment","UnityEngine.Color DolocTown.GameServiceLocator.IEffectsConfigProvider::get_BorderColorEquipment()","UnityEngine.Color","","public","False","True","True","False","False","0","0x06006209"
"DolocTown.Config.Tables","get_TbStore","DolocTown.Config.Store.TbStore DolocTown.Config.Tables::get_TbStore()","DolocTown.Config.Store.TbStore","","public","False","False","False","False","True","7","0x060062D5"
"DolocTown.Config.Tables","get_TbStorePriceScale","DolocTown.Config.Store.TbStorePriceScale DolocTown.Config.Tables::get_TbStorePriceScale()","DolocTown.Config.Store.TbStorePriceScale","","public","False","False","False","False","True","7","0x060062D6"
"DolocTown.Config.Tables","get_TbStoreItemList","DolocTown.Config.Store.TbStoreItemList DolocTown.Config.Tables::get_TbStoreItemList()","DolocTown.Config.Store.TbStoreItemList","","public","False","False","False","False","True","7","0x060062D7"
"DolocTown.Config.Tables","get_TbExchangeStore","DolocTown.Config.Store.TbExchangeStore DolocTown.Config.Tables::get_TbExchangeStore()","DolocTown.Config.Store.TbExchangeStore","","public","False","False","False","False","True","7","0x060062D8"
"DolocTown.Config.Tables","get_TbStoreItemUnlock","DolocTown.Config.Store.TbStoreItemUnlock DolocTown.Config.Tables::get_TbStoreItemUnlock()","DolocTown.Config.Store.TbStoreItemUnlock","","public","False","False","False","False","True","7","0x060062D9"
"DolocTown.Config.Tables","get_TbTreeSeed","DolocTown.Config.Plant.TbTreeSeed DolocTown.Config.Tables::get_TbTreeSeed()","DolocTown.Config.Plant.TbTreeSeed","","public","False","False","False","False","True","7","0x060062DD"
"DolocTown.Config.Tables","get_TbTechTree","DolocTown.Config.TechTree.TbTechTree DolocTown.Config.Tables::get_TbTechTree()","DolocTown.Config.TechTree.TbTechTree","","public","False","False","False","False","True","7","0x060062E5"
"DolocTown.Config.Tables","get_TbTechNode","DolocTown.Config.TechTree.TbTechNode DolocTown.Config.Tables::get_TbTechNode()","DolocTown.Config.TechTree.TbTechNode","","public","False","False","False","False","True","7","0x060062E6"
"DolocTown.Config.Tables","get_TbTechPoint","DolocTown.Config.TechTree.TbTechPoint DolocTown.Config.Tables::get_TbTechPoint()","DolocTown.Config.TechTree.TbTechPoint","","public","False","False","False","False","True","7","0x060062E7"
"DolocTown.Config.Tables","get_TbEnvObject","DolocTown.Config.Resource.TbEnvObject DolocTown.Config.Tables::get_TbEnvObject()","DolocTown.Config.Resource.TbEnvObject","","public","False","False","False","False","True","7","0x060062EA"
"DolocTown.Config.Tables","get_TbVegetation","DolocTown.Config.Resource.TbVegetation DolocTown.Config.Tables::get_TbVegetation()","DolocTown.Config.Resource.TbVegetation","","public","False","False","False","False","True","7","0x060062EB"
"DolocTown.Config.Tables","get_TbResource","DolocTown.Config.Resource.TbResource DolocTown.Config.Tables::get_TbResource()","DolocTown.Config.Resource.TbResource","","public","False","False","False","False","True","7","0x060062EC"
"DolocTown.Config.Tables","get_TbResourceType","DolocTown.Config.Resource.TbResourceType DolocTown.Config.Tables::get_TbResourceType()","DolocTown.Config.Resource.TbResourceType","","public","False","False","False","False","True","7","0x060062ED"
"DolocTown.Config.Tables","get_TbResinCollectorOutput","DolocTown.Config.Resource.TbResinCollectorOutput DolocTown.Config.Tables::get_TbResinCollectorOutput()","DolocTown.Config.Resource.TbResinCollectorOutput","","public","False","False","False","False","True","7","0x060062EE"
"DolocTown.Config.Tables","get_TbResourceDocument","DolocTown.Config.Resource.TbResourceDocument DolocTown.Config.Tables::get_TbResourceDocument()","DolocTown.Config.Resource.TbResourceDocument","","public","False","False","False","False","True","7","0x060062EF"
"DolocTown.Config.Tables","get_TbResourceSpawn","DolocTown.Config.Resource.TbResourceSpawn DolocTown.Config.Tables::get_TbResourceSpawn()","DolocTown.Config.Resource.TbResourceSpawn","","public","False","False","False","False","True","7","0x060062F2"
"DolocTown.Config.Tables","get_TbVegetationSpawn","DolocTown.Config.Resource.TbVegetationSpawn DolocTown.Config.Tables::get_TbVegetationSpawn()","DolocTown.Config.Resource.TbVegetationSpawn","","public","False","False","False","False","True","7","0x060062F3"
"DolocTown.Config.Tables","get_TbEnvObjectSpawn","DolocTown.Config.Resource.TbEnvObjectSpawn DolocTown.Config.Tables::get_TbEnvObjectSpawn()","DolocTown.Config.Resource.TbEnvObjectSpawn","","public","False","False","False","False","True","7","0x060062F4"
"DolocTown.Config.Tables","get_TbGlobalGuaranteed","DolocTown.Config.Resource.TbGlobalGuaranteed DolocTown.Config.Tables::get_TbGlobalGuaranteed()","DolocTown.Config.Resource.TbGlobalGuaranteed","","public","False","False","False","False","True","7","0x060062F5"
"DolocTown.Config.Tables","get_TbModStoreExtension","DolocTown.Config.Mod.TbModStoreExtension DolocTown.Config.Tables::get_TbModStoreExtension()","DolocTown.Config.Mod.TbModStoreExtension","","public","False","False","False","False","True","7","0x06006319"
"DolocTown.Config.Tables","get_TbModExchangeStoreExtension","DolocTown.Config.Mod.TbModExchangeStoreExtension DolocTown.Config.Tables::get_TbModExchangeStoreExtension()","DolocTown.Config.Mod.TbModExchangeStoreExtension","","public","False","False","False","False","True","7","0x0600631A"
"DolocTown.Config.Tables","get_TbModResourceSpawnExtension","DolocTown.Config.Mod.TbModResourceSpawnExtension DolocTown.Config.Tables::get_TbModResourceSpawnExtension()","DolocTown.Config.Mod.TbModResourceSpawnExtension","","public","False","False","False","False","True","7","0x0600631B"
"DolocTown.Config.Tables","get_TbModVegetationSpawnExtension","DolocTown.Config.Mod.TbModVegetationSpawnExtension DolocTown.Config.Tables::get_TbModVegetationSpawnExtension()","DolocTown.Config.Mod.TbModVegetationSpawnExtension","","public","False","False","False","False","True","7","0x0600631C"
"DolocTown.Config.Tables","HandleModStoreExtension","System.Void DolocTown.Config.Tables::HandleModStoreExtension()","System.Void","","private","False","False","False","False","True","345","0x06006327"
"DolocTown.Config.Tables","HandleModExchangeStoreExtension","System.Void DolocTown.Config.Tables::HandleModExchangeStoreExtension()","System.Void","","private","False","False","False","False","True","419","0x06006328"
"DolocTown.Config.Tables","HandleModResourceSpawnExtension","System.Void DolocTown.Config.Tables::HandleModResourceSpawnExtension()","System.Void","","private","False","False","False","False","True","320","0x0600632A"
"DolocTown.Config.Tables","HandleModVegetationSpawnExtension","System.Void DolocTown.Config.Tables::HandleModVegetationSpawnExtension()","System.Void","","private","False","False","False","False","True","320","0x0600632B"
"DolocTown.Config.Tables/<>c__DisplayClass570_0","<HandleModStoreExtension>b__0","System.Boolean DolocTown.Config.Tables/<>c__DisplayClass570_0::<HandleModStoreExtension>b__0(DolocTown.Config.Store.StoreItemSeasonData)","System.Boolean","DolocTown.Config.Store.StoreItemSeasonData x","internal","False","False","False","False","True","23","0x0600A6C8"
"DolocTown.Config.Tables/<>c__DisplayClass571_0","<HandleModExchangeStoreExtension>b__0","System.Boolean DolocTown.Config.Tables/<>c__DisplayClass571_0::<HandleModExchangeStoreExtension>b__0(DolocTown.Config.Store.ExchangeStoreItemData)","System.Boolean","DolocTown.Config.Store.ExchangeStoreItemData x","internal","False","False","False","False","True","23","0x0600A6CA"
"DolocTown.Config.Tables/<>c__DisplayClass573_0","<HandleModResourceSpawnExtension>b__0","System.Boolean DolocTown.Config.Tables/<>c__DisplayClass573_0::<HandleModResourceSpawnExtension>b__0(DolocTown.Config.Resource.ResourceSpawnData)","System.Boolean","DolocTown.Config.Resource.ResourceSpawnData x","internal","False","False","False","False","True","23","0x0600A6CF"
"DolocTown.Config.Tables/<>c__DisplayClass573_0","<HandleModResourceSpawnExtension>b__1","System.Boolean DolocTown.Config.Tables/<>c__DisplayClass573_0::<HandleModResourceSpawnExtension>b__1(DolocTown.Config.Global.SpawnData)","System.Boolean","DolocTown.Config.Global.SpawnData x","internal","False","False","False","False","True","23","0x0600A6D0"
"DolocTown.Config.Tables/<>c__DisplayClass574_0","<HandleModVegetationSpawnExtension>b__0","System.Boolean DolocTown.Config.Tables/<>c__DisplayClass574_0::<HandleModVegetationSpawnExtension>b__0(DolocTown.Config.Resource.VegetationSpawnData)","System.Boolean","DolocTown.Config.Resource.VegetationSpawnData x","internal","False","False","False","False","True","23","0x0600A6D2"
"DolocTown.Config.Tables/<>c__DisplayClass574_0","<HandleModVegetationSpawnExtension>b__1","System.Boolean DolocTown.Config.Tables/<>c__DisplayClass574_0::<HandleModVegetationSpawnExtension>b__1(DolocTown.Config.Global.SpawnData)","System.Boolean","DolocTown.Config.Global.SpawnData x","internal","False","False","False","False","True","23","0x0600A6D3"
"DolocTown.Config.Time.SeasonInfo","get_ResourceSpawnInterval","System.Int32 DolocTown.Config.Time.SeasonInfo::get_ResourceSpawnInterval()","System.Int32","","public","False","False","False","False","True","7","0x06006549"
"DolocTown.Config.Time.SeasonInfo","set_ResourceSpawnInterval","System.Void DolocTown.Config.Time.SeasonInfo::set_ResourceSpawnInterval(System.Int32)","System.Void","System.Int32 value","private","False","False","False","False","True","8","0x0600654A"
"DolocTown.Config.Time.SeasonInfo","get_ResourceGrowInterval","System.Int32 DolocTown.Config.Time.SeasonInfo::get_ResourceGrowInterval()","System.Int32","","public","False","False","False","False","True","7","0x0600654B"
"DolocTown.Config.Time.SeasonInfo","set_ResourceGrowInterval","System.Void DolocTown.Config.Time.SeasonInfo::set_ResourceGrowInterval(System.Int32)","System.Void","System.Int32 value","private","False","False","False","False","True","8","0x0600654C"
"DolocTown.Config.Time.SeasonInfo","get_VegetationSpawnInterval","System.Int32 DolocTown.Config.Time.SeasonInfo::get_VegetationSpawnInterval()","System.Int32","","public","False","False","False","False","True","7","0x0600654D"
"DolocTown.Config.Time.SeasonInfo","set_VegetationSpawnInterval","System.Void DolocTown.Config.Time.SeasonInfo::set_VegetationSpawnInterval(System.Int32)","System.Void","System.Int32 value","private","False","False","False","False","True","8","0x0600654E"
"DolocTown.Config.Time.SeasonInfo","get_VegetationGrowInterval","System.Int32 DolocTown.Config.Time.SeasonInfo::get_VegetationGrowInterval()","System.Int32","","public","False","False","False","False","True","7","0x0600654F"
"DolocTown.Config.Time.SeasonInfo","set_VegetationGrowInterval","System.Void DolocTown.Config.Time.SeasonInfo::set_VegetationGrowInterval(System.Int32)","System.Void","System.Int32 value","private","False","False","False","False","True","8","0x06006550"
"DolocTown.Config.Time.SeasonInfo","get_BirdDropSpawnEntry","DolocTown.Config.Item.ItemSpawnRandom DolocTown.Config.Time.SeasonInfo::get_BirdDropSpawnEntry()","DolocTown.Config.Item.ItemSpawnRandom","","public","False","False","False","False","True","7","0x0600655C"
"DolocTown.Config.Time.SeasonInfo","set_BirdDropSpawnEntry","System.Void DolocTown.Config.Time.SeasonInfo::set_BirdDropSpawnEntry(DolocTown.Config.Item.ItemSpawnRandom)","System.Void","DolocTown.Config.Item.ItemSpawnRandom value","private","False","False","False","False","True","8","0x0600655D"
"DolocTown.Config.TechTree.TbTechNode",".ctor","System.Void DolocTown.Config.TechTree.TbTechNode::.ctor(SimpleJSON.JSONNode)","System.Void","SimpleJSON.JSONNode _json","public","False","False","False","True","True","135","0x060065A8"
"DolocTown.Config.TechTree.TbTechNode","get_DataMap","System.Collections.Generic.Dictionary`2<System.String,DolocTown.Config.TechTree.TechNodeInfo> DolocTown.Config.TechTree.TbTechNode::get_DataMap()","System.Collections.Generic.Dictionary`2<System.String,DolocTown.Config.TechTree.TechNodeInfo>","","public","False","False","False","False","True","7","0x060065A9"
"DolocTown.Config.TechTree.TbTechNode","get_DataList","System.Collections.Generic.List`1<DolocTown.Config.TechTree.TechNodeInfo> DolocTown.Config.TechTree.TbTechNode::get_DataList()","System.Collections.Generic.List`1<DolocTown.Config.TechTree.TechNodeInfo>","","public","False","False","False","False","True","7","0x060065AA"
"DolocTown.Config.TechTree.TbTechNode","GetOrDefault","DolocTown.Config.TechTree.TechNodeInfo DolocTown.Config.TechTree.TbTechNode::GetOrDefault(System.String)","DolocTown.Config.TechTree.TechNodeInfo","System.String key","public","False","False","False","False","True","20","0x060065AB"
"DolocTown.Config.TechTree.TbTechNode","Get","DolocTown.Config.TechTree.TechNodeInfo DolocTown.Config.TechTree.TbTechNode::Get(System.String)","DolocTown.Config.TechTree.TechNodeInfo","System.String key","public","False","False","False","False","True","13","0x060065AC"
"DolocTown.Config.TechTree.TbTechNode","get_Item","DolocTown.Config.TechTree.TechNodeInfo DolocTown.Config.TechTree.TbTechNode::get_Item(System.String)","DolocTown.Config.TechTree.TechNodeInfo","System.String key","public","False","False","False","False","True","13","0x060065AD"
"DolocTown.Config.TechTree.TbTechNode","Resolve","System.Void DolocTown.Config.TechTree.TbTechNode::Resolve(System.Collections.Generic.Dictionary`2<System.String,System.Object>)","System.Void","System.Collections.Generic.Dictionary`2<System.String,System.Object> _tables","public","False","False","False","False","True","53","0x060065AE"
"DolocTown.Config.TechTree.TbTechNode","TranslateText","System.Void DolocTown.Config.TechTree.TbTechNode::TranslateText(System.Func`3<System.String,System.String,System.String>)","System.Void","System.Func`3<System.String,System.String,System.String> translator","public","False","False","False","False","True","53","0x060065AF"
"DolocTown.Config.TechTree.TbTechPoint",".ctor","System.Void DolocTown.Config.TechTree.TbTechPoint::.ctor(SimpleJSON.JSONNode)","System.Void","SimpleJSON.JSONNode _json","public","False","False","False","True","True","135","0x060065B0"
"DolocTown.Config.TechTree.TbTechPoint","get_DataMap","System.Collections.Generic.Dictionary`2<DolocTown.Config.TechTree.TechPointType,DolocTown.Config.TechTree.TechPointInfo> DolocTown.Config.TechTree.TbTechPoint::get_DataMap()","System.Collections.Generic.Dictionary`2<DolocTown.Config.TechTree.TechPointType,DolocTown.Config.TechTree.TechPointInfo>","","public","False","False","False","False","True","7","0x060065B1"
"DolocTown.Config.TechTree.TbTechPoint","get_DataList","System.Collections.Generic.List`1<DolocTown.Config.TechTree.TechPointInfo> DolocTown.Config.TechTree.TbTechPoint::get_DataList()","System.Collections.Generic.List`1<DolocTown.Config.TechTree.TechPointInfo>","","public","False","False","False","False","True","7","0x060065B2"
"DolocTown.Config.TechTree.TbTechPoint","GetOrDefault","DolocTown.Config.TechTree.TechPointInfo DolocTown.Config.TechTree.TbTechPoint::GetOrDefault(DolocTown.Config.TechTree.TechPointType)","DolocTown.Config.TechTree.TechPointInfo","DolocTown.Config.TechTree.TechPointType key","public","False","False","False","False","True","20","0x060065B3"
"DolocTown.Config.TechTree.TbTechPoint","Get","DolocTown.Config.TechTree.TechPointInfo DolocTown.Config.TechTree.TbTechPoint::Get(DolocTown.Config.TechTree.TechPointType)","DolocTown.Config.TechTree.TechPointInfo","DolocTown.Config.TechTree.TechPointType key","public","False","False","False","False","True","13","0x060065B4"
"DolocTown.Config.TechTree.TbTechPoint","get_Item","DolocTown.Config.TechTree.TechPointInfo DolocTown.Config.TechTree.TbTechPoint::get_Item(DolocTown.Config.TechTree.TechPointType)","DolocTown.Config.TechTree.TechPointInfo","DolocTown.Config.TechTree.TechPointType key","public","False","False","False","False","True","13","0x060065B5"
"DolocTown.Config.TechTree.TbTechPoint","Resolve","System.Void DolocTown.Config.TechTree.TbTechPoint::Resolve(System.Collections.Generic.Dictionary`2<System.String,System.Object>)","System.Void","System.Collections.Generic.Dictionary`2<System.String,System.Object> _tables","public","False","False","False","False","True","53","0x060065B6"
"DolocTown.Config.TechTree.TbTechPoint","TranslateText","System.Void DolocTown.Config.TechTree.TbTechPoint::TranslateText(System.Func`3<System.String,System.String,System.String>)","System.Void","System.Func`3<System.String,System.String,System.String> translator","public","False","False","False","False","True","53","0x060065B7"
"DolocTown.Config.TechTree.TbTechTree",".ctor","System.Void DolocTown.Config.TechTree.TbTechTree::.ctor(SimpleJSON.JSONNode)","System.Void","SimpleJSON.JSONNode _json","public","False","False","False","True","True","237","0x060065B8"
"DolocTown.Config.TechTree.TbTechTree","get_DataList","System.Collections.Generic.List`1<DolocTown.Config.TechTree.TechTreeInfo> DolocTown.Config.TechTree.TbTechTree::get_DataList()","System.Collections.Generic.List`1<DolocTown.Config.TechTree.TechTreeInfo>","","public","False","False","False","False","True","7","0x060065B9"
"DolocTown.Config.TechTree.TbTechTree","GetById","DolocTown.Config.TechTree.TechTreeInfo DolocTown.Config.TechTree.TbTechTree::GetById(System.String)","DolocTown.Config.TechTree.TechTreeInfo","System.String key","public","False","False","False","False","True","20","0x060065BA"
"DolocTown.Config.TechTree.TbTechTree","GetByTechPoint","DolocTown.Config.TechTree.TechTreeInfo DolocTown.Config.TechTree.TbTechTree::GetByTechPoint(DolocTown.Config.TechTree.TechPointType)","DolocTown.Config.TechTree.TechTreeInfo","DolocTown.Config.TechTree.TechPointType key","public","False","False","False","False","True","20","0x060065BB"
"DolocTown.Config.TechTree.TbTechTree","Resolve","System.Void DolocTown.Config.TechTree.TbTechTree::Resolve(System.Collections.Generic.Dictionary`2<System.String,System.Object>)","System.Void","System.Collections.Generic.Dictionary`2<System.String,System.Object> _tables","public","False","False","False","False","True","53","0x060065BC"
"DolocTown.Config.TechTree.TbTechTree","TranslateText","System.Void DolocTown.Config.TechTree.TbTechTree::TranslateText(System.Func`3<System.String,System.String,System.String>)","System.Void","System.Func`3<System.String,System.String,System.String> translator","public","False","False","False","False","True","53","0x060065BD"
"DolocTown.Config.TechTree.TechLevelInfo",".ctor","System.Void DolocTown.Config.TechTree.TechLevelInfo::.ctor(SimpleJSON.JSONNode)","System.Void","SimpleJSON.JSONNode _json","public","False","False","False","True","True","145","0x060065BE"
"DolocTown.Config.TechTree.TechLevelInfo",".ctor","System.Void DolocTown.Config.TechTree.TechLevelInfo::.ctor(System.Int32,System.Int32,System.Int32)","System.Void","System.Int32 level; System.Int32 required_exp; System.Int32 reward_points","public","False","False","False","True","True","28","0x060065BF"
"DolocTown.Config.TechTree.TechLevelInfo","DeserializeTechLevelInfo","DolocTown.Config.TechTree.TechLevelInfo DolocTown.Config.TechTree.TechLevelInfo::DeserializeTechLevelInfo(SimpleJSON.JSONNode)","DolocTown.Config.TechTree.TechLevelInfo","SimpleJSON.JSONNode _json","public","True","False","False","False","True","7","0x060065C0"
"DolocTown.Config.TechTree.TechLevelInfo","get_Level","System.Int32 DolocTown.Config.TechTree.TechLevelInfo::get_Level()","System.Int32","","public","False","False","False","False","True","7","0x060065C1"
"DolocTown.Config.TechTree.TechLevelInfo","set_Level","System.Void DolocTown.Config.TechTree.TechLevelInfo::set_Level(System.Int32)","System.Void","System.Int32 value","private","False","False","False","False","True","8","0x060065C2"
"DolocTown.Config.TechTree.TechLevelInfo","get_RequiredExp","System.Int32 DolocTown.Config.TechTree.TechLevelInfo::get_RequiredExp()","System.Int32","","public","False","False","False","False","True","7","0x060065C3"
"DolocTown.Config.TechTree.TechLevelInfo","set_RequiredExp","System.Void DolocTown.Config.TechTree.TechLevelInfo::set_RequiredExp(System.Int32)","System.Void","System.Int32 value","private","False","False","False","False","True","8","0x060065C4"
"DolocTown.Config.TechTree.TechLevelInfo","get_RewardPoints","System.Int32 DolocTown.Config.TechTree.TechLevelInfo::get_RewardPoints()","System.Int32","","public","False","False","False","False","True","7","0x060065C5"
"DolocTown.Config.TechTree.TechLevelInfo","set_RewardPoints","System.Void DolocTown.Config.TechTree.TechLevelInfo::set_RewardPoints(System.Int32)","System.Void","System.Int32 value","private","False","False","False","False","True","8","0x060065C6"
"DolocTown.Config.TechTree.TechLevelInfo","GetTypeId","System.Int32 DolocTown.Config.TechTree.TechLevelInfo::GetTypeId()","System.Int32","","public","False","True","False","False","True","6","0x060065C7"
"DolocTown.Config.TechTree.TechLevelInfo","Resolve","System.Void DolocTown.Config.TechTree.TechLevelInfo::Resolve(System.Collections.Generic.Dictionary`2<System.String,System.Object>)","System.Void","System.Collections.Generic.Dictionary`2<System.String,System.Object> _tables","public","False","False","False","False","True","1","0x060065C8"
"DolocTown.Config.TechTree.TechLevelInfo","TranslateText","System.Void DolocTown.Config.TechTree.TechLevelInfo::TranslateText(System.Func`3<System.String,System.String,System.String>)","System.Void","System.Func`3<System.String,System.String,System.String> translator","public","False","False","False","False","True","1","0x060065C9"
"DolocTown.Config.TechTree.TechLevelInfo","ToString","System.String DolocTown.Config.TechTree.TechLevelInfo::ToString()","System.String","","public","False","True","False","False","True","95","0x060065CA"
"DolocTown.Config.TechTree.TechNodeInfo",".ctor","System.Void DolocTown.Config.TechTree.TechNodeInfo::.ctor(SimpleJSON.JSONNode)","System.Void","SimpleJSON.JSONNode _json","public","False","False","False","True","True","449","0x060065CB"
"DolocTown.Config.TechTree.TechNodeInfo",".ctor","System.Void DolocTown.Config.TechTree.TechNodeInfo::.ctor(System.String,System.String,System.String,System.String)","System.Void","System.String id; System.String title; System.String description; System.String lock_prompt","public","False","False","False","True","True","36","0x060065CC"
"DolocTown.Config.TechTree.TechNodeInfo","DeserializeTechNodeInfo","DolocTown.Config.TechTree.TechNodeInfo DolocTown.Config.TechTree.TechNodeInfo::DeserializeTechNodeInfo(SimpleJSON.JSONNode)","DolocTown.Config.TechTree.TechNodeInfo","SimpleJSON.JSONNode _json","public","True","False","False","False","True","7","0x060065CD"
"DolocTown.Config.TechTree.TechNodeInfo","get_Id","System.String DolocTown.Config.TechTree.TechNodeInfo::get_Id()","System.String","","public","False","False","False","False","True","7","0x060065CE"
"DolocTown.Config.TechTree.TechNodeInfo","set_Id","System.Void DolocTown.Config.TechTree.TechNodeInfo::set_Id(System.String)","System.Void","System.String value","private","False","False","False","False","True","8","0x060065CF"
"DolocTown.Config.TechTree.TechNodeInfo","get_Title","System.String DolocTown.Config.TechTree.TechNodeInfo::get_Title()","System.String","","public","False","False","False","False","True","7","0x060065D0"
"DolocTown.Config.TechTree.TechNodeInfo","set_Title","System.Void DolocTown.Config.TechTree.TechNodeInfo::set_Title(System.String)","System.Void","System.String value","private","False","False","False","False","True","8","0x060065D1"
"DolocTown.Config.TechTree.TechNodeInfo","get_Title_l10n_key","System.String DolocTown.Config.TechTree.TechNodeInfo::get_Title_l10n_key()","System.String","","public","False","False","False","False","True","7","0x060065D2"
"DolocTown.Config.TechTree.TechNodeInfo","get_Description","System.String DolocTown.Config.TechTree.TechNodeInfo::get_Description()","System.String","","public","False","False","False","False","True","7","0x060065D3"
"DolocTown.Config.TechTree.TechNodeInfo","set_Description","System.Void DolocTown.Config.TechTree.TechNodeInfo::set_Description(System.String)","System.Void","System.String value","private","False","False","False","False","True","8","0x060065D4"
"DolocTown.Config.TechTree.TechNodeInfo","get_Description_l10n_key","System.String DolocTown.Config.TechTree.TechNodeInfo::get_Description_l10n_key()","System.String","","public","False","False","False","False","True","7","0x060065D5"
"DolocTown.Config.TechTree.TechNodeInfo","get_LockPrompt","System.String DolocTown.Config.TechTree.TechNodeInfo::get_LockPrompt()","System.String","","public","False","False","False","False","True","7","0x060065D6"
"DolocTown.Config.TechTree.TechNodeInfo","set_LockPrompt","System.Void DolocTown.Config.TechTree.TechNodeInfo::set_LockPrompt(System.String)","System.Void","System.String value","private","False","False","False","False","True","8","0x060065D7"
"DolocTown.Config.TechTree.TechNodeInfo","get_LockPrompt_l10n_key","System.String DolocTown.Config.TechTree.TechNodeInfo::get_LockPrompt_l10n_key()","System.String","","public","False","False","False","False","True","7","0x060065D8"
"DolocTown.Config.TechTree.TechNodeInfo","GetTypeId","System.Int32 DolocTown.Config.TechTree.TechNodeInfo::GetTypeId()","System.Int32","","public","False","True","False","False","True","6","0x060065D9"
"DolocTown.Config.TechTree.TechNodeInfo","Resolve","System.Void DolocTown.Config.TechTree.TechNodeInfo::Resolve(System.Collections.Generic.Dictionary`2<System.String,System.Object>)","System.Void","System.Collections.Generic.Dictionary`2<System.String,System.Object> _tables","public","False","False","False","False","True","1","0x060065DA"
"DolocTown.Config.TechTree.TechNodeInfo","TranslateText","System.Void DolocTown.Config.TechTree.TechNodeInfo::TranslateText(System.Func`3<System.String,System.String,System.String>)","System.Void","System.Func`3<System.String,System.String,System.String> translator","public","False","False","False","False","True","73","0x060065DB"
"DolocTown.Config.TechTree.TechNodeInfo","ToString","System.String DolocTown.Config.TechTree.TechNodeInfo::ToString()","System.String","","public","False","True","False","False","True","89","0x060065DC"
"DolocTown.Config.TechTree.TechPointAdder",".ctor","System.Void DolocTown.Config.TechTree.TechPointAdder::.ctor(SimpleJSON.JSONNode)","System.Void","SimpleJSON.JSONNode _json","public","False","False","False","True","True","99","0x060065DD"
"DolocTown.Config.TechTree.TechPointAdder",".ctor","System.Void DolocTown.Config.TechTree.TechPointAdder::.ctor(DolocTown.Config.TechTree.TechPointType,System.Int32)","System.Void","DolocTown.Config.TechTree.TechPointType type; System.Int32 count","public","False","False","False","True","True","21","0x060065DE"
"DolocTown.Config.TechTree.TechPointAdder","DeserializeTechPointAdder","DolocTown.Config.TechTree.TechPointAdder DolocTown.Config.TechTree.TechPointAdder::DeserializeTechPointAdder(SimpleJSON.JSONNode)","DolocTown.Config.TechTree.TechPointAdder","SimpleJSON.JSONNode _json","public","True","False","False","False","True","7","0x060065DF"
"DolocTown.Config.TechTree.TechPointAdder","get_Type","DolocTown.Config.TechTree.TechPointType DolocTown.Config.TechTree.TechPointAdder::get_Type()","DolocTown.Config.TechTree.TechPointType","","public","False","False","False","False","True","7","0x060065E0"
"DolocTown.Config.TechTree.TechPointAdder","set_Type","System.Void DolocTown.Config.TechTree.TechPointAdder::set_Type(DolocTown.Config.TechTree.TechPointType)","System.Void","DolocTown.Config.TechTree.TechPointType value","private","False","False","False","False","True","8","0x060065E1"
"DolocTown.Config.TechTree.TechPointAdder","get_Count","System.Int32 DolocTown.Config.TechTree.TechPointAdder::get_Count()","System.Int32","","public","False","False","False","False","True","7","0x060065E2"
"DolocTown.Config.TechTree.TechPointAdder","set_Count","System.Void DolocTown.Config.TechTree.TechPointAdder::set_Count(System.Int32)","System.Void","System.Int32 value","private","False","False","False","False","True","8","0x060065E3"
"DolocTown.Config.TechTree.TechPointAdder","GetTypeId","System.Int32 DolocTown.Config.TechTree.TechPointAdder::GetTypeId()","System.Int32","","public","False","True","False","False","True","6","0x060065E4"
"DolocTown.Config.TechTree.TechPointAdder","Resolve","System.Void DolocTown.Config.TechTree.TechPointAdder::Resolve(System.Collections.Generic.Dictionary`2<System.String,System.Object>)","System.Void","System.Collections.Generic.Dictionary`2<System.String,System.Object> _tables","public","False","False","False","False","True","1","0x060065E5"
"DolocTown.Config.TechTree.TechPointAdder","TranslateText","System.Void DolocTown.Config.TechTree.TechPointAdder::TranslateText(System.Func`3<System.String,System.String,System.String>)","System.Void","System.Func`3<System.String,System.String,System.String> translator","public","False","False","False","False","True","1","0x060065E6"
"DolocTown.Config.TechTree.TechPointAdder","ToString","System.String DolocTown.Config.TechTree.TechPointAdder::ToString()","System.String","","public","False","True","False","False","True","76","0x060065E7"
"DolocTown.Config.TechTree.TechPointInfo",".ctor","System.Void DolocTown.Config.TechTree.TechPointInfo::.ctor(SimpleJSON.JSONNode)","System.Void","SimpleJSON.JSONNode _json","public","False","False","False","True","True","665","0x060065E8"
"DolocTown.Config.TechTree.TechPointInfo",".ctor","System.Void DolocTown.Config.TechTree.TechPointInfo::.ctor(DolocTown.Config.TechTree.TechPointType,System.Collections.Generic.List`1<DolocTown.Config.TechTree.TechLevelInfo>,System.String,System.String,DolocTown.SpriteAsset,System.Boolean,System.Int32)","System.Void","DolocTown.Config.TechTree.TechPointType id; System.Collections.Generic.List`1<DolocTown.Config.TechTree.TechLevelInfo> level_map; System.String title; System.String description; DolocTown.SpriteAsset icon; System.Boolean use_level_tip; System.Int32 order","public","False","False","False","True","True","147","0x060065E9"
"DolocTown.Config.TechTree.TechPointInfo","DeserializeTechPointInfo","DolocTown.Config.TechTree.TechPointInfo DolocTown.Config.TechTree.TechPointInfo::DeserializeTechPointInfo(SimpleJSON.JSONNode)","DolocTown.Config.TechTree.TechPointInfo","SimpleJSON.JSONNode _json","public","True","False","False","False","True","7","0x060065EA"
"DolocTown.Config.TechTree.TechPointInfo","get_Id","DolocTown.Config.TechTree.TechPointType DolocTown.Config.TechTree.TechPointInfo::get_Id()","DolocTown.Config.TechTree.TechPointType","","public","False","False","False","False","True","7","0x060065EB"
"DolocTown.Config.TechTree.TechPointInfo","set_Id","System.Void DolocTown.Config.TechTree.TechPointInfo::set_Id(DolocTown.Config.TechTree.TechPointType)","System.Void","DolocTown.Config.TechTree.TechPointType value","private","False","False","False","False","True","8","0x060065EC"
"DolocTown.Config.TechTree.TechPointInfo","get_LevelMap","System.Collections.Generic.List`1<DolocTown.Config.TechTree.TechLevelInfo> DolocTown.Config.TechTree.TechPointInfo::get_LevelMap()","System.Collections.Generic.List`1<DolocTown.Config.TechTree.TechLevelInfo>","","public","False","False","False","False","True","7","0x060065ED"
"DolocTown.Config.TechTree.TechPointInfo","set_LevelMap","System.Void DolocTown.Config.TechTree.TechPointInfo::set_LevelMap(System.Collections.Generic.List`1<DolocTown.Config.TechTree.TechLevelInfo>)","System.Void","System.Collections.Generic.List`1<DolocTown.Config.TechTree.TechLevelInfo> value","private","False","False","False","False","True","8","0x060065EE"
"DolocTown.Config.TechTree.TechPointInfo","get_Title","System.String DolocTown.Config.TechTree.TechPointInfo::get_Title()","System.String","","public","False","False","False","False","True","7","0x060065EF"
"DolocTown.Config.TechTree.TechPointInfo","set_Title","System.Void DolocTown.Config.TechTree.TechPointInfo::set_Title(System.String)","System.Void","System.String value","private","False","False","False","False","True","8","0x060065F0"
"DolocTown.Config.TechTree.TechPointInfo","get_Title_l10n_key","System.String DolocTown.Config.TechTree.TechPointInfo::get_Title_l10n_key()","System.String","","public","False","False","False","False","True","7","0x060065F1"
"DolocTown.Config.TechTree.TechPointInfo","get_Description","System.String DolocTown.Config.TechTree.TechPointInfo::get_Description()","System.String","","public","False","False","False","False","True","7","0x060065F2"
"DolocTown.Config.TechTree.TechPointInfo","set_Description","System.Void DolocTown.Config.TechTree.TechPointInfo::set_Description(System.String)","System.Void","System.String value","private","False","False","False","False","True","8","0x060065F3"
"DolocTown.Config.TechTree.TechPointInfo","get_Description_l10n_key","System.String DolocTown.Config.TechTree.TechPointInfo::get_Description_l10n_key()","System.String","","public","False","False","False","False","True","7","0x060065F4"
"DolocTown.Config.TechTree.TechPointInfo","get_Icon","DolocTown.SpriteAsset DolocTown.Config.TechTree.TechPointInfo::get_Icon()","DolocTown.SpriteAsset","","public","False","False","False","False","True","7","0x060065F5"
"DolocTown.Config.TechTree.TechPointInfo","set_Icon","System.Void DolocTown.Config.TechTree.TechPointInfo::set_Icon(DolocTown.SpriteAsset)","System.Void","DolocTown.SpriteAsset value","private","False","False","False","False","True","8","0x060065F6"
"DolocTown.Config.TechTree.TechPointInfo","get_UseLevelTip","System.Boolean DolocTown.Config.TechTree.TechPointInfo::get_UseLevelTip()","System.Boolean","","public","False","False","False","False","True","7","0x060065F7"
"DolocTown.Config.TechTree.TechPointInfo","set_UseLevelTip","System.Void DolocTown.Config.TechTree.TechPointInfo::set_UseLevelTip(System.Boolean)","System.Void","System.Boolean value","private","False","False","False","False","True","8","0x060065F8"
"DolocTown.Config.TechTree.TechPointInfo","get_Order","System.Int32 DolocTown.Config.TechTree.TechPointInfo::get_Order()","System.Int32","","public","False","False","False","False","True","7","0x060065F9"
"DolocTown.Config.TechTree.TechPointInfo","set_Order","System.Void DolocTown.Config.TechTree.TechPointInfo::set_Order(System.Int32)","System.Void","System.Int32 value","private","False","False","False","False","True","8","0x060065FA"
"DolocTown.Config.TechTree.TechPointInfo","GetTypeId","System.Int32 DolocTown.Config.TechTree.TechPointInfo::GetTypeId()","System.Int32","","public","False","True","False","False","True","6","0x060065FB"
"DolocTown.Config.TechTree.TechPointInfo","Resolve","System.Void DolocTown.Config.TechTree.TechPointInfo::Resolve(System.Collections.Generic.Dictionary`2<System.String,System.Object>)","System.Void","System.Collections.Generic.Dictionary`2<System.String,System.Object> _tables","public","False","False","False","False","True","65","0x060065FC"
"DolocTown.Config.TechTree.TechPointInfo","TranslateText","System.Void DolocTown.Config.TechTree.TechPointInfo::TranslateText(System.Func`3<System.String,System.String,System.String>)","System.Void","System.Func`3<System.String,System.String,System.String> translator","public","False","False","False","False","True","107","0x060065FD"
"DolocTown.Config.TechTree.TechPointInfo","ToString","System.String DolocTown.Config.TechTree.TechPointInfo::ToString()","System.String","","public","False","True","False","False","True","193","0x060065FE"
"DolocTown.Config.TechTree.TechPointInfo","PostResolve","System.Void DolocTown.Config.TechTree.TechPointInfo::PostResolve()","System.Void","","private","False","False","False","False","True","114","0x060065FF"
"DolocTown.Config.TechTree.TechPointInfo","get_MaxLevel","System.Int32 DolocTown.Config.TechTree.TechPointInfo::get_MaxLevel()","System.Int32","","public","False","False","False","False","True","12","0x06006600"
"DolocTown.Config.TechTree.TechPointInfo","get_MaxExp","System.Int32 DolocTown.Config.TechTree.TechPointInfo::get_MaxExp()","System.Int32","","public","False","False","False","False","True","7","0x06006601"
"DolocTown.Config.TechTree.TechPointInfo","set_MaxExp","System.Void DolocTown.Config.TechTree.TechPointInfo::set_MaxExp(System.Int32)","System.Void","System.Int32 value","private","False","False","False","False","True","8","0x06006602"
"DolocTown.Config.TechTree.TechPointInfo","GetLevelAndExp","System.Void DolocTown.Config.TechTree.TechPointInfo::GetLevelAndExp(System.Int32,System.Int32&,System.Int32&)","System.Void","System.Int32 totalExp; System.Int32& currentLevel; System.Int32& currentExp","public","False","False","False","False","True","61","0x06006603"
"DolocTown.Config.TechTree.TechTreeInfo",".ctor","System.Void DolocTown.Config.TechTree.TechTreeInfo::.ctor(SimpleJSON.JSONNode)","System.Void","SimpleJSON.JSONNode _json","public","False","False","False","True","True","409","0x06006604"
"DolocTown.Config.TechTree.TechTreeInfo",".ctor","System.Void DolocTown.Config.TechTree.TechTreeInfo::.ctor(System.String,DolocTown.Config.TechTree.TechPointType,System.String,System.String,System.Boolean)","System.Void","System.String id; DolocTown.Config.TechTree.TechPointType tech_point; System.String title; System.String description; System.Boolean default_unlock","public","False","False","False","True","True","44","0x06006605"
"DolocTown.Config.TechTree.TechTreeInfo","DeserializeTechTreeInfo","DolocTown.Config.TechTree.TechTreeInfo DolocTown.Config.TechTree.TechTreeInfo::DeserializeTechTreeInfo(SimpleJSON.JSONNode)","DolocTown.Config.TechTree.TechTreeInfo","SimpleJSON.JSONNode _json","public","True","False","False","False","True","7","0x06006606"
"DolocTown.Config.TechTree.TechTreeInfo","get_Id","System.String DolocTown.Config.TechTree.TechTreeInfo::get_Id()","System.String","","public","False","False","False","False","True","7","0x06006607"
"DolocTown.Config.TechTree.TechTreeInfo","set_Id","System.Void DolocTown.Config.TechTree.TechTreeInfo::set_Id(System.String)","System.Void","System.String value","private","False","False","False","False","True","8","0x06006608"
"DolocTown.Config.TechTree.TechTreeInfo","get_TechPoint","DolocTown.Config.TechTree.TechPointType DolocTown.Config.TechTree.TechTreeInfo::get_TechPoint()","DolocTown.Config.TechTree.TechPointType","","public","False","False","False","False","True","7","0x06006609"
"DolocTown.Config.TechTree.TechTreeInfo","set_TechPoint","System.Void DolocTown.Config.TechTree.TechTreeInfo::set_TechPoint(DolocTown.Config.TechTree.TechPointType)","System.Void","DolocTown.Config.TechTree.TechPointType value","private","False","False","False","False","True","8","0x0600660A"
"DolocTown.Config.TechTree.TechTreeInfo","get_Title","System.String DolocTown.Config.TechTree.TechTreeInfo::get_Title()","System.String","","public","False","False","False","False","True","7","0x0600660B"
"DolocTown.Config.TechTree.TechTreeInfo","set_Title","System.Void DolocTown.Config.TechTree.TechTreeInfo::set_Title(System.String)","System.Void","System.String value","private","False","False","False","False","True","8","0x0600660C"
"DolocTown.Config.TechTree.TechTreeInfo","get_Title_l10n_key","System.String DolocTown.Config.TechTree.TechTreeInfo::get_Title_l10n_key()","System.String","","public","False","False","False","False","True","7","0x0600660D"
"DolocTown.Config.TechTree.TechTreeInfo","get_Description","System.String DolocTown.Config.TechTree.TechTreeInfo::get_Description()","System.String","","public","False","False","False","False","True","7","0x0600660E"
"DolocTown.Config.TechTree.TechTreeInfo","set_Description","System.Void DolocTown.Config.TechTree.TechTreeInfo::set_Description(System.String)","System.Void","System.String value","private","False","False","False","False","True","8","0x0600660F"
"DolocTown.Config.TechTree.TechTreeInfo","get_Description_l10n_key","System.String DolocTown.Config.TechTree.TechTreeInfo::get_Description_l10n_key()","System.String","","public","False","False","False","False","True","7","0x06006610"
"DolocTown.Config.TechTree.TechTreeInfo","get_DefaultUnlock","System.Boolean DolocTown.Config.TechTree.TechTreeInfo::get_DefaultUnlock()","System.Boolean","","public","False","False","False","False","True","7","0x06006611"
"DolocTown.Config.TechTree.TechTreeInfo","set_DefaultUnlock","System.Void DolocTown.Config.TechTree.TechTreeInfo::set_DefaultUnlock(System.Boolean)","System.Void","System.Boolean value","private","False","False","False","False","True","8","0x06006612"
"DolocTown.Config.TechTree.TechTreeInfo","GetTypeId","System.Int32 DolocTown.Config.TechTree.TechTreeInfo::GetTypeId()","System.Int32","","public","False","True","False","False","True","6","0x06006613"
"DolocTown.Config.TechTree.TechTreeInfo","Resolve","System.Void DolocTown.Config.TechTree.TechTreeInfo::Resolve(System.Collections.Generic.Dictionary`2<System.String,System.Object>)","System.Void","System.Collections.Generic.Dictionary`2<System.String,System.Object> _tables","public","False","False","False","False","True","1","0x06006614"
"DolocTown.Config.TechTree.TechTreeInfo","TranslateText","System.Void DolocTown.Config.TechTree.TechTreeInfo::TranslateText(System.Func`3<System.String,System.String,System.String>)","System.Void","System.Func`3<System.String,System.String,System.String> translator","public","False","False","False","False","True","49","0x06006615"
"DolocTown.Config.TechTree.TechTreeInfo","ToString","System.String DolocTown.Config.TechTree.TechTreeInfo::ToString()","System.String","","public","False","True","False","False","True","130","0x06006616"
"DolocTown.Config.Store.ExchangeStoreInfo",".ctor","System.Void DolocTown.Config.Store.ExchangeStoreInfo::.ctor(SimpleJSON.JSONNode)","System.Void","SimpleJSON.JSONNode _json","public","False","False","False","True","True","489","0x06006617"
"DolocTown.Config.Store.ExchangeStoreInfo",".ctor","System.Void DolocTown.Config.Store.ExchangeStoreInfo::.ctor(System.String,System.Boolean,System.String,System.String,System.Collections.Generic.List`1<DolocTown.Config.Store.ExchangeStoreItemData>)","System.Void","System.String id; System.Boolean refresh_immediatly; System.String title; System.String craft_text; System.Collections.Generic.List`1<DolocTown.Config.Store.ExchangeStoreItemData> item_list","public","False","False","False","True","True","55","0x06006618"
"DolocTown.Config.Store.ExchangeStoreInfo","DeserializeExchangeStoreInfo","DolocTown.Config.Store.ExchangeStoreInfo DolocTown.Config.Store.ExchangeStoreInfo::DeserializeExchangeStoreInfo(SimpleJSON.JSONNode)","DolocTown.Config.Store.ExchangeStoreInfo","SimpleJSON.JSONNode _json","public","True","False","False","False","True","7","0x06006619"
"DolocTown.Config.Store.ExchangeStoreInfo","get_Id","System.String DolocTown.Config.Store.ExchangeStoreInfo::get_Id()","System.String","","public","False","False","False","False","True","7","0x0600661A"
"DolocTown.Config.Store.ExchangeStoreInfo","set_Id","System.Void DolocTown.Config.Store.ExchangeStoreInfo::set_Id(System.String)","System.Void","System.String value","private","False","False","False","False","True","8","0x0600661B"
"DolocTown.Config.Store.ExchangeStoreInfo","get_RefreshImmediatly","System.Boolean DolocTown.Config.Store.ExchangeStoreInfo::get_RefreshImmediatly()","System.Boolean","","public","False","False","False","False","True","7","0x0600661C"
"DolocTown.Config.Store.ExchangeStoreInfo","set_RefreshImmediatly","System.Void DolocTown.Config.Store.ExchangeStoreInfo::set_RefreshImmediatly(System.Boolean)","System.Void","System.Boolean value","private","False","False","False","False","True","8","0x0600661D"
"DolocTown.Config.Store.ExchangeStoreInfo","get_Title","System.String DolocTown.Config.Store.ExchangeStoreInfo::get_Title()","System.String","","public","False","False","False","False","True","7","0x0600661E"
"DolocTown.Config.Store.ExchangeStoreInfo","set_Title","System.Void DolocTown.Config.Store.ExchangeStoreInfo::set_Title(System.String)","System.Void","System.String value","private","False","False","False","False","True","8","0x0600661F"
"DolocTown.Config.Store.ExchangeStoreInfo","get_Title_l10n_key","System.String DolocTown.Config.Store.ExchangeStoreInfo::get_Title_l10n_key()","System.String","","public","False","False","False","False","True","7","0x06006620"
"DolocTown.Config.Store.ExchangeStoreInfo","get_CraftText","System.String DolocTown.Config.Store.ExchangeStoreInfo::get_CraftText()","System.String","","public","False","False","False","False","True","7","0x06006621"
"DolocTown.Config.Store.ExchangeStoreInfo","set_CraftText","System.Void DolocTown.Config.Store.ExchangeStoreInfo::set_CraftText(System.String)","System.Void","System.String value","private","False","False","False","False","True","8","0x06006622"
"DolocTown.Config.Store.ExchangeStoreInfo","get_CraftText_l10n_key","System.String DolocTown.Config.Store.ExchangeStoreInfo::get_CraftText_l10n_key()","System.String","","public","False","False","False","False","True","7","0x06006623"
"DolocTown.Config.Store.ExchangeStoreInfo","get_ItemList","System.Collections.Generic.List`1<DolocTown.Config.Store.ExchangeStoreItemData> DolocTown.Config.Store.ExchangeStoreInfo::get_ItemList()","System.Collections.Generic.List`1<DolocTown.Config.Store.ExchangeStoreItemData>","","public","False","False","False","False","True","7","0x06006624"
"DolocTown.Config.Store.ExchangeStoreInfo","set_ItemList","System.Void DolocTown.Config.Store.ExchangeStoreInfo::set_ItemList(System.Collections.Generic.List`1<DolocTown.Config.Store.ExchangeStoreItemData>)","System.Void","System.Collections.Generic.List`1<DolocTown.Config.Store.ExchangeStoreItemData> value","private","False","False","False","False","True","8","0x06006625"
"DolocTown.Config.Store.ExchangeStoreInfo","GetTypeId","System.Int32 DolocTown.Config.Store.ExchangeStoreInfo::GetTypeId()","System.Int32","","public","False","True","False","False","True","6","0x06006626"
"DolocTown.Config.Store.ExchangeStoreInfo","Resolve","System.Void DolocTown.Config.Store.ExchangeStoreInfo::Resolve(System.Collections.Generic.Dictionary`2<System.String,System.Object>)","System.Void","System.Collections.Generic.Dictionary`2<System.String,System.Object> _tables","public","False","False","False","False","True","65","0x06006627"
"DolocTown.Config.Store.ExchangeStoreInfo","TranslateText","System.Void DolocTown.Config.Store.ExchangeStoreInfo::TranslateText(System.Func`3<System.String,System.String,System.String>)","System.Void","System.Func`3<System.String,System.String,System.String> translator","public","False","False","False","False","True","107","0x06006628"
"DolocTown.Config.Store.ExchangeStoreInfo","ToString","System.String DolocTown.Config.Store.ExchangeStoreInfo::ToString()","System.String","","public","False","True","False","False","True","121","0x06006629"
"DolocTown.Config.Store.ExchangeStoreInfo","PostResolve","System.Void DolocTown.Config.Store.ExchangeStoreInfo::PostResolve()","System.Void","","private","False","False","False","False","True","66","0x0600662A"
"DolocTown.Config.Store.ExchangeStoreInfo","get_StoreItemMap","System.Collections.Generic.Dictionary`2<System.String,DolocTown.Config.Store.ExchangeStoreItemData> DolocTown.Config.Store.ExchangeStoreInfo::get_StoreItemMap()","System.Collections.Generic.Dictionary`2<System.String,DolocTown.Config.Store.ExchangeStoreItemData>","","public","False","False","False","False","True","7","0x0600662B"
"DolocTown.Config.Store.ExchangeStoreInfo","set_StoreItemMap","System.Void DolocTown.Config.Store.ExchangeStoreInfo::set_StoreItemMap(System.Collections.Generic.Dictionary`2<System.String,DolocTown.Config.Store.ExchangeStoreItemData>)","System.Void","System.Collections.Generic.Dictionary`2<System.String,DolocTown.Config.Store.ExchangeStoreItemData> value","private","False","False","False","False","True","8","0x0600662C"
"DolocTown.Config.Store.ExchangeStoreItemData",".ctor","System.Void DolocTown.Config.Store.ExchangeStoreItemData::.ctor(SimpleJSON.JSONNode)","System.Void","SimpleJSON.JSONNode _json","public","False","False","False","True","True","461","0x0600662D"
"DolocTown.Config.Store.ExchangeStoreItemData",".ctor","System.Void DolocTown.Config.Store.ExchangeStoreItemData::.ctor(DolocTown.RangedItem,System.Int32,System.Int32,DolocTown.CountItem[],System.String,System.Int32,System.Int32,System.Boolean)","System.Void","DolocTown.RangedItem ranged_item; System.Int32 storage; System.Int32 gold_cost; DolocTown.CountItem[] item_costs; System.String pre_condition_item_name; System.Int32 pre_condition_item_count; System.Int32 tech_point; System.Boolean default_unlock","public","False","False","False","True","True","68","0x0600662E"
"DolocTown.Config.Store.ExchangeStoreItemData","DeserializeExchangeStoreItemData","DolocTown.Config.Store.ExchangeStoreItemData DolocTown.Config.Store.ExchangeStoreItemData::DeserializeExchangeStoreItemData(SimpleJSON.JSONNode)","DolocTown.Config.Store.ExchangeStoreItemData","SimpleJSON.JSONNode _json","public","True","False","False","False","True","7","0x0600662F"
"DolocTown.Config.Store.ExchangeStoreItemData","get_RangedItem","DolocTown.RangedItem DolocTown.Config.Store.ExchangeStoreItemData::get_RangedItem()","DolocTown.RangedItem","","public","False","False","False","False","True","7","0x06006630"
"DolocTown.Config.Store.ExchangeStoreItemData","set_RangedItem","System.Void DolocTown.Config.Store.ExchangeStoreItemData::set_RangedItem(DolocTown.RangedItem)","System.Void","DolocTown.RangedItem value","private","False","False","False","False","True","8","0x06006631"
"DolocTown.Config.Store.ExchangeStoreItemData","get_Storage","System.Int32 DolocTown.Config.Store.ExchangeStoreItemData::get_Storage()","System.Int32","","public","False","False","False","False","True","7","0x06006632"
"DolocTown.Config.Store.ExchangeStoreItemData","set_Storage","System.Void DolocTown.Config.Store.ExchangeStoreItemData::set_Storage(System.Int32)","System.Void","System.Int32 value","private","False","False","False","False","True","8","0x06006633"
"DolocTown.Config.Store.ExchangeStoreItemData","get_GoldCost","System.Int32 DolocTown.Config.Store.ExchangeStoreItemData::get_GoldCost()","System.Int32","","public","False","False","False","False","True","7","0x06006634"
"DolocTown.Config.Store.ExchangeStoreItemData","set_GoldCost","System.Void DolocTown.Config.Store.ExchangeStoreItemData::set_GoldCost(System.Int32)","System.Void","System.Int32 value","private","False","False","False","False","True","8","0x06006635"
"DolocTown.Config.Store.ExchangeStoreItemData","get_ItemCosts","DolocTown.CountItem[] DolocTown.Config.Store.ExchangeStoreItemData::get_ItemCosts()","DolocTown.CountItem[]","","public","False","False","False","False","True","7","0x06006636"
"DolocTown.Config.Store.ExchangeStoreItemData","set_ItemCosts","System.Void DolocTown.Config.Store.ExchangeStoreItemData::set_ItemCosts(DolocTown.CountItem[])","System.Void","DolocTown.CountItem[] value","private","False","False","False","False","True","8","0x06006637"
"DolocTown.Config.Store.ExchangeStoreItemData","get_PreConditionItemName","System.String DolocTown.Config.Store.ExchangeStoreItemData::get_PreConditionItemName()","System.String","","public","False","False","False","False","True","7","0x06006638"
"DolocTown.Config.Store.ExchangeStoreItemData","set_PreConditionItemName","System.Void DolocTown.Config.Store.ExchangeStoreItemData::set_PreConditionItemName(System.String)","System.Void","System.String value","private","False","False","False","False","True","8","0x06006639"
"DolocTown.Config.Store.ExchangeStoreItemData","get_PreConditionItemName_Ref","DolocTown.Config.Item.ItemInfo DolocTown.Config.Store.ExchangeStoreItemData::get_PreConditionItemName_Ref()","DolocTown.Config.Item.ItemInfo","","public","False","False","False","False","True","7","0x0600663A"
"DolocTown.Config.Store.ExchangeStoreItemData","set_PreConditionItemName_Ref","System.Void DolocTown.Config.Store.ExchangeStoreItemData::set_PreConditionItemName_Ref(DolocTown.Config.Item.ItemInfo)","System.Void","DolocTown.Config.Item.ItemInfo value","private","False","False","False","False","True","8","0x0600663B"
"DolocTown.Config.Store.ExchangeStoreItemData","get_PreConditionItemCount","System.Int32 DolocTown.Config.Store.ExchangeStoreItemData::get_PreConditionItemCount()","System.Int32","","public","False","False","False","False","True","7","0x0600663C"
"DolocTown.Config.Store.ExchangeStoreItemData","set_PreConditionItemCount","System.Void DolocTown.Config.Store.ExchangeStoreItemData::set_PreConditionItemCount(System.Int32)","System.Void","System.Int32 value","private","False","False","False","False","True","8","0x0600663D"
"DolocTown.Config.Store.ExchangeStoreItemData","get_TechPoint","System.Int32 DolocTown.Config.Store.ExchangeStoreItemData::get_TechPoint()","System.Int32","","public","False","False","False","False","True","7","0x0600663E"
"DolocTown.Config.Store.ExchangeStoreItemData","set_TechPoint","System.Void DolocTown.Config.Store.ExchangeStoreItemData::set_TechPoint(System.Int32)","System.Void","System.Int32 value","private","False","False","False","False","True","8","0x0600663F"
"DolocTown.Config.Store.ExchangeStoreItemData","get_DefaultUnlock","System.Boolean DolocTown.Config.Store.ExchangeStoreItemData::get_DefaultUnlock()","System.Boolean","","public","False","False","False","False","True","7","0x06006640"
"DolocTown.Config.Store.ExchangeStoreItemData","set_DefaultUnlock","System.Void DolocTown.Config.Store.ExchangeStoreItemData::set_DefaultUnlock(System.Boolean)","System.Void","System.Boolean value","private","False","False","False","False","True","8","0x06006641"
"DolocTown.Config.Store.ExchangeStoreItemData","GetTypeId","System.Int32 DolocTown.Config.Store.ExchangeStoreItemData::GetTypeId()","System.Int32","","public","False","True","False","False","True","6","0x06006642"
"DolocTown.Config.Store.ExchangeStoreItemData","Resolve","System.Void DolocTown.Config.Store.ExchangeStoreItemData::Resolve(System.Collections.Generic.Dictionary`2<System.String,System.Object>)","System.Void","System.Collections.Generic.Dictionary`2<System.String,System.Object> _tables","public","False","False","False","False","True","34","0x06006643"
"DolocTown.Config.Store.ExchangeStoreItemData","TranslateText","System.Void DolocTown.Config.Store.ExchangeStoreItemData::TranslateText(System.Func`3<System.String,System.String,System.String>)","System.Void","System.Func`3<System.String,System.String,System.String> translator","public","False","False","False","False","True","1","0x06006644"
"DolocTown.Config.Store.ExchangeStoreItemData","ToString","System.String DolocTown.Config.Store.ExchangeStoreItemData::ToString()","System.String","","public","False","True","False","False","True","224","0x06006645"
"DolocTown.Config.Store.ExchangeStoreItemData","get_ItemId","System.String DolocTown.Config.Store.ExchangeStoreItemData::get_ItemId()","System.String","","public","False","False","False","False","True","12","0x06006646"
"DolocTown.Config.Store.ExchangeStoreItemData","get_ItemId_Ref","DolocTown.Config.Item.ItemInfo DolocTown.Config.Store.ExchangeStoreItemData::get_ItemId_Ref()","DolocTown.Config.Item.ItemInfo","","public","False","False","False","False","True","15","0x06006647"
"DolocTown.Config.Store.ExchangeStoreItemData","get_HasPreCondition","System.Boolean DolocTown.Config.Store.ExchangeStoreItemData::get_HasPreCondition()","System.Boolean","","public","False","False","False","False","True","15","0x06006648"
"DolocTown.Config.Store.ExchangeStoreItemData","get_UnlockOnInit","System.Boolean DolocTown.Config.Store.ExchangeStoreItemData::get_UnlockOnInit()","System.Boolean","","public","False","False","False","False","True","20","0x06006649"
"DolocTown.Config.Store.ExchangeStoreItemData","get_Unlimited","System.Boolean DolocTown.Config.Store.ExchangeStoreItemData::get_Unlimited()","System.Boolean","","public","False","False","False","False","True","13","0x0600664A"
"DolocTown.Config.Store.StoreInfo",".ctor","System.Void DolocTown.Config.Store.StoreInfo::.ctor(SimpleJSON.JSONNode)","System.Void","SimpleJSON.JSONNode _json","public","False","False","False","True","True","566","0x0600664B"
"DolocTown.Config.Store.StoreInfo",".ctor","System.Void DolocTown.Config.Store.StoreInfo::.ctor(System.String,System.String,System.Int32,DolocTown.Config.General.RangeInt[],System.String,System.String,DolocTown.Config.Store.StoreSeasonData[])","System.Void","System.String id; System.String title; System.Int32 init_money; DolocTown.Config.General.RangeInt[] init_money_range; System.String item_records; System.String price_scale; DolocTown.Config.Store.StoreSeasonData[] season_datas","public","False","False","False","True","True","60","0x0600664C"
"DolocTown.Config.Store.StoreInfo","DeserializeStoreInfo","DolocTown.Config.Store.StoreInfo DolocTown.Config.Store.StoreInfo::DeserializeStoreInfo(SimpleJSON.JSONNode)","DolocTown.Config.Store.StoreInfo","SimpleJSON.JSONNode _json","public","True","False","False","False","True","7","0x0600664D"
"DolocTown.Config.Store.StoreInfo","get_Id","System.String DolocTown.Config.Store.StoreInfo::get_Id()","System.String","","public","False","False","False","False","True","7","0x0600664E"
"DolocTown.Config.Store.StoreInfo","set_Id","System.Void DolocTown.Config.Store.StoreInfo::set_Id(System.String)","System.Void","System.String value","private","False","False","False","False","True","8","0x0600664F"
"DolocTown.Config.Store.StoreInfo","get_Title","System.String DolocTown.Config.Store.StoreInfo::get_Title()","System.String","","public","False","False","False","False","True","7","0x06006650"
"DolocTown.Config.Store.StoreInfo","set_Title","System.Void DolocTown.Config.Store.StoreInfo::set_Title(System.String)","System.Void","System.String value","private","False","False","False","False","True","8","0x06006651"
"DolocTown.Config.Store.StoreInfo","get_Title_l10n_key","System.String DolocTown.Config.Store.StoreInfo::get_Title_l10n_key()","System.String","","public","False","False","False","False","True","7","0x06006652"
"DolocTown.Config.Store.StoreInfo","get_InitMoney","System.Int32 DolocTown.Config.Store.StoreInfo::get_InitMoney()","System.Int32","","public","False","False","False","False","True","7","0x06006653"
"DolocTown.Config.Store.StoreInfo","set_InitMoney","System.Void DolocTown.Config.Store.StoreInfo::set_InitMoney(System.Int32)","System.Void","System.Int32 value","private","False","False","False","False","True","8","0x06006654"
"DolocTown.Config.Store.StoreInfo","get_InitMoneyRange","DolocTown.Config.General.RangeInt[] DolocTown.Config.Store.StoreInfo::get_InitMoneyRange()","DolocTown.Config.General.RangeInt[]","","public","False","False","False","False","True","7","0x06006655"
"DolocTown.Config.Store.StoreInfo","set_InitMoneyRange","System.Void DolocTown.Config.Store.StoreInfo::set_InitMoneyRange(DolocTown.Config.General.RangeInt[])","System.Void","DolocTown.Config.General.RangeInt[] value","private","False","False","False","False","True","8","0x06006656"
"DolocTown.Config.Store.StoreInfo","get_ItemRecords","System.String DolocTown.Config.Store.StoreInfo::get_ItemRecords()","System.String","","public","False","False","False","False","True","7","0x06006657"
"DolocTown.Config.Store.StoreInfo","set_ItemRecords","System.Void DolocTown.Config.Store.StoreInfo::set_ItemRecords(System.String)","System.Void","System.String value","private","False","False","False","False","True","8","0x06006658"
"DolocTown.Config.Store.StoreInfo","get_ItemRecords_Ref","DolocTown.Config.Store.StoreItemListInfo DolocTown.Config.Store.StoreInfo::get_ItemRecords_Ref()","DolocTown.Config.Store.StoreItemListInfo","","public","False","False","False","False","True","7","0x06006659"
"DolocTown.Config.Store.StoreInfo","set_ItemRecords_Ref","System.Void DolocTown.Config.Store.StoreInfo::set_ItemRecords_Ref(DolocTown.Config.Store.StoreItemListInfo)","System.Void","DolocTown.Config.Store.StoreItemListInfo value","private","False","False","False","False","True","8","0x0600665A"
"DolocTown.Config.Store.StoreInfo","get_PriceScale","System.String DolocTown.Config.Store.StoreInfo::get_PriceScale()","System.String","","public","False","False","False","False","True","7","0x0600665B"
"DolocTown.Config.Store.StoreInfo","set_PriceScale","System.Void DolocTown.Config.Store.StoreInfo::set_PriceScale(System.String)","System.Void","System.String value","private","False","False","False","False","True","8","0x0600665C"
"DolocTown.Config.Store.StoreInfo","get_PriceScale_Ref","DolocTown.Config.Store.StorePriceScaleInfo DolocTown.Config.Store.StoreInfo::get_PriceScale_Ref()","DolocTown.Config.Store.StorePriceScaleInfo","","public","False","False","False","False","True","7","0x0600665D"
"DolocTown.Config.Store.StoreInfo","set_PriceScale_Ref","System.Void DolocTown.Config.Store.StoreInfo::set_PriceScale_Ref(DolocTown.Config.Store.StorePriceScaleInfo)","System.Void","DolocTown.Config.Store.StorePriceScaleInfo value","private","False","False","False","False","True","8","0x0600665E"
"DolocTown.Config.Store.StoreInfo","get_SeasonDatas","DolocTown.Config.Store.StoreSeasonData[] DolocTown.Config.Store.StoreInfo::get_SeasonDatas()","DolocTown.Config.Store.StoreSeasonData[]","","public","False","False","False","False","True","7","0x0600665F"
"DolocTown.Config.Store.StoreInfo","set_SeasonDatas","System.Void DolocTown.Config.Store.StoreInfo::set_SeasonDatas(DolocTown.Config.Store.StoreSeasonData[])","System.Void","DolocTown.Config.Store.StoreSeasonData[] value","private","False","False","False","False","True","8","0x06006660"
"DolocTown.Config.Store.StoreInfo","GetTypeId","System.Int32 DolocTown.Config.Store.StoreInfo::GetTypeId()","System.Int32","","public","False","True","False","False","True","6","0x06006661"
"DolocTown.Config.Store.StoreInfo","Resolve","System.Void DolocTown.Config.Store.StoreInfo::Resolve(System.Collections.Generic.Dictionary`2<System.String,System.Object>)","System.Void","System.Collections.Generic.Dictionary`2<System.String,System.Object> _tables","public","False","False","False","False","True","139","0x06006662"
"DolocTown.Config.Store.StoreInfo","TranslateText","System.Void DolocTown.Config.Store.StoreInfo::TranslateText(System.Func`3<System.String,System.String,System.String>)","System.Void","System.Func`3<System.String,System.String,System.String> translator","public","False","False","False","False","True","97","0x06006663"
"DolocTown.Config.Store.StoreInfo","ToString","System.String DolocTown.Config.Store.StoreInfo::ToString()","System.String","","public","False","True","False","False","True","164","0x06006664"
"DolocTown.Config.Store.StoreInfo","get_UnlimitedMoney","System.Boolean DolocTown.Config.Store.StoreInfo::get_UnlimitedMoney()","System.Boolean","","public","False","False","False","False","True","13","0x06006665"
"DolocTown.Config.Store.StoreInfo","GetRandomSlotCountBySeason","System.Int32 DolocTown.Config.Store.StoreInfo::GetRandomSlotCountBySeason(System.Int32)","System.Int32","System.Int32 seasonIndex","public","False","False","False","False","True","18","0x06006666"
"DolocTown.Config.Store.StoreInfo","GetSeasonData","DolocTown.Config.Store.StoreSeasonData DolocTown.Config.Store.StoreInfo::GetSeasonData(System.Int32)","DolocTown.Config.Store.StoreSeasonData","System.Int32 seasonIndex","public","False","False","False","False","True","15","0x06006667"
"DolocTown.Config.Store.StoreInfo","GetValidSeasonIndex","System.Int32 DolocTown.Config.Store.StoreInfo::GetValidSeasonIndex(System.Int32)","System.Int32","System.Int32 seasonIndex","private","False","False","False","False","True","18","0x06006668"
"DolocTown.Config.Store.StoreItemListInfo",".ctor","System.Void DolocTown.Config.Store.StoreItemListInfo::.ctor(SimpleJSON.JSONNode)","System.Void","SimpleJSON.JSONNode _json","public","False","False","False","True","True","247","0x06006669"
"DolocTown.Config.Store.StoreItemListInfo",".ctor","System.Void DolocTown.Config.Store.StoreItemListInfo::.ctor(System.String,System.Collections.Generic.List`1<DolocTown.Config.Store.StoreItemSeasonData>)","System.Void","System.String id; System.Collections.Generic.List`1<DolocTown.Config.Store.StoreItemSeasonData> item_list","public","False","False","False","True","True","97","0x0600666A"
"DolocTown.Config.Store.StoreItemListInfo","DeserializeStoreItemListInfo","DolocTown.Config.Store.StoreItemListInfo DolocTown.Config.Store.StoreItemListInfo::DeserializeStoreItemListInfo(SimpleJSON.JSONNode)","DolocTown.Config.Store.StoreItemListInfo","SimpleJSON.JSONNode _json","public","True","False","False","False","True","7","0x0600666B"
"DolocTown.Config.Store.StoreItemListInfo","get_Id","System.String DolocTown.Config.Store.StoreItemListInfo::get_Id()","System.String","","public","False","False","False","False","True","7","0x0600666C"
"DolocTown.Config.Store.StoreItemListInfo","set_Id","System.Void DolocTown.Config.Store.StoreItemListInfo::set_Id(System.String)","System.Void","System.String value","private","False","False","False","False","True","8","0x0600666D"
"DolocTown.Config.Store.StoreItemListInfo","get_ItemList","System.Collections.Generic.List`1<DolocTown.Config.Store.StoreItemSeasonData> DolocTown.Config.Store.StoreItemListInfo::get_ItemList()","System.Collections.Generic.List`1<DolocTown.Config.Store.StoreItemSeasonData>","","public","False","False","False","False","True","7","0x0600666E"
"DolocTown.Config.Store.StoreItemListInfo","set_ItemList","System.Void DolocTown.Config.Store.StoreItemListInfo::set_ItemList(System.Collections.Generic.List`1<DolocTown.Config.Store.StoreItemSeasonData>)","System.Void","System.Collections.Generic.List`1<DolocTown.Config.Store.StoreItemSeasonData> value","private","False","False","False","False","True","8","0x0600666F"
"DolocTown.Config.Store.StoreItemListInfo","GetTypeId","System.Int32 DolocTown.Config.Store.StoreItemListInfo::GetTypeId()","System.Int32","","public","False","True","False","False","True","6","0x06006670"
"DolocTown.Config.Store.StoreItemListInfo","Resolve","System.Void DolocTown.Config.Store.StoreItemListInfo::Resolve(System.Collections.Generic.Dictionary`2<System.String,System.Object>)","System.Void","System.Collections.Generic.Dictionary`2<System.String,System.Object> _tables","public","False","False","False","False","True","59","0x06006671"
"DolocTown.Config.Store.StoreItemListInfo","TranslateText","System.Void DolocTown.Config.Store.StoreItemListInfo::TranslateText(System.Func`3<System.String,System.String,System.String>)","System.Void","System.Func`3<System.String,System.String,System.String> translator","public","False","False","False","False","True","59","0x06006672"
"DolocTown.Config.Store.StoreItemListInfo","ToString","System.String DolocTown.Config.Store.StoreItemListInfo::ToString()","System.String","","public","False","True","False","False","True","59","0x06006673"
"DolocTown.Config.Store.StoreItemSeasonData",".ctor","System.Void DolocTown.Config.Store.StoreItemSeasonData::.ctor(SimpleJSON.JSONNode)","System.Void","SimpleJSON.JSONNode _json","public","False","False","False","True","True","263","0x06006674"
"DolocTown.Config.Store.StoreItemSeasonData",".ctor","System.Void DolocTown.Config.Store.StoreItemSeasonData::.ctor(System.String,System.Int32,System.Boolean,DolocTown.Config.Store.StoreItemSpawnData[])","System.Void","System.String item_name; System.Int32 storage; System.Boolean default_unlock; DolocTown.Config.Store.StoreItemSpawnData[] season_spawn_data","public","False","False","False","True","True","36","0x06006675"
"DolocTown.Config.Store.StoreItemSeasonData","DeserializeStoreItemSeasonData","DolocTown.Config.Store.StoreItemSeasonData DolocTown.Config.Store.StoreItemSeasonData::DeserializeStoreItemSeasonData(SimpleJSON.JSONNode)","DolocTown.Config.Store.StoreItemSeasonData","SimpleJSON.JSONNode _json","public","True","False","False","False","True","7","0x06006676"
"DolocTown.Config.Store.StoreItemSeasonData","get_ItemName","System.String DolocTown.Config.Store.StoreItemSeasonData::get_ItemName()","System.String","","public","False","False","False","False","True","7","0x06006677"
"DolocTown.Config.Store.StoreItemSeasonData","set_ItemName","System.Void DolocTown.Config.Store.StoreItemSeasonData::set_ItemName(System.String)","System.Void","System.String value","private","False","False","False","False","True","8","0x06006678"
"DolocTown.Config.Store.StoreItemSeasonData","get_ItemName_Ref","DolocTown.Config.Item.ItemInfo DolocTown.Config.Store.StoreItemSeasonData::get_ItemName_Ref()","DolocTown.Config.Item.ItemInfo","","public","False","False","False","False","True","7","0x06006679"
"DolocTown.Config.Store.StoreItemSeasonData","set_ItemName_Ref","System.Void DolocTown.Config.Store.StoreItemSeasonData::set_ItemName_Ref(DolocTown.Config.Item.ItemInfo)","System.Void","DolocTown.Config.Item.ItemInfo value","private","False","False","False","False","True","8","0x0600667A"
"DolocTown.Config.Store.StoreItemSeasonData","get_Storage","System.Int32 DolocTown.Config.Store.StoreItemSeasonData::get_Storage()","System.Int32","","public","False","False","False","False","True","7","0x0600667B"
"DolocTown.Config.Store.StoreItemSeasonData","set_Storage","System.Void DolocTown.Config.Store.StoreItemSeasonData::set_Storage(System.Int32)","System.Void","System.Int32 value","private","False","False","False","False","True","8","0x0600667C"
"DolocTown.Config.Store.StoreItemSeasonData","get_DefaultUnlock","System.Boolean DolocTown.Config.Store.StoreItemSeasonData::get_DefaultUnlock()","System.Boolean","","public","False","False","False","False","True","7","0x0600667D"
"DolocTown.Config.Store.StoreItemSeasonData","set_DefaultUnlock","System.Void DolocTown.Config.Store.StoreItemSeasonData::set_DefaultUnlock(System.Boolean)","System.Void","System.Boolean value","private","False","False","False","False","True","8","0x0600667E"
"DolocTown.Config.Store.StoreItemSeasonData","get_SeasonSpawnData","DolocTown.Config.Store.StoreItemSpawnData[] DolocTown.Config.Store.StoreItemSeasonData::get_SeasonSpawnData()","DolocTown.Config.Store.StoreItemSpawnData[]","","public","False","False","False","False","True","7","0x0600667F"
"DolocTown.Config.Store.StoreItemSeasonData","set_SeasonSpawnData","System.Void DolocTown.Config.Store.StoreItemSeasonData::set_SeasonSpawnData(DolocTown.Config.Store.StoreItemSpawnData[])","System.Void","DolocTown.Config.Store.StoreItemSpawnData[] value","private","False","False","False","False","True","8","0x06006680"
"DolocTown.Config.Store.StoreItemSeasonData","GetTypeId","System.Int32 DolocTown.Config.Store.StoreItemSeasonData::GetTypeId()","System.Int32","","public","False","True","False","False","True","6","0x06006681"
"DolocTown.Config.Store.StoreItemSeasonData","Resolve","System.Void DolocTown.Config.Store.StoreItemSeasonData::Resolve(System.Collections.Generic.Dictionary`2<System.String,System.Object>)","System.Void","System.Collections.Generic.Dictionary`2<System.String,System.Object> _tables","public","False","False","False","False","True","70","0x06006682"
"DolocTown.Config.Store.StoreItemSeasonData","TranslateText","System.Void DolocTown.Config.Store.StoreItemSeasonData::TranslateText(System.Func`3<System.String,System.String,System.String>)","System.Void","System.Func`3<System.String,System.String,System.String> translator","public","False","False","False","False","True","37","0x06006683"
"DolocTown.Config.Store.StoreItemSeasonData","ToString","System.String DolocTown.Config.Store.StoreItemSeasonData::ToString()","System.String","","public","False","True","False","False","True","110","0x06006684"
"DolocTown.Config.Store.StoreItemSeasonData","IsFixedInSeason","System.Boolean DolocTown.Config.Store.StoreItemSeasonData::IsFixedInSeason(System.Int32)","System.Boolean","System.Int32 seasonIndex","public","False","False","False","False","True","23","0x06006685"
"DolocTown.Config.Store.StoreItemSeasonData","GetSeasonSpawnData","DolocTown.Config.Store.StoreItemSpawnData DolocTown.Config.Store.StoreItemSeasonData::GetSeasonSpawnData(System.Int32)","DolocTown.Config.Store.StoreItemSpawnData","System.Int32 seasonIndex","public","False","False","False","False","True","15","0x06006686"
"DolocTown.Config.Store.StoreItemSeasonData","get_UnlimitedStorage","System.Boolean DolocTown.Config.Store.StoreItemSeasonData::get_UnlimitedStorage()","System.Boolean","","public","False","False","False","False","True","13","0x06006687"
"DolocTown.Config.Store.StoreItemSeasonData","GetValidSeasonIndex","System.Int32 DolocTown.Config.Store.StoreItemSeasonData::GetValidSeasonIndex(System.Int32)","System.Int32","System.Int32 seasonIndex","private","False","False","False","False","True","18","0x06006688"
"DolocTown.Config.Store.StoreItemSpawnData",".ctor","System.Void DolocTown.Config.Store.StoreItemSpawnData::.ctor(SimpleJSON.JSONNode)","System.Void","SimpleJSON.JSONNode _json","public","False","False","False","True","True","99","0x06006689"
"DolocTown.Config.Store.StoreItemSpawnData",".ctor","System.Void DolocTown.Config.Store.StoreItemSpawnData::.ctor(DolocTown.Config.General.RangeInt,System.Single)","System.Void","DolocTown.Config.General.RangeInt count_range; System.Single spawn_weight","public","False","False","False","True","True","21","0x0600668A"
"DolocTown.Config.Store.StoreItemSpawnData","DeserializeStoreItemSpawnData","DolocTown.Config.Store.StoreItemSpawnData DolocTown.Config.Store.StoreItemSpawnData::DeserializeStoreItemSpawnData(SimpleJSON.JSONNode)","DolocTown.Config.Store.StoreItemSpawnData","SimpleJSON.JSONNode _json","public","True","False","False","False","True","7","0x0600668B"
"DolocTown.Config.Store.StoreItemSpawnData","get_CountRange","DolocTown.Config.General.RangeInt DolocTown.Config.Store.StoreItemSpawnData::get_CountRange()","DolocTown.Config.General.RangeInt","","public","False","False","False","False","True","7","0x0600668C"
"DolocTown.Config.Store.StoreItemSpawnData","set_CountRange","System.Void DolocTown.Config.Store.StoreItemSpawnData::set_CountRange(DolocTown.Config.General.RangeInt)","System.Void","DolocTown.Config.General.RangeInt value","private","False","False","False","False","True","8","0x0600668D"
"DolocTown.Config.Store.StoreItemSpawnData","get_SpawnWeight","System.Single DolocTown.Config.Store.StoreItemSpawnData::get_SpawnWeight()","System.Single","","public","False","False","False","False","True","7","0x0600668E"
"DolocTown.Config.Store.StoreItemSpawnData","set_SpawnWeight","System.Void DolocTown.Config.Store.StoreItemSpawnData::set_SpawnWeight(System.Single)","System.Void","System.Single value","private","False","False","False","False","True","8","0x0600668F"
"DolocTown.Config.Store.StoreItemSpawnData","GetTypeId","System.Int32 DolocTown.Config.Store.StoreItemSpawnData::GetTypeId()","System.Int32","","public","False","True","False","False","True","6","0x06006690"
"DolocTown.Config.Store.StoreItemSpawnData","Resolve","System.Void DolocTown.Config.Store.StoreItemSpawnData::Resolve(System.Collections.Generic.Dictionary`2<System.String,System.Object>)","System.Void","System.Collections.Generic.Dictionary`2<System.String,System.Object> _tables","public","False","False","False","False","True","18","0x06006691"
"DolocTown.Config.Store.StoreItemSpawnData","TranslateText","System.Void DolocTown.Config.Store.StoreItemSpawnData::TranslateText(System.Func`3<System.String,System.String,System.String>)","System.Void","System.Func`3<System.String,System.String,System.String> translator","public","False","False","False","False","True","18","0x06006692"
"DolocTown.Config.Store.StoreItemSpawnData","ToString","System.String DolocTown.Config.Store.StoreItemSpawnData::ToString()","System.String","","public","False","True","False","False","True","74","0x06006693"
"DolocTown.Config.Store.StoreItemUnlockInfo",".ctor","System.Void DolocTown.Config.Store.StoreItemUnlockInfo::.ctor(SimpleJSON.JSONNode)","System.Void","SimpleJSON.JSONNode _json","public","False","False","False","True","True","191","0x06006694"
"DolocTown.Config.Store.StoreItemUnlockInfo",".ctor","System.Void DolocTown.Config.Store.StoreItemUnlockInfo::.ctor(System.String,DolocTown.Config.Store.StoreItemUnlockType,System.String,System.String)","System.Void","System.String id; DolocTown.Config.Store.StoreItemUnlockType condition_type; System.String store_id; System.String unlock_item_name","public","False","False","False","True","True","36","0x06006695"
"DolocTown.Config.Store.StoreItemUnlockInfo","DeserializeStoreItemUnlockInfo","DolocTown.Config.Store.StoreItemUnlockInfo DolocTown.Config.Store.StoreItemUnlockInfo::DeserializeStoreItemUnlockInfo(SimpleJSON.JSONNode)","DolocTown.Config.Store.StoreItemUnlockInfo","SimpleJSON.JSONNode _json","public","True","False","False","False","True","7","0x06006696"
"DolocTown.Config.Store.StoreItemUnlockInfo","get_Id","System.String DolocTown.Config.Store.StoreItemUnlockInfo::get_Id()","System.String","","public","False","False","False","False","True","7","0x06006697"
"DolocTown.Config.Store.StoreItemUnlockInfo","set_Id","System.Void DolocTown.Config.Store.StoreItemUnlockInfo::set_Id(System.String)","System.Void","System.String value","private","False","False","False","False","True","8","0x06006698"
"DolocTown.Config.Store.StoreItemUnlockInfo","get_ConditionType","DolocTown.Config.Store.StoreItemUnlockType DolocTown.Config.Store.StoreItemUnlockInfo::get_ConditionType()","DolocTown.Config.Store.StoreItemUnlockType","","public","False","False","False","False","True","7","0x06006699"
"DolocTown.Config.Store.StoreItemUnlockInfo","set_ConditionType","System.Void DolocTown.Config.Store.StoreItemUnlockInfo::set_ConditionType(DolocTown.Config.Store.StoreItemUnlockType)","System.Void","DolocTown.Config.Store.StoreItemUnlockType value","private","False","False","False","False","True","8","0x0600669A"
"DolocTown.Config.Store.StoreItemUnlockInfo","get_StoreId","System.String DolocTown.Config.Store.StoreItemUnlockInfo::get_StoreId()","System.String","","public","False","False","False","False","True","7","0x0600669B"
"DolocTown.Config.Store.StoreItemUnlockInfo","set_StoreId","System.Void DolocTown.Config.Store.StoreItemUnlockInfo::set_StoreId(System.String)","System.Void","System.String value","private","False","False","False","False","True","8","0x0600669C"
"DolocTown.Config.Store.StoreItemUnlockInfo","get_UnlockItemName","System.String DolocTown.Config.Store.StoreItemUnlockInfo::get_UnlockItemName()","System.String","","public","False","False","False","False","True","7","0x0600669D"
"DolocTown.Config.Store.StoreItemUnlockInfo","set_UnlockItemName","System.Void DolocTown.Config.Store.StoreItemUnlockInfo::set_UnlockItemName(System.String)","System.Void","System.String value","private","False","False","False","False","True","8","0x0600669E"
"DolocTown.Config.Store.StoreItemUnlockInfo","get_UnlockItemName_Ref","DolocTown.Config.Item.ItemInfo DolocTown.Config.Store.StoreItemUnlockInfo::get_UnlockItemName_Ref()","DolocTown.Config.Item.ItemInfo","","public","False","False","False","False","True","7","0x0600669F"
"DolocTown.Config.Store.StoreItemUnlockInfo","set_UnlockItemName_Ref","System.Void DolocTown.Config.Store.StoreItemUnlockInfo::set_UnlockItemName_Ref(DolocTown.Config.Item.ItemInfo)","System.Void","DolocTown.Config.Item.ItemInfo value","private","False","False","False","False","True","8","0x060066A0"
"DolocTown.Config.Store.StoreItemUnlockInfo","GetTypeId","System.Int32 DolocTown.Config.Store.StoreItemUnlockInfo::GetTypeId()","System.Int32","","public","False","True","False","False","True","6","0x060066A1"
"DolocTown.Config.Store.StoreItemUnlockInfo","Resolve","System.Void DolocTown.Config.Store.StoreItemUnlockInfo::Resolve(System.Collections.Generic.Dictionary`2<System.String,System.Object>)","System.Void","System.Collections.Generic.Dictionary`2<System.String,System.Object> _tables","public","False","False","False","False","True","34","0x060066A2"
"DolocTown.Config.Store.StoreItemUnlockInfo","TranslateText","System.Void DolocTown.Config.Store.StoreItemUnlockInfo::TranslateText(System.Func`3<System.String,System.String,System.String>)","System.Void","System.Func`3<System.String,System.String,System.String> translator","public","False","False","False","False","True","1","0x060066A3"
"DolocTown.Config.Store.StoreItemUnlockInfo","ToString","System.String DolocTown.Config.Store.StoreItemUnlockInfo::ToString()","System.String","","public","False","True","False","False","True","103","0x060066A4"
"DolocTown.Config.Store.StorePriceScaleData",".ctor","System.Void DolocTown.Config.Store.StorePriceScaleData::.ctor(SimpleJSON.JSONNode)","System.Void","SimpleJSON.JSONNode _json","public","False","False","False","True","True","236","0x060066A5"
"DolocTown.Config.Store.StorePriceScaleData",".ctor","System.Void DolocTown.Config.Store.StorePriceScaleData::.ctor(System.Single,DolocTown.Config.Store.StoreScaleOfType[])","System.Void","System.Single default_scale; DolocTown.Config.Store.StoreScaleOfType[] scale_by_type","public","False","False","False","True","True","75","0x060066A6"
"DolocTown.Config.Store.StorePriceScaleData","DeserializeStorePriceScaleData","DolocTown.Config.Store.StorePriceScaleData DolocTown.Config.Store.StorePriceScaleData::DeserializeStorePriceScaleData(SimpleJSON.JSONNode)","DolocTown.Config.Store.StorePriceScaleData","SimpleJSON.JSONNode _json","public","True","False","False","False","True","7","0x060066A7"
"DolocTown.Config.Store.StorePriceScaleData","get_DefaultScale","System.Single DolocTown.Config.Store.StorePriceScaleData::get_DefaultScale()","System.Single","","public","False","False","False","False","True","7","0x060066A8"
"DolocTown.Config.Store.StorePriceScaleData","set_DefaultScale","System.Void DolocTown.Config.Store.StorePriceScaleData::set_DefaultScale(System.Single)","System.Void","System.Single value","private","False","False","False","False","True","8","0x060066A9"
"DolocTown.Config.Store.StorePriceScaleData","get_ScaleByType","DolocTown.Config.Store.StoreScaleOfType[] DolocTown.Config.Store.StorePriceScaleData::get_ScaleByType()","DolocTown.Config.Store.StoreScaleOfType[]","","public","False","False","False","False","True","7","0x060066AA"
"DolocTown.Config.Store.StorePriceScaleData","set_ScaleByType","System.Void DolocTown.Config.Store.StorePriceScaleData::set_ScaleByType(DolocTown.Config.Store.StoreScaleOfType[])","System.Void","DolocTown.Config.Store.StoreScaleOfType[] value","private","False","False","False","False","True","8","0x060066AB"
"DolocTown.Config.Store.StorePriceScaleData","GetTypeId","System.Int32 DolocTown.Config.Store.StorePriceScaleData::GetTypeId()","System.Int32","","public","False","True","False","False","True","6","0x060066AC"
"DolocTown.Config.Store.StorePriceScaleData","Resolve","System.Void DolocTown.Config.Store.StorePriceScaleData::Resolve(System.Collections.Generic.Dictionary`2<System.String,System.Object>)","System.Void","System.Collections.Generic.Dictionary`2<System.String,System.Object> _tables","public","False","False","False","False","True","37","0x060066AD"
"DolocTown.Config.Store.StorePriceScaleData","TranslateText","System.Void DolocTown.Config.Store.StorePriceScaleData::TranslateText(System.Func`3<System.String,System.String,System.String>)","System.Void","System.Func`3<System.String,System.String,System.String> translator","public","False","False","False","False","True","37","0x060066AE"
"DolocTown.Config.Store.StorePriceScaleData","ToString","System.String DolocTown.Config.Store.StorePriceScaleData::ToString()","System.String","","public","False","True","False","False","True","67","0x060066AF"
"DolocTown.Config.Store.StorePriceScaleInfo",".ctor","System.Void DolocTown.Config.Store.StorePriceScaleInfo::.ctor(SimpleJSON.JSONNode)","System.Void","SimpleJSON.JSONNode _json","public","False","False","False","True","True","171","0x060066B0"
"DolocTown.Config.Store.StorePriceScaleInfo",".ctor","System.Void DolocTown.Config.Store.StorePriceScaleInfo::.ctor(System.String,DolocTown.Config.Store.StorePriceScaleData[])","System.Void","System.String id; DolocTown.Config.Store.StorePriceScaleData[] season_price_scale","public","False","False","False","True","True","21","0x060066B1"
"DolocTown.Config.Store.StorePriceScaleInfo","DeserializeStorePriceScaleInfo","DolocTown.Config.Store.StorePriceScaleInfo DolocTown.Config.Store.StorePriceScaleInfo::DeserializeStorePriceScaleInfo(SimpleJSON.JSONNode)","DolocTown.Config.Store.StorePriceScaleInfo","SimpleJSON.JSONNode _json","public","True","False","False","False","True","7","0x060066B2"
"DolocTown.Config.Store.StorePriceScaleInfo","get_Id","System.String DolocTown.Config.Store.StorePriceScaleInfo::get_Id()","System.String","","public","False","False","False","False","True","7","0x060066B3"
"DolocTown.Config.Store.StorePriceScaleInfo","set_Id","System.Void DolocTown.Config.Store.StorePriceScaleInfo::set_Id(System.String)","System.Void","System.String value","private","False","False","False","False","True","8","0x060066B4"
"DolocTown.Config.Store.StorePriceScaleInfo","get_SeasonPriceScale","DolocTown.Config.Store.StorePriceScaleData[] DolocTown.Config.Store.StorePriceScaleInfo::get_SeasonPriceScale()","DolocTown.Config.Store.StorePriceScaleData[]","","public","False","False","False","False","True","7","0x060066B5"
"DolocTown.Config.Store.StorePriceScaleInfo","set_SeasonPriceScale","System.Void DolocTown.Config.Store.StorePriceScaleInfo::set_SeasonPriceScale(DolocTown.Config.Store.StorePriceScaleData[])","System.Void","DolocTown.Config.Store.StorePriceScaleData[] value","private","False","False","False","False","True","8","0x060066B6"
"DolocTown.Config.Store.StorePriceScaleInfo","GetTypeId","System.Int32 DolocTown.Config.Store.StorePriceScaleInfo::GetTypeId()","System.Int32","","public","False","True","False","False","True","6","0x060066B7"
"DolocTown.Config.Store.StorePriceScaleInfo","Resolve","System.Void DolocTown.Config.Store.StorePriceScaleInfo::Resolve(System.Collections.Generic.Dictionary`2<System.String,System.Object>)","System.Void","System.Collections.Generic.Dictionary`2<System.String,System.Object> _tables","public","False","False","False","False","True","37","0x060066B8"
"DolocTown.Config.Store.StorePriceScaleInfo","TranslateText","System.Void DolocTown.Config.Store.StorePriceScaleInfo::TranslateText(System.Func`3<System.String,System.String,System.String>)","System.Void","System.Func`3<System.String,System.String,System.String> translator","public","False","False","False","False","True","37","0x060066B9"
"DolocTown.Config.Store.StorePriceScaleInfo","ToString","System.String DolocTown.Config.Store.StorePriceScaleInfo::ToString()","System.String","","public","False","True","False","False","True","59","0x060066BA"
"DolocTown.Config.Store.StoreScaleOfType",".ctor","System.Void DolocTown.Config.Store.StoreScaleOfType::.ctor(SimpleJSON.JSONNode)","System.Void","SimpleJSON.JSONNode _json","public","False","False","False","True","True","99","0x060066BB"
"DolocTown.Config.Store.StoreScaleOfType",".ctor","System.Void DolocTown.Config.Store.StoreScaleOfType::.ctor(System.String,System.Single)","System.Void","System.String item_sub_type; System.Single price_scale","public","False","False","False","True","True","21","0x060066BC"
"DolocTown.Config.Store.StoreScaleOfType","DeserializeStoreScaleOfType","DolocTown.Config.Store.StoreScaleOfType DolocTown.Config.Store.StoreScaleOfType::DeserializeStoreScaleOfType(SimpleJSON.JSONNode)","DolocTown.Config.Store.StoreScaleOfType","SimpleJSON.JSONNode _json","public","True","False","False","False","True","7","0x060066BD"
"DolocTown.Config.Store.StoreScaleOfType","get_ItemSubType","System.String DolocTown.Config.Store.StoreScaleOfType::get_ItemSubType()","System.String","","public","False","False","False","False","True","7","0x060066BE"
"DolocTown.Config.Store.StoreScaleOfType","set_ItemSubType","System.Void DolocTown.Config.Store.StoreScaleOfType::set_ItemSubType(System.String)","System.Void","System.String value","private","False","False","False","False","True","8","0x060066BF"
"DolocTown.Config.Store.StoreScaleOfType","get_ItemSubType_Ref","DolocTown.Config.Item.ItemSubTypeInfo DolocTown.Config.Store.StoreScaleOfType::get_ItemSubType_Ref()","DolocTown.Config.Item.ItemSubTypeInfo","","public","False","False","False","False","True","7","0x060066C0"
"DolocTown.Config.Store.StoreScaleOfType","set_ItemSubType_Ref","System.Void DolocTown.Config.Store.StoreScaleOfType::set_ItemSubType_Ref(DolocTown.Config.Item.ItemSubTypeInfo)","System.Void","DolocTown.Config.Item.ItemSubTypeInfo value","private","False","False","False","False","True","8","0x060066C1"
"DolocTown.Config.Store.StoreScaleOfType","get_PriceScale","System.Single DolocTown.Config.Store.StoreScaleOfType::get_PriceScale()","System.Single","","public","False","False","False","False","True","7","0x060066C2"
"DolocTown.Config.Store.StoreScaleOfType","set_PriceScale","System.Void DolocTown.Config.Store.StoreScaleOfType::set_PriceScale(System.Single)","System.Void","System.Single value","private","False","False","False","False","True","8","0x060066C3"
"DolocTown.Config.Store.StoreScaleOfType","GetTypeId","System.Int32 DolocTown.Config.Store.StoreScaleOfType::GetTypeId()","System.Int32","","public","False","True","False","False","True","6","0x060066C4"
"DolocTown.Config.Store.StoreScaleOfType","Resolve","System.Void DolocTown.Config.Store.StoreScaleOfType::Resolve(System.Collections.Generic.Dictionary`2<System.String,System.Object>)","System.Void","System.Collections.Generic.Dictionary`2<System.String,System.Object> _tables","public","False","False","False","False","True","34","0x060066C5"
"DolocTown.Config.Store.StoreScaleOfType","TranslateText","System.Void DolocTown.Config.Store.StoreScaleOfType::TranslateText(System.Func`3<System.String,System.String,System.String>)","System.Void","System.Func`3<System.String,System.String,System.String> translator","public","False","False","False","False","True","1","0x060066C6"
"DolocTown.Config.Store.StoreScaleOfType","ToString","System.String DolocTown.Config.Store.StoreScaleOfType::ToString()","System.String","","public","False","True","False","False","True","62","0x060066C7"
"DolocTown.Config.Store.StoreSeasonData",".ctor","System.Void DolocTown.Config.Store.StoreSeasonData::.ctor(SimpleJSON.JSONNode)","System.Void","SimpleJSON.JSONNode _json","public","False","False","False","True","True","53","0x060066C8"
"DolocTown.Config.Store.StoreSeasonData",".ctor","System.Void DolocTown.Config.Store.StoreSeasonData::.ctor(DolocTown.Config.General.RangeInt)","System.Void","DolocTown.Config.General.RangeInt random_slots_range","public","False","False","False","True","True","14","0x060066C9"
"DolocTown.Config.Store.StoreSeasonData","DeserializeStoreSeasonData","DolocTown.Config.Store.StoreSeasonData DolocTown.Config.Store.StoreSeasonData::DeserializeStoreSeasonData(SimpleJSON.JSONNode)","DolocTown.Config.Store.StoreSeasonData","SimpleJSON.JSONNode _json","public","True","False","False","False","True","7","0x060066CA"
"DolocTown.Config.Store.StoreSeasonData","get_RandomSlotsRange","DolocTown.Config.General.RangeInt DolocTown.Config.Store.StoreSeasonData::get_RandomSlotsRange()","DolocTown.Config.General.RangeInt","","public","False","False","False","False","True","7","0x060066CB"
"DolocTown.Config.Store.StoreSeasonData","set_RandomSlotsRange","System.Void DolocTown.Config.Store.StoreSeasonData::set_RandomSlotsRange(DolocTown.Config.General.RangeInt)","System.Void","DolocTown.Config.General.RangeInt value","private","False","False","False","False","True","8","0x060066CC"
"DolocTown.Config.Store.StoreSeasonData","GetTypeId","System.Int32 DolocTown.Config.Store.StoreSeasonData::GetTypeId()","System.Int32","","public","False","True","False","False","True","6","0x060066CD"
"DolocTown.Config.Store.StoreSeasonData","Resolve","System.Void DolocTown.Config.Store.StoreSeasonData::Resolve(System.Collections.Generic.Dictionary`2<System.String,System.Object>)","System.Void","System.Collections.Generic.Dictionary`2<System.String,System.Object> _tables","public","False","False","False","False","True","18","0x060066CE"
"DolocTown.Config.Store.StoreSeasonData","TranslateText","System.Void DolocTown.Config.Store.StoreSeasonData::TranslateText(System.Func`3<System.String,System.String,System.String>)","System.Void","System.Func`3<System.String,System.String,System.String> translator","public","False","False","False","False","True","18","0x060066CF"
"DolocTown.Config.Store.StoreSeasonData","ToString","System.String DolocTown.Config.Store.StoreSeasonData::ToString()","System.String","","public","False","True","False","False","True","34","0x060066D0"
"DolocTown.Config.Store.TbExchangeStore",".ctor","System.Void DolocTown.Config.Store.TbExchangeStore::.ctor(SimpleJSON.JSONNode)","System.Void","SimpleJSON.JSONNode _json","public","False","False","False","True","True","135","0x060066D1"
"DolocTown.Config.Store.TbExchangeStore","get_DataMap","System.Collections.Generic.Dictionary`2<System.String,DolocTown.Config.Store.ExchangeStoreInfo> DolocTown.Config.Store.TbExchangeStore::get_DataMap()","System.Collections.Generic.Dictionary`2<System.String,DolocTown.Config.Store.ExchangeStoreInfo>","","public","False","False","False","False","True","7","0x060066D2"
"DolocTown.Config.Store.TbExchangeStore","get_DataList","System.Collections.Generic.List`1<DolocTown.Config.Store.ExchangeStoreInfo> DolocTown.Config.Store.TbExchangeStore::get_DataList()","System.Collections.Generic.List`1<DolocTown.Config.Store.ExchangeStoreInfo>","","public","False","False","False","False","True","7","0x060066D3"
"DolocTown.Config.Store.TbExchangeStore","GetOrDefault","DolocTown.Config.Store.ExchangeStoreInfo DolocTown.Config.Store.TbExchangeStore::GetOrDefault(System.String)","DolocTown.Config.Store.ExchangeStoreInfo","System.String key","public","False","False","False","False","True","20","0x060066D4"
"DolocTown.Config.Store.TbExchangeStore","Get","DolocTown.Config.Store.ExchangeStoreInfo DolocTown.Config.Store.TbExchangeStore::Get(System.String)","DolocTown.Config.Store.ExchangeStoreInfo","System.String key","public","False","False","False","False","True","13","0x060066D5"
"DolocTown.Config.Store.TbExchangeStore","get_Item","DolocTown.Config.Store.ExchangeStoreInfo DolocTown.Config.Store.TbExchangeStore::get_Item(System.String)","DolocTown.Config.Store.ExchangeStoreInfo","System.String key","public","False","False","False","False","True","13","0x060066D6"
"DolocTown.Config.Store.TbExchangeStore","Resolve","System.Void DolocTown.Config.Store.TbExchangeStore::Resolve(System.Collections.Generic.Dictionary`2<System.String,System.Object>)","System.Void","System.Collections.Generic.Dictionary`2<System.String,System.Object> _tables","public","False","False","False","False","True","53","0x060066D7"
"DolocTown.Config.Store.TbExchangeStore","TranslateText","System.Void DolocTown.Config.Store.TbExchangeStore::TranslateText(System.Func`3<System.String,System.String,System.String>)","System.Void","System.Func`3<System.String,System.String,System.String> translator","public","False","False","False","False","True","53","0x060066D8"
"DolocTown.Config.Store.TbStore",".ctor","System.Void DolocTown.Config.Store.TbStore::.ctor(SimpleJSON.JSONNode)","System.Void","SimpleJSON.JSONNode _json","public","False","False","False","True","True","135","0x060066D9"
"DolocTown.Config.Store.TbStore","get_DataMap","System.Collections.Generic.Dictionary`2<System.String,DolocTown.Config.Store.StoreInfo> DolocTown.Config.Store.TbStore::get_DataMap()","System.Collections.Generic.Dictionary`2<System.String,DolocTown.Config.Store.StoreInfo>","","public","False","False","False","False","True","7","0x060066DA"
"DolocTown.Config.Store.TbStore","get_DataList","System.Collections.Generic.List`1<DolocTown.Config.Store.StoreInfo> DolocTown.Config.Store.TbStore::get_DataList()","System.Collections.Generic.List`1<DolocTown.Config.Store.StoreInfo>","","public","False","False","False","False","True","7","0x060066DB"
"DolocTown.Config.Store.TbStore","GetOrDefault","DolocTown.Config.Store.StoreInfo DolocTown.Config.Store.TbStore::GetOrDefault(System.String)","DolocTown.Config.Store.StoreInfo","System.String key","public","False","False","False","False","True","20","0x060066DC"
"DolocTown.Config.Store.TbStore","Get","DolocTown.Config.Store.StoreInfo DolocTown.Config.Store.TbStore::Get(System.String)","DolocTown.Config.Store.StoreInfo","System.String key","public","False","False","False","False","True","13","0x060066DD"
"DolocTown.Config.Store.TbStore","get_Item","DolocTown.Config.Store.StoreInfo DolocTown.Config.Store.TbStore::get_Item(System.String)","DolocTown.Config.Store.StoreInfo","System.String key","public","False","False","False","False","True","13","0x060066DE"
"DolocTown.Config.Store.TbStore","Resolve","System.Void DolocTown.Config.Store.TbStore::Resolve(System.Collections.Generic.Dictionary`2<System.String,System.Object>)","System.Void","System.Collections.Generic.Dictionary`2<System.String,System.Object> _tables","public","False","False","False","False","True","53","0x060066DF"
"DolocTown.Config.Store.TbStore","TranslateText","System.Void DolocTown.Config.Store.TbStore::TranslateText(System.Func`3<System.String,System.String,System.String>)","System.Void","System.Func`3<System.String,System.String,System.String> translator","public","False","False","False","False","True","53","0x060066E0"
"DolocTown.Config.Store.TbStoreItemList",".ctor","System.Void DolocTown.Config.Store.TbStoreItemList::.ctor(SimpleJSON.JSONNode)","System.Void","SimpleJSON.JSONNode _json","public","False","False","False","True","True","135","0x060066E1"
"DolocTown.Config.Store.TbStoreItemList","get_DataMap","System.Collections.Generic.Dictionary`2<System.String,DolocTown.Config.Store.StoreItemListInfo> DolocTown.Config.Store.TbStoreItemList::get_DataMap()","System.Collections.Generic.Dictionary`2<System.String,DolocTown.Config.Store.StoreItemListInfo>","","public","False","False","False","False","True","7","0x060066E2"
"DolocTown.Config.Store.TbStoreItemList","get_DataList","System.Collections.Generic.List`1<DolocTown.Config.Store.StoreItemListInfo> DolocTown.Config.Store.TbStoreItemList::get_DataList()","System.Collections.Generic.List`1<DolocTown.Config.Store.StoreItemListInfo>","","public","False","False","False","False","True","7","0x060066E3"
"DolocTown.Config.Store.TbStoreItemList","GetOrDefault","DolocTown.Config.Store.StoreItemListInfo DolocTown.Config.Store.TbStoreItemList::GetOrDefault(System.String)","DolocTown.Config.Store.StoreItemListInfo","System.String key","public","False","False","False","False","True","20","0x060066E4"
"DolocTown.Config.Store.TbStoreItemList","Get","DolocTown.Config.Store.StoreItemListInfo DolocTown.Config.Store.TbStoreItemList::Get(System.String)","DolocTown.Config.Store.StoreItemListInfo","System.String key","public","False","False","False","False","True","13","0x060066E5"
"DolocTown.Config.Store.TbStoreItemList","get_Item","DolocTown.Config.Store.StoreItemListInfo DolocTown.Config.Store.TbStoreItemList::get_Item(System.String)","DolocTown.Config.Store.StoreItemListInfo","System.String key","public","False","False","False","False","True","13","0x060066E6"
"DolocTown.Config.Store.TbStoreItemList","Resolve","System.Void DolocTown.Config.Store.TbStoreItemList::Resolve(System.Collections.Generic.Dictionary`2<System.String,System.Object>)","System.Void","System.Collections.Generic.Dictionary`2<System.String,System.Object> _tables","public","False","False","False","False","True","53","0x060066E7"
"DolocTown.Config.Store.TbStoreItemList","TranslateText","System.Void DolocTown.Config.Store.TbStoreItemList::TranslateText(System.Func`3<System.String,System.String,System.String>)","System.Void","System.Func`3<System.String,System.String,System.String> translator","public","False","False","False","False","True","53","0x060066E8"
"DolocTown.Config.Store.TbStoreItemUnlock",".ctor","System.Void DolocTown.Config.Store.TbStoreItemUnlock::.ctor(SimpleJSON.JSONNode)","System.Void","SimpleJSON.JSONNode _json","public","False","False","False","True","True","135","0x060066E9"
"DolocTown.Config.Store.TbStoreItemUnlock","get_DataMap","System.Collections.Generic.Dictionary`2<System.String,DolocTown.Config.Store.StoreItemUnlockInfo> DolocTown.Config.Store.TbStoreItemUnlock::get_DataMap()","System.Collections.Generic.Dictionary`2<System.String,DolocTown.Config.Store.StoreItemUnlockInfo>","","public","False","False","False","False","True","7","0x060066EA"
"DolocTown.Config.Store.TbStoreItemUnlock","get_DataList","System.Collections.Generic.List`1<DolocTown.Config.Store.StoreItemUnlockInfo> DolocTown.Config.Store.TbStoreItemUnlock::get_DataList()","System.Collections.Generic.List`1<DolocTown.Config.Store.StoreItemUnlockInfo>","","public","False","False","False","False","True","7","0x060066EB"
"DolocTown.Config.Store.TbStoreItemUnlock","GetOrDefault","DolocTown.Config.Store.StoreItemUnlockInfo DolocTown.Config.Store.TbStoreItemUnlock::GetOrDefault(System.String)","DolocTown.Config.Store.StoreItemUnlockInfo","System.String key","public","False","False","False","False","True","20","0x060066EC"
"DolocTown.Config.Store.TbStoreItemUnlock","Get","DolocTown.Config.Store.StoreItemUnlockInfo DolocTown.Config.Store.TbStoreItemUnlock::Get(System.String)","DolocTown.Config.Store.StoreItemUnlockInfo","System.String key","public","False","False","False","False","True","13","0x060066ED"
"DolocTown.Config.Store.TbStoreItemUnlock","get_Item","DolocTown.Config.Store.StoreItemUnlockInfo DolocTown.Config.Store.TbStoreItemUnlock::get_Item(System.String)","DolocTown.Config.Store.StoreItemUnlockInfo","System.String key","public","False","False","False","False","True","13","0x060066EE"
"DolocTown.Config.Store.TbStoreItemUnlock","Resolve","System.Void DolocTown.Config.Store.TbStoreItemUnlock::Resolve(System.Collections.Generic.Dictionary`2<System.String,System.Object>)","System.Void","System.Collections.Generic.Dictionary`2<System.String,System.Object> _tables","public","False","False","False","False","True","53","0x060066EF"
"DolocTown.Config.Store.TbStoreItemUnlock","TranslateText","System.Void DolocTown.Config.Store.TbStoreItemUnlock::TranslateText(System.Func`3<System.String,System.String,System.String>)","System.Void","System.Func`3<System.String,System.String,System.String> translator","public","False","False","False","False","True","53","0x060066F0"
"DolocTown.Config.Store.TbStorePriceScale",".ctor","System.Void DolocTown.Config.Store.TbStorePriceScale::.ctor(SimpleJSON.JSONNode)","System.Void","SimpleJSON.JSONNode _json","public","False","False","False","True","True","135","0x060066F1"
"DolocTown.Config.Store.TbStorePriceScale","get_DataMap","System.Collections.Generic.Dictionary`2<System.String,DolocTown.Config.Store.StorePriceScaleInfo> DolocTown.Config.Store.TbStorePriceScale::get_DataMap()","System.Collections.Generic.Dictionary`2<System.String,DolocTown.Config.Store.StorePriceScaleInfo>","","public","False","False","False","False","True","7","0x060066F2"
"DolocTown.Config.Store.TbStorePriceScale","get_DataList","System.Collections.Generic.List`1<DolocTown.Config.Store.StorePriceScaleInfo> DolocTown.Config.Store.TbStorePriceScale::get_DataList()","System.Collections.Generic.List`1<DolocTown.Config.Store.StorePriceScaleInfo>","","public","False","False","False","False","True","7","0x060066F3"
"DolocTown.Config.Store.TbStorePriceScale","GetOrDefault","DolocTown.Config.Store.StorePriceScaleInfo DolocTown.Config.Store.TbStorePriceScale::GetOrDefault(System.String)","DolocTown.Config.Store.StorePriceScaleInfo","System.String key","public","False","False","False","False","True","20","0x060066F4"
"DolocTown.Config.Store.TbStorePriceScale","Get","DolocTown.Config.Store.StorePriceScaleInfo DolocTown.Config.Store.TbStorePriceScale::Get(System.String)","DolocTown.Config.Store.StorePriceScaleInfo","System.String key","public","False","False","False","False","True","13","0x060066F5"
"DolocTown.Config.Store.TbStorePriceScale","get_Item","DolocTown.Config.Store.StorePriceScaleInfo DolocTown.Config.Store.TbStorePriceScale::get_Item(System.String)","DolocTown.Config.Store.StorePriceScaleInfo","System.String key","public","False","False","False","False","True","13","0x060066F6"
"DolocTown.Config.Store.TbStorePriceScale","Resolve","System.Void DolocTown.Config.Store.TbStorePriceScale::Resolve(System.Collections.Generic.Dictionary`2<System.String,System.Object>)","System.Void","System.Collections.Generic.Dictionary`2<System.String,System.Object> _tables","public","False","False","False","False","True","53","0x060066F7"
"DolocTown.Config.Store.TbStorePriceScale","TranslateText","System.Void DolocTown.Config.Store.TbStorePriceScale::TranslateText(System.Func`3<System.String,System.String,System.String>)","System.Void","System.Func`3<System.String,System.String,System.String> translator","public","False","False","False","False","True","53","0x060066F8"
"DolocTown.Config.Settings.GlobalParameterInfo","get_DropOffBoxSotreId","System.String DolocTown.Config.Settings.GlobalParameterInfo::get_DropOffBoxSotreId()","System.String","","public","False","False","False","False","True","7","0x060067AC"
"DolocTown.Config.Settings.GlobalParameterInfo","set_DropOffBoxSotreId","System.Void DolocTown.Config.Settings.GlobalParameterInfo::set_DropOffBoxSotreId(System.String)","System.Void","System.String value","private","False","False","False","False","True","8","0x060067AD"
"DolocTown.Config.Settings.GlobalParameterInfo","get_SeedStoreIds","System.String[] DolocTown.Config.Settings.GlobalParameterInfo::get_SeedStoreIds()","System.String[]","","public","False","False","False","False","True","7","0x060067AE"
"DolocTown.Config.Settings.GlobalParameterInfo","set_SeedStoreIds","System.Void DolocTown.Config.Settings.GlobalParameterInfo::set_SeedStoreIds(System.String[])","System.Void","System.String[] value","private","False","False","False","False","True","8","0x060067AF"
"DolocTown.Config.Settings.GlobalParameterInfo","get_SeedStoreIds_Ref","DolocTown.Config.Store.StoreInfo[] DolocTown.Config.Settings.GlobalParameterInfo::get_SeedStoreIds_Ref()","DolocTown.Config.Store.StoreInfo[]","","public","False","False","False","False","True","7","0x060067B0"
"DolocTown.Config.Settings.GlobalParameterInfo","set_SeedStoreIds_Ref","System.Void DolocTown.Config.Settings.GlobalParameterInfo::set_SeedStoreIds_Ref(DolocTown.Config.Store.StoreInfo[])","System.Void","DolocTown.Config.Store.StoreInfo[] value","private","False","False","False","False","True","8","0x060067B1"
"DolocTown.Config.Settings.GlobalParameterInfo","get_HighLevelResourceMinProbabilityInDungeon","System.Single DolocTown.Config.Settings.GlobalParameterInfo::get_HighLevelResourceMinProbabilityInDungeon()","System.Single","","public","False","False","False","False","True","7","0x06006879"
"DolocTown.Config.Settings.GlobalParameterInfo","set_HighLevelResourceMinProbabilityInDungeon","System.Void DolocTown.Config.Settings.GlobalParameterInfo::set_HighLevelResourceMinProbabilityInDungeon(System.Single)","System.Void","System.Single value","private","False","False","False","False","True","8","0x0600687A"
"DolocTown.Config.Settings.GlobalParameterInfo","get_MotorDropMaxSpeed","System.Single DolocTown.Config.Settings.GlobalParameterInfo::get_MotorDropMaxSpeed()","System.Single","","public","False","False","False","False","True","7","0x060068CB"
"DolocTown.Config.Settings.GlobalParameterInfo","set_MotorDropMaxSpeed","System.Void DolocTown.Config.Settings.GlobalParameterInfo::set_MotorDropMaxSpeed(System.Single)","System.Void","System.Single value","private","False","False","False","False","True","8","0x060068CC"
"DolocTown.Config.Settings.GlobalParameterInfo","get_MotorEnduranceDuration","System.Single DolocTown.Config.Settings.GlobalParameterInfo::get_MotorEnduranceDuration()","System.Single","","public","False","False","False","False","True","7","0x060068D9"
"DolocTown.Config.Settings.GlobalParameterInfo","set_MotorEnduranceDuration","System.Void DolocTown.Config.Settings.GlobalParameterInfo::set_MotorEnduranceDuration(System.Single)","System.Void","System.Single value","private","False","False","False","False","True","8","0x060068DA"
"DolocTown.Config.Settings.GlobalParameterInfo","get_MotorEnduranceRecv","System.Single DolocTown.Config.Settings.GlobalParameterInfo::get_MotorEnduranceRecv()","System.Single","","public","False","False","False","False","True","7","0x060068DB"
"DolocTown.Config.Settings.GlobalParameterInfo","set_MotorEnduranceRecv","System.Void DolocTown.Config.Settings.GlobalParameterInfo::set_MotorEnduranceRecv(System.Single)","System.Void","System.Single value","private","False","False","False","False","True","8","0x060068DC"
"DolocTown.Config.Settings.TbGlobalParameter","get_DropOffBoxSotreId","System.String DolocTown.Config.Settings.TbGlobalParameter::get_DropOffBoxSotreId()","System.String","","public","False","False","False","False","True","12","0x06006A08"
"DolocTown.Config.Settings.TbGlobalParameter","get_SeedStoreIds","System.String[] DolocTown.Config.Settings.TbGlobalParameter::get_SeedStoreIds()","System.String[]","","public","False","False","False","False","True","12","0x06006A09"
"DolocTown.Config.Settings.TbGlobalParameter","get_HighLevelResourceMinProbabilityInDungeon","System.Single DolocTown.Config.Settings.TbGlobalParameter::get_HighLevelResourceMinProbabilityInDungeon()","System.Single","","public","False","False","False","False","True","12","0x06006A63"
"DolocTown.Config.Settings.TbGlobalParameter","get_MotorDropMaxSpeed","System.Single DolocTown.Config.Settings.TbGlobalParameter::get_MotorDropMaxSpeed()","System.Single","","public","False","False","False","False","True","12","0x06006A8C"
"DolocTown.Config.Settings.TbGlobalParameter","get_MotorEnduranceDuration","System.Single DolocTown.Config.Settings.TbGlobalParameter::get_MotorEnduranceDuration()","System.Single","","public","False","False","False","False","True","12","0x06006A93"
"DolocTown.Config.Settings.TbGlobalParameter","get_MotorEnduranceRecv","System.Single DolocTown.Config.Settings.TbGlobalParameter::get_MotorEnduranceRecv()","System.Single","","public","False","False","False","False","True","12","0x06006A94"
"DolocTown.Config.Room.EnvObjectSpawnData","get_ObjectId_Ref","DolocTown.Config.Resource.EnvObjectInfo DolocTown.Config.Room.EnvObjectSpawnData::get_ObjectId_Ref()","DolocTown.Config.Resource.EnvObjectInfo","","public","False","False","False","False","True","7","0x06006B54"
"DolocTown.Config.Room.EnvObjectSpawnData","set_ObjectId_Ref","System.Void DolocTown.Config.Room.EnvObjectSpawnData::set_ObjectId_Ref(DolocTown.Config.Resource.EnvObjectInfo)","System.Void","DolocTown.Config.Resource.EnvObjectInfo value","private","False","False","False","False","True","8","0x06006B55"
"DolocTown.Config.Room.RoomConstructInfo","get_AllowBuildResource","System.Boolean DolocTown.Config.Room.RoomConstructInfo::get_AllowBuildResource()","System.Boolean","","public","False","False","False","False","True","7","0x06006C1E"
"DolocTown.Config.Room.RoomConstructInfo","set_AllowBuildResource","System.Void DolocTown.Config.Room.RoomConstructInfo::set_AllowBuildResource(System.Boolean)","System.Void","System.Boolean value","private","False","False","False","False","True","8","0x06006C1F"
"DolocTown.Config.Room.RoomConstructInfo","get_ConstrainResource","System.Boolean DolocTown.Config.Room.RoomConstructInfo::get_ConstrainResource()","System.Boolean","","public","False","False","False","False","True","7","0x06006C20"
"DolocTown.Config.Room.RoomConstructInfo","set_ConstrainResource","System.Void DolocTown.Config.Room.RoomConstructInfo::set_ConstrainResource(System.Boolean)","System.Void","System.Boolean value","private","False","False","False","False","True","8","0x06006C21"
"DolocTown.Config.Room.RoomEffectInfo","get_IgnoreSeason","System.Boolean DolocTown.Config.Room.RoomEffectInfo::get_IgnoreSeason()","System.Boolean","","public","False","False","False","False","True","7","0x06006C37"
"DolocTown.Config.Room.RoomEffectInfo","set_IgnoreSeason","System.Void DolocTown.Config.Room.RoomEffectInfo::set_IgnoreSeason(System.Boolean)","System.Void","System.Boolean value","private","False","False","False","False","True","8","0x06006C38"
"DolocTown.Config.Room.RoomEffectInfo","get_IgnoreSeasonFungus","System.Boolean DolocTown.Config.Room.RoomEffectInfo::get_IgnoreSeasonFungus()","System.Boolean","","public","False","False","False","False","True","7","0x06006C39"
"DolocTown.Config.Room.RoomEffectInfo","set_IgnoreSeasonFungus","System.Void DolocTown.Config.Room.RoomEffectInfo::set_IgnoreSeasonFungus(System.Boolean)","System.Void","System.Boolean value","private","False","False","False","False","True","8","0x06006C3A"
"DolocTown.Config.Room.RoomSpawnInfo",".ctor","System.Void DolocTown.Config.Room.RoomSpawnInfo::.ctor(DolocTown.Config.Resource.ResourceSpawnEntry,DolocTown.Config.Resource.VegetationSpawnEntry,DolocTown.Config.Monster.MonsterSpawnEntry,DolocTown.Config.Resource.EnvObjectSpawnEntry)","System.Void","DolocTown.Config.Resource.ResourceSpawnEntry resource_spawn_entry; DolocTown.Config.Resource.VegetationSpawnEntry vegetation_spawn_entry; DolocTown.Config.Monster.MonsterSpawnEntry monster_spawn_entry; DolocTown.Config.Resource.EnvObjectSpawnEntry env_object_spawn_entry","public","False","False","False","True","True","36","0x06006C55"
"DolocTown.Config.Room.RoomSpawnInfo","get_ResourceSpawnEntry","DolocTown.Config.Resource.ResourceSpawnEntry DolocTown.Config.Room.RoomSpawnInfo::get_ResourceSpawnEntry()","DolocTown.Config.Resource.ResourceSpawnEntry","","public","False","False","False","False","True","7","0x06006C57"
"DolocTown.Config.Room.RoomSpawnInfo","set_ResourceSpawnEntry","System.Void DolocTown.Config.Room.RoomSpawnInfo::set_ResourceSpawnEntry(DolocTown.Config.Resource.ResourceSpawnEntry)","System.Void","DolocTown.Config.Resource.ResourceSpawnEntry value","private","False","False","False","False","True","8","0x06006C58"
"DolocTown.Config.Room.RoomSpawnInfo","get_VegetationSpawnEntry","DolocTown.Config.Resource.VegetationSpawnEntry DolocTown.Config.Room.RoomSpawnInfo::get_VegetationSpawnEntry()","DolocTown.Config.Resource.VegetationSpawnEntry","","public","False","False","False","False","True","7","0x06006C59"
"DolocTown.Config.Room.RoomSpawnInfo","set_VegetationSpawnEntry","System.Void DolocTown.Config.Room.RoomSpawnInfo::set_VegetationSpawnEntry(DolocTown.Config.Resource.VegetationSpawnEntry)","System.Void","DolocTown.Config.Resource.VegetationSpawnEntry value","private","False","False","False","False","True","8","0x06006C5A"
"DolocTown.Config.Room.RoomSpawnInfo","get_EnvObjectSpawnEntry","DolocTown.Config.Resource.EnvObjectSpawnEntry DolocTown.Config.Room.RoomSpawnInfo::get_EnvObjectSpawnEntry()","DolocTown.Config.Resource.EnvObjectSpawnEntry","","public","False","False","False","False","True","7","0x06006C5D"
"DolocTown.Config.Room.RoomSpawnInfo","set_EnvObjectSpawnEntry","System.Void DolocTown.Config.Room.RoomSpawnInfo::set_EnvObjectSpawnEntry(DolocTown.Config.Resource.EnvObjectSpawnEntry)","System.Void","DolocTown.Config.Resource.EnvObjectSpawnEntry value","private","False","False","False","False","True","8","0x06006C5E"
"DolocTown.Config.Resource.EnvObjectInfo",".ctor","System.Void DolocTown.Config.Resource.EnvObjectInfo::.ctor(SimpleJSON.JSONNode)","System.Void","SimpleJSON.JSONNode _json","public","False","False","False","True","True","293","0x06006D2B"
"DolocTown.Config.Resource.EnvObjectInfo",".ctor","System.Void DolocTown.Config.Resource.EnvObjectInfo::.ctor(System.String,DolocTown.Config.Resource.EnvObjectType,DolocTown.SpriteAsset,DolocTown.AnimatorAsset,System.Single,System.Single)","System.Void","System.String id; DolocTown.Config.Resource.EnvObjectType type; DolocTown.SpriteAsset sprite_asset; DolocTown.AnimatorAsset animator_asset; System.Single radius; System.Single speed","public","False","False","False","True","True","52","0x06006D2C"
"DolocTown.Config.Resource.EnvObjectInfo","DeserializeEnvObjectInfo","DolocTown.Config.Resource.EnvObjectInfo DolocTown.Config.Resource.EnvObjectInfo::DeserializeEnvObjectInfo(SimpleJSON.JSONNode)","DolocTown.Config.Resource.EnvObjectInfo","SimpleJSON.JSONNode _json","public","True","False","False","False","True","7","0x06006D2D"
"DolocTown.Config.Resource.EnvObjectInfo","get_Id","System.String DolocTown.Config.Resource.EnvObjectInfo::get_Id()","System.String","","public","False","False","False","False","True","7","0x06006D2E"
"DolocTown.Config.Resource.EnvObjectInfo","set_Id","System.Void DolocTown.Config.Resource.EnvObjectInfo::set_Id(System.String)","System.Void","System.String value","private","False","False","False","False","True","8","0x06006D2F"
"DolocTown.Config.Resource.EnvObjectInfo","get_Type","DolocTown.Config.Resource.EnvObjectType DolocTown.Config.Resource.EnvObjectInfo::get_Type()","DolocTown.Config.Resource.EnvObjectType","","public","False","False","False","False","True","7","0x06006D30"
"DolocTown.Config.Resource.EnvObjectInfo","set_Type","System.Void DolocTown.Config.Resource.EnvObjectInfo::set_Type(DolocTown.Config.Resource.EnvObjectType)","System.Void","DolocTown.Config.Resource.EnvObjectType value","private","False","False","False","False","True","8","0x06006D31"
"DolocTown.Config.Resource.EnvObjectInfo","get_SpriteAsset","DolocTown.SpriteAsset DolocTown.Config.Resource.EnvObjectInfo::get_SpriteAsset()","DolocTown.SpriteAsset","","public","False","False","False","False","True","7","0x06006D32"
"DolocTown.Config.Resource.EnvObjectInfo","set_SpriteAsset","System.Void DolocTown.Config.Resource.EnvObjectInfo::set_SpriteAsset(DolocTown.SpriteAsset)","System.Void","DolocTown.SpriteAsset value","private","False","False","False","False","True","8","0x06006D33"
"DolocTown.Config.Resource.EnvObjectInfo","get_AnimatorAsset","DolocTown.AnimatorAsset DolocTown.Config.Resource.EnvObjectInfo::get_AnimatorAsset()","DolocTown.AnimatorAsset","","public","False","False","False","False","True","7","0x06006D34"
"DolocTown.Config.Resource.EnvObjectInfo","set_AnimatorAsset","System.Void DolocTown.Config.Resource.EnvObjectInfo::set_AnimatorAsset(DolocTown.AnimatorAsset)","System.Void","DolocTown.AnimatorAsset value","private","False","False","False","False","True","8","0x06006D35"
"DolocTown.Config.Resource.EnvObjectInfo","get_Radius","System.Single DolocTown.Config.Resource.EnvObjectInfo::get_Radius()","System.Single","","public","False","False","False","False","True","7","0x06006D36"
"DolocTown.Config.Resource.EnvObjectInfo","set_Radius","System.Void DolocTown.Config.Resource.EnvObjectInfo::set_Radius(System.Single)","System.Void","System.Single value","private","False","False","False","False","True","8","0x06006D37"
"DolocTown.Config.Resource.EnvObjectInfo","get_Speed","System.Single DolocTown.Config.Resource.EnvObjectInfo::get_Speed()","System.Single","","public","False","False","False","False","True","7","0x06006D38"
"DolocTown.Config.Resource.EnvObjectInfo","set_Speed","System.Void DolocTown.Config.Resource.EnvObjectInfo::set_Speed(System.Single)","System.Void","System.Single value","private","False","False","False","False","True","8","0x06006D39"
"DolocTown.Config.Resource.EnvObjectInfo","GetTypeId","System.Int32 DolocTown.Config.Resource.EnvObjectInfo::GetTypeId()","System.Int32","","public","False","True","False","False","True","6","0x06006D3A"
"DolocTown.Config.Resource.EnvObjectInfo","Resolve","System.Void DolocTown.Config.Resource.EnvObjectInfo::Resolve(System.Collections.Generic.Dictionary`2<System.String,System.Object>)","System.Void","System.Collections.Generic.Dictionary`2<System.String,System.Object> _tables","public","False","False","False","False","True","1","0x06006D3B"
"DolocTown.Config.Resource.EnvObjectInfo","TranslateText","System.Void DolocTown.Config.Resource.EnvObjectInfo::TranslateText(System.Func`3<System.String,System.String,System.String>)","System.Void","System.Func`3<System.String,System.String,System.String> translator","public","False","False","False","False","True","1","0x06006D3C"
"DolocTown.Config.Resource.EnvObjectInfo","ToString","System.String DolocTown.Config.Resource.EnvObjectInfo::ToString()","System.String","","public","False","True","False","False","True","181","0x06006D3D"
"DolocTown.Config.Resource.EnvObjectSpawnEntry",".ctor","System.Void DolocTown.Config.Resource.EnvObjectSpawnEntry::.ctor(SimpleJSON.JSONNode)","System.Void","SimpleJSON.JSONNode _json","public","False","False","False","True","True","99","0x06006D3E"
"DolocTown.Config.Resource.EnvObjectSpawnEntry",".ctor","System.Void DolocTown.Config.Resource.EnvObjectSpawnEntry::.ctor(System.String,DolocTown.Config.General.RangeInt)","System.Void","System.String spawn_lut; DolocTown.Config.General.RangeInt count_range","public","False","False","False","True","True","21","0x06006D3F"
"DolocTown.Config.Resource.EnvObjectSpawnEntry","DeserializeEnvObjectSpawnEntry","DolocTown.Config.Resource.EnvObjectSpawnEntry DolocTown.Config.Resource.EnvObjectSpawnEntry::DeserializeEnvObjectSpawnEntry(SimpleJSON.JSONNode)","DolocTown.Config.Resource.EnvObjectSpawnEntry","SimpleJSON.JSONNode _json","public","True","False","False","False","True","7","0x06006D40"
"DolocTown.Config.Resource.EnvObjectSpawnEntry","get_SpawnLut","System.String DolocTown.Config.Resource.EnvObjectSpawnEntry::get_SpawnLut()","System.String","","public","False","False","False","False","True","7","0x06006D41"
"DolocTown.Config.Resource.EnvObjectSpawnEntry","set_SpawnLut","System.Void DolocTown.Config.Resource.EnvObjectSpawnEntry::set_SpawnLut(System.String)","System.Void","System.String value","private","False","False","False","False","True","8","0x06006D42"
"DolocTown.Config.Resource.EnvObjectSpawnEntry","get_SpawnLut_Ref","DolocTown.Config.Resource.EnvObjectSpawnInfo DolocTown.Config.Resource.EnvObjectSpawnEntry::get_SpawnLut_Ref()","DolocTown.Config.Resource.EnvObjectSpawnInfo","","public","False","False","False","False","True","7","0x06006D43"
"DolocTown.Config.Resource.EnvObjectSpawnEntry","set_SpawnLut_Ref","System.Void DolocTown.Config.Resource.EnvObjectSpawnEntry::set_SpawnLut_Ref(DolocTown.Config.Resource.EnvObjectSpawnInfo)","System.Void","DolocTown.Config.Resource.EnvObjectSpawnInfo value","private","False","False","False","False","True","8","0x06006D44"
"DolocTown.Config.Resource.EnvObjectSpawnEntry","get_CountRange","DolocTown.Config.General.RangeInt DolocTown.Config.Resource.EnvObjectSpawnEntry::get_CountRange()","DolocTown.Config.General.RangeInt","","public","False","False","False","False","True","7","0x06006D45"
"DolocTown.Config.Resource.EnvObjectSpawnEntry","set_CountRange","System.Void DolocTown.Config.Resource.EnvObjectSpawnEntry::set_CountRange(DolocTown.Config.General.RangeInt)","System.Void","DolocTown.Config.General.RangeInt value","private","False","False","False","False","True","8","0x06006D46"
"DolocTown.Config.Resource.EnvObjectSpawnEntry","GetTypeId","System.Int32 DolocTown.Config.Resource.EnvObjectSpawnEntry::GetTypeId()","System.Int32","","public","False","True","False","False","True","6","0x06006D47"
"DolocTown.Config.Resource.EnvObjectSpawnEntry","Resolve","System.Void DolocTown.Config.Resource.EnvObjectSpawnEntry::Resolve(System.Collections.Generic.Dictionary`2<System.String,System.Object>)","System.Void","System.Collections.Generic.Dictionary`2<System.String,System.Object> _tables","public","False","False","False","False","True","51","0x06006D48"
"DolocTown.Config.Resource.EnvObjectSpawnEntry","TranslateText","System.Void DolocTown.Config.Resource.EnvObjectSpawnEntry::TranslateText(System.Func`3<System.String,System.String,System.String>)","System.Void","System.Func`3<System.String,System.String,System.String> translator","public","False","False","False","False","True","18","0x06006D49"
"DolocTown.Config.Resource.EnvObjectSpawnEntry","ToString","System.String DolocTown.Config.Resource.EnvObjectSpawnEntry::ToString()","System.String","","public","False","True","False","False","True","66","0x06006D4A"
"DolocTown.Config.Resource.EnvObjectSpawnEntry","get_IsEmpty","System.Boolean DolocTown.Config.Resource.EnvObjectSpawnEntry::get_IsEmpty()","System.Boolean","","public","False","False","False","False","True","25","0x06006D4B"
"DolocTown.Config.Resource.EnvObjectSpawnInfo",".ctor","System.Void DolocTown.Config.Resource.EnvObjectSpawnInfo::.ctor(SimpleJSON.JSONNode)","System.Void","SimpleJSON.JSONNode _json","public","False","False","False","True","True","247","0x06006D4C"
"DolocTown.Config.Resource.EnvObjectSpawnInfo",".ctor","System.Void DolocTown.Config.Resource.EnvObjectSpawnInfo::.ctor(System.String,System.Collections.Generic.List`1<DolocTown.Config.Room.EnvObjectSpawnData>)","System.Void","System.String id; System.Collections.Generic.List`1<DolocTown.Config.Room.EnvObjectSpawnData> spawn_datas","public","False","False","False","True","True","97","0x06006D4D"
"DolocTown.Config.Resource.EnvObjectSpawnInfo","DeserializeEnvObjectSpawnInfo","DolocTown.Config.Resource.EnvObjectSpawnInfo DolocTown.Config.Resource.EnvObjectSpawnInfo::DeserializeEnvObjectSpawnInfo(SimpleJSON.JSONNode)","DolocTown.Config.Resource.EnvObjectSpawnInfo","SimpleJSON.JSONNode _json","public","True","False","False","False","True","7","0x06006D4E"
"DolocTown.Config.Resource.EnvObjectSpawnInfo","get_Id","System.String DolocTown.Config.Resource.EnvObjectSpawnInfo::get_Id()","System.String","","public","False","False","False","False","True","7","0x06006D4F"
"DolocTown.Config.Resource.EnvObjectSpawnInfo","set_Id","System.Void DolocTown.Config.Resource.EnvObjectSpawnInfo::set_Id(System.String)","System.Void","System.String value","private","False","False","False","False","True","8","0x06006D50"
"DolocTown.Config.Resource.EnvObjectSpawnInfo","get_SpawnDatas","System.Collections.Generic.List`1<DolocTown.Config.Room.EnvObjectSpawnData> DolocTown.Config.Resource.EnvObjectSpawnInfo::get_SpawnDatas()","System.Collections.Generic.List`1<DolocTown.Config.Room.EnvObjectSpawnData>","","public","False","False","False","False","True","7","0x06006D51"
"DolocTown.Config.Resource.EnvObjectSpawnInfo","set_SpawnDatas","System.Void DolocTown.Config.Resource.EnvObjectSpawnInfo::set_SpawnDatas(System.Collections.Generic.List`1<DolocTown.Config.Room.EnvObjectSpawnData>)","System.Void","System.Collections.Generic.List`1<DolocTown.Config.Room.EnvObjectSpawnData> value","private","False","False","False","False","True","8","0x06006D52"
"DolocTown.Config.Resource.EnvObjectSpawnInfo","GetTypeId","System.Int32 DolocTown.Config.Resource.EnvObjectSpawnInfo::GetTypeId()","System.Int32","","public","False","True","False","False","True","6","0x06006D53"
"DolocTown.Config.Resource.EnvObjectSpawnInfo","Resolve","System.Void DolocTown.Config.Resource.EnvObjectSpawnInfo::Resolve(System.Collections.Generic.Dictionary`2<System.String,System.Object>)","System.Void","System.Collections.Generic.Dictionary`2<System.String,System.Object> _tables","public","False","False","False","False","True","65","0x06006D54"
"DolocTown.Config.Resource.EnvObjectSpawnInfo","TranslateText","System.Void DolocTown.Config.Resource.EnvObjectSpawnInfo::TranslateText(System.Func`3<System.String,System.String,System.String>)","System.Void","System.Func`3<System.String,System.String,System.String> translator","public","False","False","False","False","True","59","0x06006D55"
"DolocTown.Config.Resource.EnvObjectSpawnInfo","ToString","System.String DolocTown.Config.Resource.EnvObjectSpawnInfo::ToString()","System.String","","public","False","True","False","False","True","59","0x06006D56"
"DolocTown.Config.Resource.EnvObjectSpawnInfo","PostResolve","System.Void DolocTown.Config.Resource.EnvObjectSpawnInfo::PostResolve()","System.Void","","private","False","False","False","False","True","66","0x06006D57"
"DolocTown.Config.Resource.EnvObjectSpawnInfo","get_Ceiling","System.Int32 DolocTown.Config.Resource.EnvObjectSpawnInfo::get_Ceiling()","System.Int32","","public","False","True","False","False","True","7","0x06006D58"
"DolocTown.Config.Resource.EnvObjectSpawnInfo","set_Ceiling","System.Void DolocTown.Config.Resource.EnvObjectSpawnInfo::set_Ceiling(System.Int32)","System.Void","System.Int32 value","private","False","False","False","False","True","8","0x06006D59"
"DolocTown.Config.Resource.EnvObjectSpawnInfo","get_SpawnDataList","System.Collections.Generic.List`1<DolocTown.Config.Global.SpawnData> DolocTown.Config.Resource.EnvObjectSpawnInfo::get_SpawnDataList()","System.Collections.Generic.List`1<DolocTown.Config.Global.SpawnData>","","public","False","True","False","False","True","7","0x06006D5A"
"DolocTown.Config.Resource.EnvObjectSpawnInfo","set_SpawnDataList","System.Void DolocTown.Config.Resource.EnvObjectSpawnInfo::set_SpawnDataList(System.Collections.Generic.List`1<DolocTown.Config.Global.SpawnData>)","System.Void","System.Collections.Generic.List`1<DolocTown.Config.Global.SpawnData> value","private","False","False","False","False","True","8","0x06006D5B"
"DolocTown.Config.Resource.EnvObjectSpawnInfo/<>c",".cctor","System.Void DolocTown.Config.Resource.EnvObjectSpawnInfo/<>c::.cctor()","System.Void","","private","True","False","False","True","True","11","0x0600A6FA"
"DolocTown.Config.Resource.EnvObjectSpawnInfo/<>c",".ctor","System.Void DolocTown.Config.Resource.EnvObjectSpawnInfo/<>c::.ctor()","System.Void","","public","False","False","False","True","True","7","0x0600A6FB"
"DolocTown.Config.Resource.EnvObjectSpawnInfo/<>c","<PostResolve>b__18_0","DolocTown.Config.Global.SpawnData DolocTown.Config.Resource.EnvObjectSpawnInfo/<>c::<PostResolve>b__18_0(DolocTown.Config.Room.EnvObjectSpawnData)","DolocTown.Config.Global.SpawnData","DolocTown.Config.Room.EnvObjectSpawnData x","internal","False","False","False","False","True","2","0x0600A6FC"
"DolocTown.Config.Resource.GlobalGuaranteedInfo",".ctor","System.Void DolocTown.Config.Resource.GlobalGuaranteedInfo::.ctor(SimpleJSON.JSONNode)","System.Void","SimpleJSON.JSONNode _json","public","False","False","False","True","True","375","0x06006D5C"
"DolocTown.Config.Resource.GlobalGuaranteedInfo",".ctor","System.Void DolocTown.Config.Resource.GlobalGuaranteedInfo::.ctor(DolocTown.Config.Resource.GuaranteedType,System.String,System.Int32,System.Boolean,System.Boolean,System.Int32,System.Boolean,System.Int32)","System.Void","DolocTown.Config.Resource.GuaranteedType type; System.String spawn_id; System.Int32 global_limit; System.Boolean default_locked; System.Boolean viewable; System.Int32 active_count; System.Boolean should_consume_guarantee; System.Int32 guarantee_threshold","public","False","False","False","True","True","68","0x06006D5D"
"DolocTown.Config.Resource.GlobalGuaranteedInfo","DeserializeGlobalGuaranteedInfo","DolocTown.Config.Resource.GlobalGuaranteedInfo DolocTown.Config.Resource.GlobalGuaranteedInfo::DeserializeGlobalGuaranteedInfo(SimpleJSON.JSONNode)","DolocTown.Config.Resource.GlobalGuaranteedInfo","SimpleJSON.JSONNode _json","public","True","False","False","False","True","7","0x06006D5E"
"DolocTown.Config.Resource.GlobalGuaranteedInfo","get_Type","DolocTown.Config.Resource.GuaranteedType DolocTown.Config.Resource.GlobalGuaranteedInfo::get_Type()","DolocTown.Config.Resource.GuaranteedType","","public","False","False","False","False","True","7","0x06006D5F"
"DolocTown.Config.Resource.GlobalGuaranteedInfo","set_Type","System.Void DolocTown.Config.Resource.GlobalGuaranteedInfo::set_Type(DolocTown.Config.Resource.GuaranteedType)","System.Void","DolocTown.Config.Resource.GuaranteedType value","private","False","False","False","False","True","8","0x06006D60"
"DolocTown.Config.Resource.GlobalGuaranteedInfo","get_SpawnId","System.String DolocTown.Config.Resource.GlobalGuaranteedInfo::get_SpawnId()","System.String","","public","False","False","False","False","True","7","0x06006D61"
"DolocTown.Config.Resource.GlobalGuaranteedInfo","set_SpawnId","System.Void DolocTown.Config.Resource.GlobalGuaranteedInfo::set_SpawnId(System.String)","System.Void","System.String value","private","False","False","False","False","True","8","0x06006D62"
"DolocTown.Config.Resource.GlobalGuaranteedInfo","get_SpawnId_Ref","DolocTown.Config.Item.ItemInfo DolocTown.Config.Resource.GlobalGuaranteedInfo::get_SpawnId_Ref()","DolocTown.Config.Item.ItemInfo","","public","False","False","False","False","True","7","0x06006D63"
"DolocTown.Config.Resource.GlobalGuaranteedInfo","set_SpawnId_Ref","System.Void DolocTown.Config.Resource.GlobalGuaranteedInfo::set_SpawnId_Ref(DolocTown.Config.Item.ItemInfo)","System.Void","DolocTown.Config.Item.ItemInfo value","private","False","False","False","False","True","8","0x06006D64"
"DolocTown.Config.Resource.GlobalGuaranteedInfo","get_GlobalLimit","System.Int32 DolocTown.Config.Resource.GlobalGuaranteedInfo::get_GlobalLimit()","System.Int32","","public","False","False","False","False","True","7","0x06006D65"
"DolocTown.Config.Resource.GlobalGuaranteedInfo","set_GlobalLimit","System.Void DolocTown.Config.Resource.GlobalGuaranteedInfo::set_GlobalLimit(System.Int32)","System.Void","System.Int32 value","private","False","False","False","False","True","8","0x06006D66"
"DolocTown.Config.Resource.GlobalGuaranteedInfo","get_DefaultLocked","System.Boolean DolocTown.Config.Resource.GlobalGuaranteedInfo::get_DefaultLocked()","System.Boolean","","public","False","False","False","False","True","7","0x06006D67"
"DolocTown.Config.Resource.GlobalGuaranteedInfo","set_DefaultLocked","System.Void DolocTown.Config.Resource.GlobalGuaranteedInfo::set_DefaultLocked(System.Boolean)","System.Void","System.Boolean value","private","False","False","False","False","True","8","0x06006D68"
"DolocTown.Config.Resource.GlobalGuaranteedInfo","get_Viewable","System.Boolean DolocTown.Config.Resource.GlobalGuaranteedInfo::get_Viewable()","System.Boolean","","public","False","False","False","False","True","7","0x06006D69"
"DolocTown.Config.Resource.GlobalGuaranteedInfo","set_Viewable","System.Void DolocTown.Config.Resource.GlobalGuaranteedInfo::set_Viewable(System.Boolean)","System.Void","System.Boolean value","private","False","False","False","False","True","8","0x06006D6A"
"DolocTown.Config.Resource.GlobalGuaranteedInfo","get_ActiveCount","System.Int32 DolocTown.Config.Resource.GlobalGuaranteedInfo::get_ActiveCount()","System.Int32","","public","False","False","False","False","True","7","0x06006D6B"
"DolocTown.Config.Resource.GlobalGuaranteedInfo","set_ActiveCount","System.Void DolocTown.Config.Resource.GlobalGuaranteedInfo::set_ActiveCount(System.Int32)","System.Void","System.Int32 value","private","False","False","False","False","True","8","0x06006D6C"
"DolocTown.Config.Resource.GlobalGuaranteedInfo","get_ShouldConsumeGuarantee","System.Boolean DolocTown.Config.Resource.GlobalGuaranteedInfo::get_ShouldConsumeGuarantee()","System.Boolean","","public","False","False","False","False","True","7","0x06006D6D"
"DolocTown.Config.Resource.GlobalGuaranteedInfo","set_ShouldConsumeGuarantee","System.Void DolocTown.Config.Resource.GlobalGuaranteedInfo::set_ShouldConsumeGuarantee(System.Boolean)","System.Void","System.Boolean value","private","False","False","False","False","True","8","0x06006D6E"
"DolocTown.Config.Resource.GlobalGuaranteedInfo","get_GuaranteeThreshold","System.Int32 DolocTown.Config.Resource.GlobalGuaranteedInfo::get_GuaranteeThreshold()","System.Int32","","public","False","False","False","False","True","7","0x06006D6F"
"DolocTown.Config.Resource.GlobalGuaranteedInfo","set_GuaranteeThreshold","System.Void DolocTown.Config.Resource.GlobalGuaranteedInfo::set_GuaranteeThreshold(System.Int32)","System.Void","System.Int32 value","private","False","False","False","False","True","8","0x06006D70"
"DolocTown.Config.Resource.GlobalGuaranteedInfo","GetTypeId","System.Int32 DolocTown.Config.Resource.GlobalGuaranteedInfo::GetTypeId()","System.Int32","","public","False","True","False","False","True","6","0x06006D71"
"DolocTown.Config.Resource.GlobalGuaranteedInfo","Resolve","System.Void DolocTown.Config.Resource.GlobalGuaranteedInfo::Resolve(System.Collections.Generic.Dictionary`2<System.String,System.Object>)","System.Void","System.Collections.Generic.Dictionary`2<System.String,System.Object> _tables","public","False","False","False","False","True","34","0x06006D72"
"DolocTown.Config.Resource.GlobalGuaranteedInfo","TranslateText","System.Void DolocTown.Config.Resource.GlobalGuaranteedInfo::TranslateText(System.Func`3<System.String,System.String,System.String>)","System.Void","System.Func`3<System.String,System.String,System.String> translator","public","False","False","False","False","True","1","0x06006D73"
"DolocTown.Config.Resource.GlobalGuaranteedInfo","ToString","System.String DolocTown.Config.Resource.GlobalGuaranteedInfo::ToString()","System.String","","public","False","True","False","False","True","227","0x06006D74"
"DolocTown.Config.Resource.ResinCollectorOutputInfo",".ctor","System.Void DolocTown.Config.Resource.ResinCollectorOutputInfo::.ctor(SimpleJSON.JSONNode)","System.Void","SimpleJSON.JSONNode _json","public","False","False","False","True","True","293","0x06006D75"
"DolocTown.Config.Resource.ResinCollectorOutputInfo",".ctor","System.Void DolocTown.Config.Resource.ResinCollectorOutputInfo::.ctor(System.String,System.Boolean,System.String,DolocTown.Config.General.RangeInt,DolocTown.SpriteAsset,DolocTown.SpriteAsset)","System.Void","System.String id; System.Boolean disable; System.String output; DolocTown.Config.General.RangeInt range; DolocTown.SpriteAsset filled_asset; DolocTown.SpriteAsset full_asset","public","False","False","False","True","True","52","0x06006D76"
"DolocTown.Config.Resource.ResinCollectorOutputInfo","DeserializeResinCollectorOutputInfo","DolocTown.Config.Resource.ResinCollectorOutputInfo DolocTown.Config.Resource.ResinCollectorOutputInfo::DeserializeResinCollectorOutputInfo(SimpleJSON.JSONNode)","DolocTown.Config.Resource.ResinCollectorOutputInfo","SimpleJSON.JSONNode _json","public","True","False","False","False","True","7","0x06006D77"
"DolocTown.Config.Resource.ResinCollectorOutputInfo","get_Id","System.String DolocTown.Config.Resource.ResinCollectorOutputInfo::get_Id()","System.String","","public","False","False","False","False","True","7","0x06006D78"
"DolocTown.Config.Resource.ResinCollectorOutputInfo","set_Id","System.Void DolocTown.Config.Resource.ResinCollectorOutputInfo::set_Id(System.String)","System.Void","System.String value","private","False","False","False","False","True","8","0x06006D79"
"DolocTown.Config.Resource.ResinCollectorOutputInfo","get_Disable","System.Boolean DolocTown.Config.Resource.ResinCollectorOutputInfo::get_Disable()","System.Boolean","","public","False","False","False","False","True","7","0x06006D7A"
"DolocTown.Config.Resource.ResinCollectorOutputInfo","set_Disable","System.Void DolocTown.Config.Resource.ResinCollectorOutputInfo::set_Disable(System.Boolean)","System.Void","System.Boolean value","private","False","False","False","False","True","8","0x06006D7B"
"DolocTown.Config.Resource.ResinCollectorOutputInfo","get_Output","System.String DolocTown.Config.Resource.ResinCollectorOutputInfo::get_Output()","System.String","","public","False","False","False","False","True","7","0x06006D7C"
"DolocTown.Config.Resource.ResinCollectorOutputInfo","set_Output","System.Void DolocTown.Config.Resource.ResinCollectorOutputInfo::set_Output(System.String)","System.Void","System.String value","private","False","False","False","False","True","8","0x06006D7D"
"DolocTown.Config.Resource.ResinCollectorOutputInfo","get_Output_Ref","DolocTown.Config.Item.ItemInfo DolocTown.Config.Resource.ResinCollectorOutputInfo::get_Output_Ref()","DolocTown.Config.Item.ItemInfo","","public","False","False","False","False","True","7","0x06006D7E"
"DolocTown.Config.Resource.ResinCollectorOutputInfo","set_Output_Ref","System.Void DolocTown.Config.Resource.ResinCollectorOutputInfo::set_Output_Ref(DolocTown.Config.Item.ItemInfo)","System.Void","DolocTown.Config.Item.ItemInfo value","private","False","False","False","False","True","8","0x06006D7F"
"DolocTown.Config.Resource.ResinCollectorOutputInfo","get_Range","DolocTown.Config.General.RangeInt DolocTown.Config.Resource.ResinCollectorOutputInfo::get_Range()","DolocTown.Config.General.RangeInt","","public","False","False","False","False","True","7","0x06006D80"
"DolocTown.Config.Resource.ResinCollectorOutputInfo","set_Range","System.Void DolocTown.Config.Resource.ResinCollectorOutputInfo::set_Range(DolocTown.Config.General.RangeInt)","System.Void","DolocTown.Config.General.RangeInt value","private","False","False","False","False","True","8","0x06006D81"
"DolocTown.Config.Resource.ResinCollectorOutputInfo","get_FilledAsset","DolocTown.SpriteAsset DolocTown.Config.Resource.ResinCollectorOutputInfo::get_FilledAsset()","DolocTown.SpriteAsset","","public","False","False","False","False","True","7","0x06006D82"
"DolocTown.Config.Resource.ResinCollectorOutputInfo","set_FilledAsset","System.Void DolocTown.Config.Resource.ResinCollectorOutputInfo::set_FilledAsset(DolocTown.SpriteAsset)","System.Void","DolocTown.SpriteAsset value","private","False","False","False","False","True","8","0x06006D83"
"DolocTown.Config.Resource.ResinCollectorOutputInfo","get_FullAsset","DolocTown.SpriteAsset DolocTown.Config.Resource.ResinCollectorOutputInfo::get_FullAsset()","DolocTown.SpriteAsset","","public","False","False","False","False","True","7","0x06006D84"
"DolocTown.Config.Resource.ResinCollectorOutputInfo","set_FullAsset","System.Void DolocTown.Config.Resource.ResinCollectorOutputInfo::set_FullAsset(DolocTown.SpriteAsset)","System.Void","DolocTown.SpriteAsset value","private","False","False","False","False","True","8","0x06006D85"
"DolocTown.Config.Resource.ResinCollectorOutputInfo","GetTypeId","System.Int32 DolocTown.Config.Resource.ResinCollectorOutputInfo::GetTypeId()","System.Int32","","public","False","True","False","False","True","6","0x06006D86"
"DolocTown.Config.Resource.ResinCollectorOutputInfo","Resolve","System.Void DolocTown.Config.Resource.ResinCollectorOutputInfo::Resolve(System.Collections.Generic.Dictionary`2<System.String,System.Object>)","System.Void","System.Collections.Generic.Dictionary`2<System.String,System.Object> _tables","public","False","False","False","False","True","51","0x06006D87"
"DolocTown.Config.Resource.ResinCollectorOutputInfo","TranslateText","System.Void DolocTown.Config.Resource.ResinCollectorOutputInfo::TranslateText(System.Func`3<System.String,System.String,System.String>)","System.Void","System.Func`3<System.String,System.String,System.String> translator","public","False","False","False","False","True","18","0x06006D88"
"DolocTown.Config.Resource.ResinCollectorOutputInfo","ToString","System.String DolocTown.Config.Resource.ResinCollectorOutputInfo::ToString()","System.String","","public","False","True","False","False","True","171","0x06006D89"
"DolocTown.Config.Resource.ResourceDocumentInfo",".ctor","System.Void DolocTown.Config.Resource.ResourceDocumentInfo::.ctor(SimpleJSON.JSONNode)","System.Void","SimpleJSON.JSONNode _json","public","False","False","False","True","True","786","0x06006D8A"
"DolocTown.Config.Resource.ResourceDocumentInfo",".ctor","System.Void DolocTown.Config.Resource.ResourceDocumentInfo::.ctor(System.String,System.String,DolocTown.Config.Resource.ResourceDocumentType,DolocTown.SpriteAsset,DolocTown.SpriteAsset,System.Boolean,System.String,DolocTown.Config.Archives.CustomizedDocumentNodeInfo[],System.Boolean,System.Boolean)","System.Void","System.String id; System.String title; DolocTown.Config.Resource.ResourceDocumentType resource_type; DolocTown.SpriteAsset ui_sprite_asset; DolocTown.SpriteAsset scene_sprite_asset; System.Boolean is_plant; System.String habitat; DolocTown.Config.Archives.CustomizedDocumentNodeInfo[] document_infos; System.Boolean left_right_layout; System.Boolean display","public","False","False","False","True","True","138","0x06006D8B"
"DolocTown.Config.Resource.ResourceDocumentInfo","DeserializeResourceDocumentInfo","DolocTown.Config.Resource.ResourceDocumentInfo DolocTown.Config.Resource.ResourceDocumentInfo::DeserializeResourceDocumentInfo(SimpleJSON.JSONNode)","DolocTown.Config.Resource.ResourceDocumentInfo","SimpleJSON.JSONNode _json","public","True","False","False","False","True","7","0x06006D8C"
"DolocTown.Config.Resource.ResourceDocumentInfo","get_Id","System.String DolocTown.Config.Resource.ResourceDocumentInfo::get_Id()","System.String","","public","False","False","False","False","True","7","0x06006D8D"
"DolocTown.Config.Resource.ResourceDocumentInfo","set_Id","System.Void DolocTown.Config.Resource.ResourceDocumentInfo::set_Id(System.String)","System.Void","System.String value","private","False","False","False","False","True","8","0x06006D8E"
"DolocTown.Config.Resource.ResourceDocumentInfo","get_Title","System.String DolocTown.Config.Resource.ResourceDocumentInfo::get_Title()","System.String","","public","False","False","False","False","True","7","0x06006D8F"
"DolocTown.Config.Resource.ResourceDocumentInfo","set_Title","System.Void DolocTown.Config.Resource.ResourceDocumentInfo::set_Title(System.String)","System.Void","System.String value","private","False","False","False","False","True","8","0x06006D90"
"DolocTown.Config.Resource.ResourceDocumentInfo","get_Title_l10n_key","System.String DolocTown.Config.Resource.ResourceDocumentInfo::get_Title_l10n_key()","System.String","","public","False","False","False","False","True","7","0x06006D91"
"DolocTown.Config.Resource.ResourceDocumentInfo","get_ResourceType","DolocTown.Config.Resource.ResourceDocumentType DolocTown.Config.Resource.ResourceDocumentInfo::get_ResourceType()","DolocTown.Config.Resource.ResourceDocumentType","","public","False","False","False","False","True","7","0x06006D92"
"DolocTown.Config.Resource.ResourceDocumentInfo","set_ResourceType","System.Void DolocTown.Config.Resource.ResourceDocumentInfo::set_ResourceType(DolocTown.Config.Resource.ResourceDocumentType)","System.Void","DolocTown.Config.Resource.ResourceDocumentType value","private","False","False","False","False","True","8","0x06006D93"
"DolocTown.Config.Resource.ResourceDocumentInfo","get_UiSpriteAsset","DolocTown.SpriteAsset DolocTown.Config.Resource.ResourceDocumentInfo::get_UiSpriteAsset()","DolocTown.SpriteAsset","","public","False","False","False","False","True","7","0x06006D94"
"DolocTown.Config.Resource.ResourceDocumentInfo","set_UiSpriteAsset","System.Void DolocTown.Config.Resource.ResourceDocumentInfo::set_UiSpriteAsset(DolocTown.SpriteAsset)","System.Void","DolocTown.SpriteAsset value","private","False","False","False","False","True","8","0x06006D95"
"DolocTown.Config.Resource.ResourceDocumentInfo","get_SceneSpriteAsset","DolocTown.SpriteAsset DolocTown.Config.Resource.ResourceDocumentInfo::get_SceneSpriteAsset()","DolocTown.SpriteAsset","","public","False","False","False","False","True","7","0x06006D96"
"DolocTown.Config.Resource.ResourceDocumentInfo","set_SceneSpriteAsset","System.Void DolocTown.Config.Resource.ResourceDocumentInfo::set_SceneSpriteAsset(DolocTown.SpriteAsset)","System.Void","DolocTown.SpriteAsset value","private","False","False","False","False","True","8","0x06006D97"
"DolocTown.Config.Resource.ResourceDocumentInfo","get_IsPlant","System.Boolean DolocTown.Config.Resource.ResourceDocumentInfo::get_IsPlant()","System.Boolean","","public","False","False","False","False","True","7","0x06006D98"
"DolocTown.Config.Resource.ResourceDocumentInfo","set_IsPlant","System.Void DolocTown.Config.Resource.ResourceDocumentInfo::set_IsPlant(System.Boolean)","System.Void","System.Boolean value","private","False","False","False","False","True","8","0x06006D99"
"DolocTown.Config.Resource.ResourceDocumentInfo","get_Habitat","System.String DolocTown.Config.Resource.ResourceDocumentInfo::get_Habitat()","System.String","","public","False","False","False","False","True","7","0x06006D9A"
"DolocTown.Config.Resource.ResourceDocumentInfo","set_Habitat","System.Void DolocTown.Config.Resource.ResourceDocumentInfo::set_Habitat(System.String)","System.Void","System.String value","private","False","False","False","False","True","8","0x06006D9B"
"DolocTown.Config.Resource.ResourceDocumentInfo","get_Habitat_l10n_key","System.String DolocTown.Config.Resource.ResourceDocumentInfo::get_Habitat_l10n_key()","System.String","","public","False","False","False","False","True","7","0x06006D9C"
"DolocTown.Config.Resource.ResourceDocumentInfo","get_DocumentInfos","DolocTown.Config.Archives.CustomizedDocumentNodeInfo[] DolocTown.Config.Resource.ResourceDocumentInfo::get_DocumentInfos()","DolocTown.Config.Archives.CustomizedDocumentNodeInfo[]","","public","False","False","False","False","True","7","0x06006D9D"
"DolocTown.Config.Resource.ResourceDocumentInfo","set_DocumentInfos","System.Void DolocTown.Config.Resource.ResourceDocumentInfo::set_DocumentInfos(DolocTown.Config.Archives.CustomizedDocumentNodeInfo[])","System.Void","DolocTown.Config.Archives.CustomizedDocumentNodeInfo[] value","private","False","False","False","False","True","8","0x06006D9E"
"DolocTown.Config.Resource.ResourceDocumentInfo","get_LeftRightLayout","System.Boolean DolocTown.Config.Resource.ResourceDocumentInfo::get_LeftRightLayout()","System.Boolean","","public","False","False","False","False","True","7","0x06006D9F"
"DolocTown.Config.Resource.ResourceDocumentInfo","set_LeftRightLayout","System.Void DolocTown.Config.Resource.ResourceDocumentInfo::set_LeftRightLayout(System.Boolean)","System.Void","System.Boolean value","private","False","False","False","False","True","8","0x06006DA0"
"DolocTown.Config.Resource.ResourceDocumentInfo","get_Display","System.Boolean DolocTown.Config.Resource.ResourceDocumentInfo::get_Display()","System.Boolean","","public","False","False","False","False","True","7","0x06006DA1"
"DolocTown.Config.Resource.ResourceDocumentInfo","set_Display","System.Void DolocTown.Config.Resource.ResourceDocumentInfo::set_Display(System.Boolean)","System.Void","System.Boolean value","private","False","False","False","False","True","8","0x06006DA2"
"DolocTown.Config.Resource.ResourceDocumentInfo","GetTypeId","System.Int32 DolocTown.Config.Resource.ResourceDocumentInfo::GetTypeId()","System.Int32","","public","False","True","False","False","True","6","0x06006DA3"
"DolocTown.Config.Resource.ResourceDocumentInfo","Resolve","System.Void DolocTown.Config.Resource.ResourceDocumentInfo::Resolve(System.Collections.Generic.Dictionary`2<System.String,System.Object>)","System.Void","System.Collections.Generic.Dictionary`2<System.String,System.Object> _tables","public","False","False","False","False","True","37","0x06006DA4"
"DolocTown.Config.Resource.ResourceDocumentInfo","TranslateText","System.Void DolocTown.Config.Resource.ResourceDocumentInfo::TranslateText(System.Func`3<System.String,System.String,System.String>)","System.Void","System.Func`3<System.String,System.String,System.String> translator","public","False","False","False","False","True","85","0x06006DA5"
"DolocTown.Config.Resource.ResourceDocumentInfo","ToString","System.String DolocTown.Config.Resource.ResourceDocumentInfo::ToString()","System.String","","public","False","True","False","False","True","270","0x06006DA6"
"DolocTown.Config.Resource.ResourceInfo",".ctor","System.Void DolocTown.Config.Resource.ResourceInfo::.ctor(SimpleJSON.JSONNode)","System.Void","SimpleJSON.JSONNode _json","public","False","False","False","True","True","786","0x06006DA7"
"DolocTown.Config.Resource.ResourceInfo",".ctor","System.Void DolocTown.Config.Resource.ResourceInfo::.ctor(System.String,System.Boolean,DolocTown.Config.Resource.DungeonResourceType,UnityEngine.Vector2Int,UnityEngine.Vector2Int,System.Int32[],DolocTown.Config.Resource.ResourceLevelData[],DolocTown.Config.Equipment.DecalSlotData[],DolocTown.Config.Equipment.DecalSlotData[],System.String)","System.Void","System.String id; System.Boolean default_unlock; DolocTown.Config.Resource.DungeonResourceType resource_type; UnityEngine.Vector2Int size; UnityEngine.Vector2Int pixel_offset; System.Int32[] spawn_months; DolocTown.Config.Resource.ResourceLevelData[] level_datas; DolocTown.Config.Equipment.DecalSlotData[] fit_slot_datas; DolocTown.Config.Equipment.DecalSlotData[] contained_slot_datas; System.String resin_collector_output","public","False","False","False","True","True","84","0x06006DA8"
"DolocTown.Config.Resource.ResourceInfo","DeserializeResourceInfo","DolocTown.Config.Resource.ResourceInfo DolocTown.Config.Resource.ResourceInfo::DeserializeResourceInfo(SimpleJSON.JSONNode)","DolocTown.Config.Resource.ResourceInfo","SimpleJSON.JSONNode _json","public","True","False","False","False","True","7","0x06006DA9"
"DolocTown.Config.Resource.ResourceInfo","get_Id","System.String DolocTown.Config.Resource.ResourceInfo::get_Id()","System.String","","public","False","False","False","False","True","7","0x06006DAA"
"DolocTown.Config.Resource.ResourceInfo","set_Id","System.Void DolocTown.Config.Resource.ResourceInfo::set_Id(System.String)","System.Void","System.String value","private","False","False","False","False","True","8","0x06006DAB"
"DolocTown.Config.Resource.ResourceInfo","get_DefaultUnlock","System.Boolean DolocTown.Config.Resource.ResourceInfo::get_DefaultUnlock()","System.Boolean","","public","False","False","False","False","True","7","0x06006DAC"
"DolocTown.Config.Resource.ResourceInfo","set_DefaultUnlock","System.Void DolocTown.Config.Resource.ResourceInfo::set_DefaultUnlock(System.Boolean)","System.Void","System.Boolean value","private","False","False","False","False","True","8","0x06006DAD"
"DolocTown.Config.Resource.ResourceInfo","get_ResourceType","DolocTown.Config.Resource.DungeonResourceType DolocTown.Config.Resource.ResourceInfo::get_ResourceType()","DolocTown.Config.Resource.DungeonResourceType","","public","False","False","False","False","True","7","0x06006DAE"
"DolocTown.Config.Resource.ResourceInfo","set_ResourceType","System.Void DolocTown.Config.Resource.ResourceInfo::set_ResourceType(DolocTown.Config.Resource.DungeonResourceType)","System.Void","DolocTown.Config.Resource.DungeonResourceType value","private","False","False","False","False","True","8","0x06006DAF"
"DolocTown.Config.Resource.ResourceInfo","get_ResourceType_Ref","DolocTown.Config.Resource.ResourceTypeInfo DolocTown.Config.Resource.ResourceInfo::get_ResourceType_Ref()","DolocTown.Config.Resource.ResourceTypeInfo","","public","False","False","False","False","True","7","0x06006DB0"
"DolocTown.Config.Resource.ResourceInfo","set_ResourceType_Ref","System.Void DolocTown.Config.Resource.ResourceInfo::set_ResourceType_Ref(DolocTown.Config.Resource.ResourceTypeInfo)","System.Void","DolocTown.Config.Resource.ResourceTypeInfo value","private","False","False","False","False","True","8","0x06006DB1"
"DolocTown.Config.Resource.ResourceInfo","get_Size","UnityEngine.Vector2Int DolocTown.Config.Resource.ResourceInfo::get_Size()","UnityEngine.Vector2Int","","public","False","False","False","False","True","7","0x06006DB2"
"DolocTown.Config.Resource.ResourceInfo","set_Size","System.Void DolocTown.Config.Resource.ResourceInfo::set_Size(UnityEngine.Vector2Int)","System.Void","UnityEngine.Vector2Int value","private","False","False","False","False","True","8","0x06006DB3"
"DolocTown.Config.Resource.ResourceInfo","get_PixelOffset","UnityEngine.Vector2Int DolocTown.Config.Resource.ResourceInfo::get_PixelOffset()","UnityEngine.Vector2Int","","public","False","False","False","False","True","7","0x06006DB4"
"DolocTown.Config.Resource.ResourceInfo","set_PixelOffset","System.Void DolocTown.Config.Resource.ResourceInfo::set_PixelOffset(UnityEngine.Vector2Int)","System.Void","UnityEngine.Vector2Int value","private","False","False","False","False","True","8","0x06006DB5"
"DolocTown.Config.Resource.ResourceInfo","get_SpawnMonths","System.Int32[] DolocTown.Config.Resource.ResourceInfo::get_SpawnMonths()","System.Int32[]","","public","False","False","False","False","True","7","0x06006DB6"
"DolocTown.Config.Resource.ResourceInfo","set_SpawnMonths","System.Void DolocTown.Config.Resource.ResourceInfo::set_SpawnMonths(System.Int32[])","System.Void","System.Int32[] value","private","False","False","False","False","True","8","0x06006DB7"
"DolocTown.Config.Resource.ResourceInfo","get_LevelDatas","DolocTown.Config.Resource.ResourceLevelData[] DolocTown.Config.Resource.ResourceInfo::get_LevelDatas()","DolocTown.Config.Resource.ResourceLevelData[]","","public","False","False","False","False","True","7","0x06006DB8"
"DolocTown.Config.Resource.ResourceInfo","set_LevelDatas","System.Void DolocTown.Config.Resource.ResourceInfo::set_LevelDatas(DolocTown.Config.Resource.ResourceLevelData[])","System.Void","DolocTown.Config.Resource.ResourceLevelData[] value","private","False","False","False","False","True","8","0x06006DB9"
"DolocTown.Config.Resource.ResourceInfo","get_FitSlotDatas","DolocTown.Config.Equipment.DecalSlotData[] DolocTown.Config.Resource.ResourceInfo::get_FitSlotDatas()","DolocTown.Config.Equipment.DecalSlotData[]","","public","False","False","False","False","True","7","0x06006DBA"
"DolocTown.Config.Resource.ResourceInfo","set_FitSlotDatas","System.Void DolocTown.Config.Resource.ResourceInfo::set_FitSlotDatas(DolocTown.Config.Equipment.DecalSlotData[])","System.Void","DolocTown.Config.Equipment.DecalSlotData[] value","private","False","False","False","False","True","8","0x06006DBB"
"DolocTown.Config.Resource.ResourceInfo","get_ContainedSlotDatas","DolocTown.Config.Equipment.DecalSlotData[] DolocTown.Config.Resource.ResourceInfo::get_ContainedSlotDatas()","DolocTown.Config.Equipment.DecalSlotData[]","","public","False","False","False","False","True","7","0x06006DBC"
"DolocTown.Config.Resource.ResourceInfo","set_ContainedSlotDatas","System.Void DolocTown.Config.Resource.ResourceInfo::set_ContainedSlotDatas(DolocTown.Config.Equipment.DecalSlotData[])","System.Void","DolocTown.Config.Equipment.DecalSlotData[] value","private","False","False","False","False","True","8","0x06006DBD"
"DolocTown.Config.Resource.ResourceInfo","get_ResinCollectorOutput","System.String DolocTown.Config.Resource.ResourceInfo::get_ResinCollectorOutput()","System.String","","public","False","False","False","False","True","7","0x06006DBE"
"DolocTown.Config.Resource.ResourceInfo","set_ResinCollectorOutput","System.Void DolocTown.Config.Resource.ResourceInfo::set_ResinCollectorOutput(System.String)","System.Void","System.String value","private","False","False","False","False","True","8","0x06006DBF"
"DolocTown.Config.Resource.ResourceInfo","get_ResinCollectorOutput_Ref","DolocTown.Config.Resource.ResinCollectorOutputInfo DolocTown.Config.Resource.ResourceInfo::get_ResinCollectorOutput_Ref()","DolocTown.Config.Resource.ResinCollectorOutputInfo","","public","False","False","False","False","True","7","0x06006DC0"
"DolocTown.Config.Resource.ResourceInfo","set_ResinCollectorOutput_Ref","System.Void DolocTown.Config.Resource.ResourceInfo::set_ResinCollectorOutput_Ref(DolocTown.Config.Resource.ResinCollectorOutputInfo)","System.Void","DolocTown.Config.Resource.ResinCollectorOutputInfo value","private","False","False","False","False","True","8","0x06006DC1"
"DolocTown.Config.Resource.ResourceInfo","GetTypeId","System.Int32 DolocTown.Config.Resource.ResourceInfo::GetTypeId()","System.Int32","","public","False","True","False","False","True","6","0x06006DC2"
"DolocTown.Config.Resource.ResourceInfo","Resolve","System.Void DolocTown.Config.Resource.ResourceInfo::Resolve(System.Collections.Generic.Dictionary`2<System.String,System.Object>)","System.Void","System.Collections.Generic.Dictionary`2<System.String,System.Object> _tables","public","False","False","False","False","True","181","0x06006DC3"
"DolocTown.Config.Resource.ResourceInfo","TranslateText","System.Void DolocTown.Config.Resource.ResourceInfo::TranslateText(System.Func`3<System.String,System.String,System.String>)","System.Void","System.Func`3<System.String,System.String,System.String> translator","public","False","False","False","False","True","109","0x06006DC4"
"DolocTown.Config.Resource.ResourceInfo","ToString","System.String DolocTown.Config.Resource.ResourceInfo::ToString()","System.String","","public","False","True","False","False","True","273","0x06006DC5"
"DolocTown.Config.Resource.ResourceInfo","PostResolve","System.Void DolocTown.Config.Resource.ResourceInfo::PostResolve()","System.Void","","private","False","False","False","False","True","41","0x06006DC6"
"DolocTown.Config.Resource.ResourceInfo","get_SpawnId","System.String DolocTown.Config.Resource.ResourceInfo::get_SpawnId()","System.String","","public","False","True","False","False","True","7","0x06006DC7"
"DolocTown.Config.Resource.ResourceInfo","get_Volume","System.Int32 DolocTown.Config.Resource.ResourceInfo::get_Volume()","System.Int32","","public","False","True","False","False","True","7","0x06006DC8"
"DolocTown.Config.Resource.ResourceInfo","get_Width","System.Int32 DolocTown.Config.Resource.ResourceInfo::get_Width()","System.Int32","","public","False","False","False","False","True","15","0x06006DC9"
"DolocTown.Config.Resource.ResourceInfo","get_ContainedSlots","DolocTown.GameData.DecalSlot[] DolocTown.Config.Resource.ResourceInfo::get_ContainedSlots()","DolocTown.GameData.DecalSlot[]","","public","False","False","False","False","True","7","0x06006DCA"
"DolocTown.Config.Resource.ResourceInfo","set_ContainedSlots","System.Void DolocTown.Config.Resource.ResourceInfo::set_ContainedSlots(DolocTown.GameData.DecalSlot[])","System.Void","DolocTown.GameData.DecalSlot[] value","private","False","False","False","False","True","8","0x06006DCB"
"DolocTown.Config.Resource.ResourceInfo","get_ResourceClass","DolocTown.Config.Resource.DungeonResourceClass DolocTown.Config.Resource.ResourceInfo::get_ResourceClass()","DolocTown.Config.Resource.DungeonResourceClass","","public","False","False","False","False","True","12","0x06006DCC"
"DolocTown.Config.Resource.ResourceInfo","get_MaxLevel","System.Int32 DolocTown.Config.Resource.ResourceInfo::get_MaxLevel()","System.Int32","","public","False","False","False","False","True","11","0x06006DCD"
"DolocTown.Config.Resource.ResourceInfo","get_TerrainLayer","DolocTown.TerrainLayerName DolocTown.Config.Resource.ResourceInfo::get_TerrainLayer()","DolocTown.TerrainLayerName","","public","False","False","False","False","True","7","0x06006DCE"
"DolocTown.Config.Resource.ResourceInfo","set_TerrainLayer","System.Void DolocTown.Config.Resource.ResourceInfo::set_TerrainLayer(DolocTown.TerrainLayerName)","System.Void","DolocTown.TerrainLayerName value","private","False","False","False","False","True","8","0x06006DCF"
"DolocTown.Config.Resource.ResourceInfo","GetLevelData","DolocTown.Config.Resource.ResourceLevelData DolocTown.Config.Resource.ResourceInfo::GetLevelData(System.Int32)","DolocTown.Config.Resource.ResourceLevelData","System.Int32 level","public","False","False","False","False","True","55","0x06006DD0"
"DolocTown.Config.Resource.ResourceInfo","RandomSkinIndex","System.Int32 DolocTown.Config.Resource.ResourceInfo::RandomSkinIndex()","System.Int32","","public","False","False","False","False","True","23","0x06006DD1"
"DolocTown.Config.Resource.ResourceInfo","CheckMatchMonth","System.Boolean DolocTown.Config.Resource.ResourceInfo::CheckMatchMonth(System.Int32)","System.Boolean","System.Int32 month","public","False","False","False","False","True","28","0x06006DD2"
"DolocTown.Config.Resource.ResourceLevelData",".ctor","System.Void DolocTown.Config.Resource.ResourceLevelData::.ctor(SimpleJSON.JSONNode)","System.Void","SimpleJSON.JSONNode _json","public","False","False","False","True","True","699","0x06006DD3"
"DolocTown.Config.Resource.ResourceLevelData",".ctor","System.Void DolocTown.Config.Resource.ResourceLevelData::.ctor(System.Int32,UnityEngine.Vector2Int,DolocTown.Config.Item.ItemSpawnEntry,DolocTown.Config.TechTree.TechPointAdder[],System.Int32,DolocTown.Config.Item.ToolConstraint[],DolocTown.SpriteAsset[],DolocTown.PrefabAsset[])","System.Void","System.Int32 max_health; UnityEngine.Vector2Int growth_value; DolocTown.Config.Item.ItemSpawnEntry drop_spawn_entry; DolocTown.Config.TechTree.TechPointAdder[] tech_points; System.Int32 bullet_level_constraint; DolocTown.Config.Item.ToolConstraint[] tool_constraints; DolocTown.SpriteAsset[] skins; DolocTown.PrefabAsset[] sub_prefabs","public","False","False","False","True","True","68","0x06006DD4"
"DolocTown.Config.Resource.ResourceLevelData","DeserializeResourceLevelData","DolocTown.Config.Resource.ResourceLevelData DolocTown.Config.Resource.ResourceLevelData::DeserializeResourceLevelData(SimpleJSON.JSONNode)","DolocTown.Config.Resource.ResourceLevelData","SimpleJSON.JSONNode _json","public","True","False","False","False","True","7","0x06006DD5"
"DolocTown.Config.Resource.ResourceLevelData","get_MaxHealth","System.Int32 DolocTown.Config.Resource.ResourceLevelData::get_MaxHealth()","System.Int32","","public","False","False","False","False","True","7","0x06006DD6"
"DolocTown.Config.Resource.ResourceLevelData","set_MaxHealth","System.Void DolocTown.Config.Resource.ResourceLevelData::set_MaxHealth(System.Int32)","System.Void","System.Int32 value","private","False","False","False","False","True","8","0x06006DD7"
"DolocTown.Config.Resource.ResourceLevelData","get_GrowthValue","UnityEngine.Vector2Int DolocTown.Config.Resource.ResourceLevelData::get_GrowthValue()","UnityEngine.Vector2Int","","public","False","False","False","False","True","7","0x06006DD8"
"DolocTown.Config.Resource.ResourceLevelData","set_GrowthValue","System.Void DolocTown.Config.Resource.ResourceLevelData::set_GrowthValue(UnityEngine.Vector2Int)","System.Void","UnityEngine.Vector2Int value","private","False","False","False","False","True","8","0x06006DD9"
"DolocTown.Config.Resource.ResourceLevelData","get_DropSpawnEntry","DolocTown.Config.Item.ItemSpawnEntry DolocTown.Config.Resource.ResourceLevelData::get_DropSpawnEntry()","DolocTown.Config.Item.ItemSpawnEntry","","public","False","False","False","False","True","7","0x06006DDA"
"DolocTown.Config.Resource.ResourceLevelData","set_DropSpawnEntry","System.Void DolocTown.Config.Resource.ResourceLevelData::set_DropSpawnEntry(DolocTown.Config.Item.ItemSpawnEntry)","System.Void","DolocTown.Config.Item.ItemSpawnEntry value","private","False","False","False","False","True","8","0x06006DDB"
"DolocTown.Config.Resource.ResourceLevelData","get_TechPoints","DolocTown.Config.TechTree.TechPointAdder[] DolocTown.Config.Resource.ResourceLevelData::get_TechPoints()","DolocTown.Config.TechTree.TechPointAdder[]","","public","False","False","False","False","True","7","0x06006DDC"
"DolocTown.Config.Resource.ResourceLevelData","set_TechPoints","System.Void DolocTown.Config.Resource.ResourceLevelData::set_TechPoints(DolocTown.Config.TechTree.TechPointAdder[])","System.Void","DolocTown.Config.TechTree.TechPointAdder[] value","private","False","False","False","False","True","8","0x06006DDD"
"DolocTown.Config.Resource.ResourceLevelData","get_BulletLevelConstraint","System.Int32 DolocTown.Config.Resource.ResourceLevelData::get_BulletLevelConstraint()","System.Int32","","public","False","False","False","False","True","7","0x06006DDE"
"DolocTown.Config.Resource.ResourceLevelData","set_BulletLevelConstraint","System.Void DolocTown.Config.Resource.ResourceLevelData::set_BulletLevelConstraint(System.Int32)","System.Void","System.Int32 value","private","False","False","False","False","True","8","0x06006DDF"
"DolocTown.Config.Resource.ResourceLevelData","get_ToolConstraints","DolocTown.Config.Item.ToolConstraint[] DolocTown.Config.Resource.ResourceLevelData::get_ToolConstraints()","DolocTown.Config.Item.ToolConstraint[]","","public","False","False","False","False","True","7","0x06006DE0"
"DolocTown.Config.Resource.ResourceLevelData","set_ToolConstraints","System.Void DolocTown.Config.Resource.ResourceLevelData::set_ToolConstraints(DolocTown.Config.Item.ToolConstraint[])","System.Void","DolocTown.Config.Item.ToolConstraint[] value","private","False","False","False","False","True","8","0x06006DE1"
"DolocTown.Config.Resource.ResourceLevelData","get_Skins","DolocTown.SpriteAsset[] DolocTown.Config.Resource.ResourceLevelData::get_Skins()","DolocTown.SpriteAsset[]","","public","False","False","False","False","True","7","0x06006DE2"
"DolocTown.Config.Resource.ResourceLevelData","set_Skins","System.Void DolocTown.Config.Resource.ResourceLevelData::set_Skins(DolocTown.SpriteAsset[])","System.Void","DolocTown.SpriteAsset[] value","private","False","False","False","False","True","8","0x06006DE3"
"DolocTown.Config.Resource.ResourceLevelData","get_SubPrefabs","DolocTown.PrefabAsset[] DolocTown.Config.Resource.ResourceLevelData::get_SubPrefabs()","DolocTown.PrefabAsset[]","","public","False","False","False","False","True","7","0x06006DE4"
"DolocTown.Config.Resource.ResourceLevelData","set_SubPrefabs","System.Void DolocTown.Config.Resource.ResourceLevelData::set_SubPrefabs(DolocTown.PrefabAsset[])","System.Void","DolocTown.PrefabAsset[] value","private","False","False","False","False","True","8","0x06006DE5"
"DolocTown.Config.Resource.ResourceLevelData","GetTypeId","System.Int32 DolocTown.Config.Resource.ResourceLevelData::GetTypeId()","System.Int32","","public","False","True","False","False","True","6","0x06006DE6"
"DolocTown.Config.Resource.ResourceLevelData","Resolve","System.Void DolocTown.Config.Resource.ResourceLevelData::Resolve(System.Collections.Generic.Dictionary`2<System.String,System.Object>)","System.Void","System.Collections.Generic.Dictionary`2<System.String,System.Object> _tables","public","False","False","False","False","True","91","0x06006DE7"
"DolocTown.Config.Resource.ResourceLevelData","TranslateText","System.Void DolocTown.Config.Resource.ResourceLevelData::TranslateText(System.Func`3<System.String,System.String,System.String>)","System.Void","System.Func`3<System.String,System.String,System.String> translator","public","False","False","False","False","True","91","0x06006DE8"
"DolocTown.Config.Resource.ResourceLevelData","ToString","System.String DolocTown.Config.Resource.ResourceLevelData::ToString()","System.String","","public","False","True","False","False","True","227","0x06006DE9"
"DolocTown.Config.Resource.ResourceLevelData","get_CanGrow","System.Boolean DolocTown.Config.Resource.ResourceLevelData::get_CanGrow()","System.Boolean","","public","False","False","False","False","True","18","0x06006DEA"
"DolocTown.Config.Resource.ResourceLevelData","GetTargetToolLevelByType","System.Boolean DolocTown.Config.Resource.ResourceLevelData::GetTargetToolLevelByType(DolocTown.Config.Item.ToolType,System.Int32&)","System.Boolean","DolocTown.Config.Item.ToolType toolType; System.Int32& minLevel","public","False","False","False","False","True","49","0x06006DEB"
"DolocTown.Config.Resource.ResourceLevelData","GetCurrentSkin","UnityEngine.Sprite DolocTown.Config.Resource.ResourceLevelData::GetCurrentSkin(System.Int32)","UnityEngine.Sprite","System.Int32 skinIndex","public","False","False","False","False","True","69","0x06006DEC"
"DolocTown.Config.Resource.ResourceSpawnData",".ctor","System.Void DolocTown.Config.Resource.ResourceSpawnData::.ctor(SimpleJSON.JSONNode)","System.Void","SimpleJSON.JSONNode _json","public","False","False","False","True","True","54","0x06006DED"
"DolocTown.Config.Resource.ResourceSpawnData",".ctor","System.Void DolocTown.Config.Resource.ResourceSpawnData::.ctor(System.Single,System.Int32,System.Int32,System.String)","System.Void","System.Single spawn_weight; System.Int32 min_count; System.Int32 max_count; System.String resource_id","public","False","False","False","True","True","18","0x06006DEE"
"DolocTown.Config.Resource.ResourceSpawnData","DeserializeResourceSpawnData","DolocTown.Config.Resource.ResourceSpawnData DolocTown.Config.Resource.ResourceSpawnData::DeserializeResourceSpawnData(SimpleJSON.JSONNode)","DolocTown.Config.Resource.ResourceSpawnData","SimpleJSON.JSONNode _json","public","True","False","False","False","True","7","0x06006DEF"
"DolocTown.Config.Resource.ResourceSpawnData","get_ResourceId","System.String DolocTown.Config.Resource.ResourceSpawnData::get_ResourceId()","System.String","","public","False","False","False","False","True","7","0x06006DF0"
"DolocTown.Config.Resource.ResourceSpawnData","set_ResourceId","System.Void DolocTown.Config.Resource.ResourceSpawnData::set_ResourceId(System.String)","System.Void","System.String value","private","False","False","False","False","True","8","0x06006DF1"
"DolocTown.Config.Resource.ResourceSpawnData","get_ResourceId_Ref","DolocTown.Config.Resource.ResourceInfo DolocTown.Config.Resource.ResourceSpawnData::get_ResourceId_Ref()","DolocTown.Config.Resource.ResourceInfo","","public","False","False","False","False","True","7","0x06006DF2"
"DolocTown.Config.Resource.ResourceSpawnData","set_ResourceId_Ref","System.Void DolocTown.Config.Resource.ResourceSpawnData::set_ResourceId_Ref(DolocTown.Config.Resource.ResourceInfo)","System.Void","DolocTown.Config.Resource.ResourceInfo value","private","False","False","False","False","True","8","0x06006DF3"
"DolocTown.Config.Resource.ResourceSpawnData","GetTypeId","System.Int32 DolocTown.Config.Resource.ResourceSpawnData::GetTypeId()","System.Int32","","public","False","True","False","False","True","6","0x06006DF4"
"DolocTown.Config.Resource.ResourceSpawnData","Resolve","System.Void DolocTown.Config.Resource.ResourceSpawnData::Resolve(System.Collections.Generic.Dictionary`2<System.String,System.Object>)","System.Void","System.Collections.Generic.Dictionary`2<System.String,System.Object> _tables","public","False","True","False","False","True","41","0x06006DF5"
"DolocTown.Config.Resource.ResourceSpawnData","TranslateText","System.Void DolocTown.Config.Resource.ResourceSpawnData::TranslateText(System.Func`3<System.String,System.String,System.String>)","System.Void","System.Func`3<System.String,System.String,System.String> translator","public","False","True","False","False","True","8","0x06006DF6"
"DolocTown.Config.Resource.ResourceSpawnData","ToString","System.String DolocTown.Config.Resource.ResourceSpawnData::ToString()","System.String","","public","False","True","False","False","True","113","0x06006DF7"
"DolocTown.Config.Resource.ResourceSpawnData","get_SpawnId","System.String DolocTown.Config.Resource.ResourceSpawnData::get_SpawnId()","System.String","","public","False","True","False","False","True","7","0x06006DF8"
"DolocTown.Config.Resource.ResourceSpawnEntry",".ctor","System.Void DolocTown.Config.Resource.ResourceSpawnEntry::.ctor(SimpleJSON.JSONNode)","System.Void","SimpleJSON.JSONNode _json","public","False","False","False","True","True","99","0x06006DF9"
"DolocTown.Config.Resource.ResourceSpawnEntry",".ctor","System.Void DolocTown.Config.Resource.ResourceSpawnEntry::.ctor(System.String,DolocTown.Config.General.RangeInt)","System.Void","System.String spawn_lut; DolocTown.Config.General.RangeInt count_range","public","False","False","False","True","True","21","0x06006DFA"
"DolocTown.Config.Resource.ResourceSpawnEntry","DeserializeResourceSpawnEntry","DolocTown.Config.Resource.ResourceSpawnEntry DolocTown.Config.Resource.ResourceSpawnEntry::DeserializeResourceSpawnEntry(SimpleJSON.JSONNode)","DolocTown.Config.Resource.ResourceSpawnEntry","SimpleJSON.JSONNode _json","public","True","False","False","False","True","7","0x06006DFB"
"DolocTown.Config.Resource.ResourceSpawnEntry","get_SpawnLut","System.String DolocTown.Config.Resource.ResourceSpawnEntry::get_SpawnLut()","System.String","","public","False","False","False","False","True","7","0x06006DFC"
"DolocTown.Config.Resource.ResourceSpawnEntry","set_SpawnLut","System.Void DolocTown.Config.Resource.ResourceSpawnEntry::set_SpawnLut(System.String)","System.Void","System.String value","private","False","False","False","False","True","8","0x06006DFD"
"DolocTown.Config.Resource.ResourceSpawnEntry","get_SpawnLut_Ref","DolocTown.Config.Resource.ResourceSpawnInfo DolocTown.Config.Resource.ResourceSpawnEntry::get_SpawnLut_Ref()","DolocTown.Config.Resource.ResourceSpawnInfo","","public","False","False","False","False","True","7","0x06006DFE"
"DolocTown.Config.Resource.ResourceSpawnEntry","set_SpawnLut_Ref","System.Void DolocTown.Config.Resource.ResourceSpawnEntry::set_SpawnLut_Ref(DolocTown.Config.Resource.ResourceSpawnInfo)","System.Void","DolocTown.Config.Resource.ResourceSpawnInfo value","private","False","False","False","False","True","8","0x06006DFF"
"DolocTown.Config.Resource.ResourceSpawnEntry","get_CountRange","DolocTown.Config.General.RangeInt DolocTown.Config.Resource.ResourceSpawnEntry::get_CountRange()","DolocTown.Config.General.RangeInt","","public","False","False","False","False","True","7","0x06006E00"
"DolocTown.Config.Resource.ResourceSpawnEntry","set_CountRange","System.Void DolocTown.Config.Resource.ResourceSpawnEntry::set_CountRange(DolocTown.Config.General.RangeInt)","System.Void","DolocTown.Config.General.RangeInt value","private","False","False","False","False","True","8","0x06006E01"
"DolocTown.Config.Resource.ResourceSpawnEntry","GetTypeId","System.Int32 DolocTown.Config.Resource.ResourceSpawnEntry::GetTypeId()","System.Int32","","public","False","True","False","False","True","6","0x06006E02"
"DolocTown.Config.Resource.ResourceSpawnEntry","Resolve","System.Void DolocTown.Config.Resource.ResourceSpawnEntry::Resolve(System.Collections.Generic.Dictionary`2<System.String,System.Object>)","System.Void","System.Collections.Generic.Dictionary`2<System.String,System.Object> _tables","public","False","False","False","False","True","51","0x06006E03"
"DolocTown.Config.Resource.ResourceSpawnEntry","TranslateText","System.Void DolocTown.Config.Resource.ResourceSpawnEntry::TranslateText(System.Func`3<System.String,System.String,System.String>)","System.Void","System.Func`3<System.String,System.String,System.String> translator","public","False","False","False","False","True","18","0x06006E04"
"DolocTown.Config.Resource.ResourceSpawnEntry","ToString","System.String DolocTown.Config.Resource.ResourceSpawnEntry::ToString()","System.String","","public","False","True","False","False","True","66","0x06006E05"
"DolocTown.Config.Resource.ResourceSpawnEntry","get_IsEmpty","System.Boolean DolocTown.Config.Resource.ResourceSpawnEntry::get_IsEmpty()","System.Boolean","","public","False","False","False","False","True","25","0x06006E06"
"DolocTown.Config.Resource.ResourceSpawnInfo",".ctor","System.Void DolocTown.Config.Resource.ResourceSpawnInfo::.ctor(SimpleJSON.JSONNode)","System.Void","SimpleJSON.JSONNode _json","public","False","False","False","True","True","247","0x06006E07"
"DolocTown.Config.Resource.ResourceSpawnInfo",".ctor","System.Void DolocTown.Config.Resource.ResourceSpawnInfo::.ctor(System.String,System.Collections.Generic.List`1<DolocTown.Config.Resource.ResourceSpawnData>)","System.Void","System.String id; System.Collections.Generic.List`1<DolocTown.Config.Resource.ResourceSpawnData> spawn_datas","public","False","False","False","True","True","97","0x06006E08"
"DolocTown.Config.Resource.ResourceSpawnInfo","DeserializeResourceSpawnInfo","DolocTown.Config.Resource.ResourceSpawnInfo DolocTown.Config.Resource.ResourceSpawnInfo::DeserializeResourceSpawnInfo(SimpleJSON.JSONNode)","DolocTown.Config.Resource.ResourceSpawnInfo","SimpleJSON.JSONNode _json","public","True","False","False","False","True","7","0x06006E09"
"DolocTown.Config.Resource.ResourceSpawnInfo","get_Id","System.String DolocTown.Config.Resource.ResourceSpawnInfo::get_Id()","System.String","","public","False","False","False","False","True","7","0x06006E0A"
"DolocTown.Config.Resource.ResourceSpawnInfo","set_Id","System.Void DolocTown.Config.Resource.ResourceSpawnInfo::set_Id(System.String)","System.Void","System.String value","private","False","False","False","False","True","8","0x06006E0B"
"DolocTown.Config.Resource.ResourceSpawnInfo","get_SpawnDatas","System.Collections.Generic.List`1<DolocTown.Config.Resource.ResourceSpawnData> DolocTown.Config.Resource.ResourceSpawnInfo::get_SpawnDatas()","System.Collections.Generic.List`1<DolocTown.Config.Resource.ResourceSpawnData>","","public","False","False","False","False","True","7","0x06006E0C"
"DolocTown.Config.Resource.ResourceSpawnInfo","set_SpawnDatas","System.Void DolocTown.Config.Resource.ResourceSpawnInfo::set_SpawnDatas(System.Collections.Generic.List`1<DolocTown.Config.Resource.ResourceSpawnData>)","System.Void","System.Collections.Generic.List`1<DolocTown.Config.Resource.ResourceSpawnData> value","private","False","False","False","False","True","8","0x06006E0D"
"DolocTown.Config.Resource.ResourceSpawnInfo","GetTypeId","System.Int32 DolocTown.Config.Resource.ResourceSpawnInfo::GetTypeId()","System.Int32","","public","False","True","False","False","True","6","0x06006E0E"
"DolocTown.Config.Resource.ResourceSpawnInfo","Resolve","System.Void DolocTown.Config.Resource.ResourceSpawnInfo::Resolve(System.Collections.Generic.Dictionary`2<System.String,System.Object>)","System.Void","System.Collections.Generic.Dictionary`2<System.String,System.Object> _tables","public","False","False","False","False","True","65","0x06006E0F"
"DolocTown.Config.Resource.ResourceSpawnInfo","TranslateText","System.Void DolocTown.Config.Resource.ResourceSpawnInfo::TranslateText(System.Func`3<System.String,System.String,System.String>)","System.Void","System.Func`3<System.String,System.String,System.String> translator","public","False","False","False","False","True","59","0x06006E10"
"DolocTown.Config.Resource.ResourceSpawnInfo","ToString","System.String DolocTown.Config.Resource.ResourceSpawnInfo::ToString()","System.String","","public","False","True","False","False","True","59","0x06006E11"
"DolocTown.Config.Resource.ResourceSpawnInfo","PostResolve","System.Void DolocTown.Config.Resource.ResourceSpawnInfo::PostResolve()","System.Void","","private","False","False","False","False","True","66","0x06006E12"
"DolocTown.Config.Resource.ResourceSpawnInfo","get_Ceiling","System.Int32 DolocTown.Config.Resource.ResourceSpawnInfo::get_Ceiling()","System.Int32","","public","False","True","False","False","True","7","0x06006E13"
"DolocTown.Config.Resource.ResourceSpawnInfo","set_Ceiling","System.Void DolocTown.Config.Resource.ResourceSpawnInfo::set_Ceiling(System.Int32)","System.Void","System.Int32 value","private","False","False","False","False","True","8","0x06006E14"
"DolocTown.Config.Resource.ResourceSpawnInfo","get_SpawnDataList","System.Collections.Generic.List`1<DolocTown.Config.Global.SpawnData> DolocTown.Config.Resource.ResourceSpawnInfo::get_SpawnDataList()","System.Collections.Generic.List`1<DolocTown.Config.Global.SpawnData>","","public","False","True","False","False","True","7","0x06006E15"
"DolocTown.Config.Resource.ResourceSpawnInfo","set_SpawnDataList","System.Void DolocTown.Config.Resource.ResourceSpawnInfo::set_SpawnDataList(System.Collections.Generic.List`1<DolocTown.Config.Global.SpawnData>)","System.Void","System.Collections.Generic.List`1<DolocTown.Config.Global.SpawnData> value","private","False","False","False","False","True","8","0x06006E16"
"DolocTown.Config.Resource.ResourceSpawnInfo","SpawnFilter","System.Boolean DolocTown.Config.Resource.ResourceSpawnInfo::SpawnFilter(DolocTown.Config.Resource.ResourceSpawnData,DolocTown.GameData.DateInfo)","System.Boolean","DolocTown.Config.Resource.ResourceSpawnData data; DolocTown.GameData.DateInfo currentDate","private","False","False","False","False","True","75","0x06006E17"
"DolocTown.Config.Resource.ResourceSpawnInfo","TrySpawnSingle","System.Boolean DolocTown.Config.Resource.ResourceSpawnInfo::TrySpawnSingle(System.Collections.Generic.Dictionary`2<System.String,System.Int32>,DolocTown.Config.Resource.ResourceSpawnData&,DolocTown.GameData.DateInfo)","System.Boolean","System.Collections.Generic.Dictionary`2<System.String,System.Int32> currentCount; DolocTown.Config.Resource.ResourceSpawnData& spawnData; DolocTown.GameData.DateInfo currentDate","public","False","False","False","False","True","41","0x06006E18"
"DolocTown.Config.Resource.ResourceSpawnInfo","SpawnByFloor","System.Collections.Generic.List`1<System.ValueTuple`2<DolocTown.Config.Resource.ResourceSpawnData,System.Int32>> DolocTown.Config.Resource.ResourceSpawnInfo::SpawnByFloor(DolocTown.GameData.DateInfo)","System.Collections.Generic.List`1<System.ValueTuple`2<DolocTown.Config.Resource.ResourceSpawnData,System.Int32>>","DolocTown.GameData.DateInfo currentDate","public","False","False","False","False","True","39","0x06006E19"
"DolocTown.Config.Resource.ResourceSpawnInfo","SpawnResources","System.Collections.Generic.Dictionary`2<DolocTown.Config.Resource.ResourceSpawnData,System.Int32> DolocTown.Config.Resource.ResourceSpawnInfo::SpawnResources(System.Int32,DolocTown.GameData.DateInfo,System.Func`2<DolocTown.Config.Resource.ResourceSpawnData,System.Boolean>,System.String)","System.Collections.Generic.Dictionary`2<DolocTown.Config.Resource.ResourceSpawnData,System.Int32>","System.Int32 totalCount; DolocTown.GameData.DateInfo currentDate; System.Func`2<DolocTown.Config.Resource.ResourceSpawnData,System.Boolean> spawnFilter; System.String debugInfo","public","False","False","False","False","True","49","0x06006E1A"
"DolocTown.Config.Resource.ResourceSpawnInfo/<>c",".cctor","System.Void DolocTown.Config.Resource.ResourceSpawnInfo/<>c::.cctor()","System.Void","","private","True","False","False","True","True","11","0x0600A6FD"
"DolocTown.Config.Resource.ResourceSpawnInfo/<>c",".ctor","System.Void DolocTown.Config.Resource.ResourceSpawnInfo/<>c::.ctor()","System.Void","","public","False","False","False","True","True","7","0x0600A6FE"
"DolocTown.Config.Resource.ResourceSpawnInfo/<>c","<PostResolve>b__18_0","DolocTown.Config.Global.SpawnData DolocTown.Config.Resource.ResourceSpawnInfo/<>c::<PostResolve>b__18_0(DolocTown.Config.Resource.ResourceSpawnData)","DolocTown.Config.Global.SpawnData","DolocTown.Config.Resource.ResourceSpawnData x","internal","False","False","False","False","True","2","0x0600A6FF"
"DolocTown.Config.Resource.ResourceSpawnInfo/<>c__DisplayClass28_0",".ctor","System.Void DolocTown.Config.Resource.ResourceSpawnInfo/<>c__DisplayClass28_0::.ctor()","System.Void","","public","False","False","False","True","True","7","0x0600A700"
"DolocTown.Config.Resource.ResourceSpawnInfo/<>c__DisplayClass28_0","<TrySpawnSingle>b__0","System.Boolean DolocTown.Config.Resource.ResourceSpawnInfo/<>c__DisplayClass28_0::<TrySpawnSingle>b__0(DolocTown.Config.Resource.ResourceSpawnData)","System.Boolean","DolocTown.Config.Resource.ResourceSpawnData data","internal","False","False","False","False","True","19","0x0600A701"
"DolocTown.Config.Resource.ResourceSpawnInfo/<>c__DisplayClass29_0",".ctor","System.Void DolocTown.Config.Resource.ResourceSpawnInfo/<>c__DisplayClass29_0::.ctor()","System.Void","","public","False","False","False","True","True","7","0x0600A702"
"DolocTown.Config.Resource.ResourceSpawnInfo/<>c__DisplayClass29_0","<SpawnByFloor>b__0","System.Boolean DolocTown.Config.Resource.ResourceSpawnInfo/<>c__DisplayClass29_0::<SpawnByFloor>b__0(DolocTown.Config.Resource.ResourceSpawnData)","System.Boolean","DolocTown.Config.Resource.ResourceSpawnData data","internal","False","False","False","False","True","19","0x0600A703"
"DolocTown.Config.Resource.ResourceSpawnInfo/<>c__DisplayClass30_0",".ctor","System.Void DolocTown.Config.Resource.ResourceSpawnInfo/<>c__DisplayClass30_0::.ctor()","System.Void","","public","False","False","False","True","True","7","0x0600A704"
"DolocTown.Config.Resource.ResourceSpawnInfo/<>c__DisplayClass30_0","<SpawnResources>b__0","System.Boolean DolocTown.Config.Resource.ResourceSpawnInfo/<>c__DisplayClass30_0::<SpawnResources>b__0(DolocTown.Config.Resource.ResourceSpawnData)","System.Boolean","DolocTown.Config.Resource.ResourceSpawnData x","internal","False","False","False","False","True","41","0x0600A705"
"DolocTown.Config.Resource.ResourceTypeInfo",".ctor","System.Void DolocTown.Config.Resource.ResourceTypeInfo::.ctor(SimpleJSON.JSONNode)","System.Void","SimpleJSON.JSONNode _json","public","False","False","False","True","True","237","0x06006E1B"
"DolocTown.Config.Resource.ResourceTypeInfo",".ctor","System.Void DolocTown.Config.Resource.ResourceTypeInfo::.ctor(DolocTown.Config.Resource.DungeonResourceType,DolocTown.Config.Resource.DungeonResourceClass,DolocTown.Config.General.SortingLayerInfo,System.String,System.String)","System.Void","DolocTown.Config.Resource.DungeonResourceType resource_type; DolocTown.Config.Resource.DungeonResourceClass resource_class; DolocTown.Config.General.SortingLayerInfo sorting_layer; System.String terrain_layer; System.String class_type_name","public","False","False","False","True","True","44","0x06006E1C"
"DolocTown.Config.Resource.ResourceTypeInfo","DeserializeResourceTypeInfo","DolocTown.Config.Resource.ResourceTypeInfo DolocTown.Config.Resource.ResourceTypeInfo::DeserializeResourceTypeInfo(SimpleJSON.JSONNode)","DolocTown.Config.Resource.ResourceTypeInfo","SimpleJSON.JSONNode _json","public","True","False","False","False","True","7","0x06006E1D"
"DolocTown.Config.Resource.ResourceTypeInfo","get_ResourceType","DolocTown.Config.Resource.DungeonResourceType DolocTown.Config.Resource.ResourceTypeInfo::get_ResourceType()","DolocTown.Config.Resource.DungeonResourceType","","public","False","False","False","False","True","7","0x06006E1E"
"DolocTown.Config.Resource.ResourceTypeInfo","set_ResourceType","System.Void DolocTown.Config.Resource.ResourceTypeInfo::set_ResourceType(DolocTown.Config.Resource.DungeonResourceType)","System.Void","DolocTown.Config.Resource.DungeonResourceType value","private","False","False","False","False","True","8","0x06006E1F"
"DolocTown.Config.Resource.ResourceTypeInfo","get_ResourceClass","DolocTown.Config.Resource.DungeonResourceClass DolocTown.Config.Resource.ResourceTypeInfo::get_ResourceClass()","DolocTown.Config.Resource.DungeonResourceClass","","public","False","False","False","False","True","7","0x06006E20"
"DolocTown.Config.Resource.ResourceTypeInfo","set_ResourceClass","System.Void DolocTown.Config.Resource.ResourceTypeInfo::set_ResourceClass(DolocTown.Config.Resource.DungeonResourceClass)","System.Void","DolocTown.Config.Resource.DungeonResourceClass value","private","False","False","False","False","True","8","0x06006E21"
"DolocTown.Config.Resource.ResourceTypeInfo","get_SortingLayer","DolocTown.Config.General.SortingLayerInfo DolocTown.Config.Resource.ResourceTypeInfo::get_SortingLayer()","DolocTown.Config.General.SortingLayerInfo","","public","False","False","False","False","True","7","0x06006E22"
"DolocTown.Config.Resource.ResourceTypeInfo","set_SortingLayer","System.Void DolocTown.Config.Resource.ResourceTypeInfo::set_SortingLayer(DolocTown.Config.General.SortingLayerInfo)","System.Void","DolocTown.Config.General.SortingLayerInfo value","private","False","False","False","False","True","8","0x06006E23"
"DolocTown.Config.Resource.ResourceTypeInfo","get_TerrainLayer","System.String DolocTown.Config.Resource.ResourceTypeInfo::get_TerrainLayer()","System.String","","public","False","False","False","False","True","7","0x06006E24"
"DolocTown.Config.Resource.ResourceTypeInfo","set_TerrainLayer","System.Void DolocTown.Config.Resource.ResourceTypeInfo::set_TerrainLayer(System.String)","System.Void","System.String value","private","False","False","False","False","True","8","0x06006E25"
"DolocTown.Config.Resource.ResourceTypeInfo","get_ClassTypeName","System.String DolocTown.Config.Resource.ResourceTypeInfo::get_ClassTypeName()","System.String","","public","False","False","False","False","True","7","0x06006E26"
"DolocTown.Config.Resource.ResourceTypeInfo","set_ClassTypeName","System.Void DolocTown.Config.Resource.ResourceTypeInfo::set_ClassTypeName(System.String)","System.Void","System.String value","private","False","False","False","False","True","8","0x06006E27"
"DolocTown.Config.Resource.ResourceTypeInfo","GetTypeId","System.Int32 DolocTown.Config.Resource.ResourceTypeInfo::GetTypeId()","System.Int32","","public","False","True","False","False","True","6","0x06006E28"
"DolocTown.Config.Resource.ResourceTypeInfo","Resolve","System.Void DolocTown.Config.Resource.ResourceTypeInfo::Resolve(System.Collections.Generic.Dictionary`2<System.String,System.Object>)","System.Void","System.Collections.Generic.Dictionary`2<System.String,System.Object> _tables","public","False","False","False","False","True","18","0x06006E29"
"DolocTown.Config.Resource.ResourceTypeInfo","TranslateText","System.Void DolocTown.Config.Resource.ResourceTypeInfo::TranslateText(System.Func`3<System.String,System.String,System.String>)","System.Void","System.Func`3<System.String,System.String,System.String> translator","public","False","False","False","False","True","18","0x06006E2A"
"DolocTown.Config.Resource.ResourceTypeInfo","ToString","System.String DolocTown.Config.Resource.ResourceTypeInfo::ToString()","System.String","","public","False","True","False","False","True","148","0x06006E2B"
"DolocTown.Config.Resource.TbEnvObject",".ctor","System.Void DolocTown.Config.Resource.TbEnvObject::.ctor(SimpleJSON.JSONNode)","System.Void","SimpleJSON.JSONNode _json","public","False","False","False","True","True","135","0x06006E2C"
"DolocTown.Config.Resource.TbEnvObject","get_DataMap","System.Collections.Generic.Dictionary`2<System.String,DolocTown.Config.Resource.EnvObjectInfo> DolocTown.Config.Resource.TbEnvObject::get_DataMap()","System.Collections.Generic.Dictionary`2<System.String,DolocTown.Config.Resource.EnvObjectInfo>","","public","False","False","False","False","True","7","0x06006E2D"
"DolocTown.Config.Resource.TbEnvObject","get_DataList","System.Collections.Generic.List`1<DolocTown.Config.Resource.EnvObjectInfo> DolocTown.Config.Resource.TbEnvObject::get_DataList()","System.Collections.Generic.List`1<DolocTown.Config.Resource.EnvObjectInfo>","","public","False","False","False","False","True","7","0x06006E2E"
"DolocTown.Config.Resource.TbEnvObject","GetOrDefault","DolocTown.Config.Resource.EnvObjectInfo DolocTown.Config.Resource.TbEnvObject::GetOrDefault(System.String)","DolocTown.Config.Resource.EnvObjectInfo","System.String key","public","False","False","False","False","True","20","0x06006E2F"
"DolocTown.Config.Resource.TbEnvObject","Get","DolocTown.Config.Resource.EnvObjectInfo DolocTown.Config.Resource.TbEnvObject::Get(System.String)","DolocTown.Config.Resource.EnvObjectInfo","System.String key","public","False","False","False","False","True","13","0x06006E30"
"DolocTown.Config.Resource.TbEnvObject","get_Item","DolocTown.Config.Resource.EnvObjectInfo DolocTown.Config.Resource.TbEnvObject::get_Item(System.String)","DolocTown.Config.Resource.EnvObjectInfo","System.String key","public","False","False","False","False","True","13","0x06006E31"
"DolocTown.Config.Resource.TbEnvObject","Resolve","System.Void DolocTown.Config.Resource.TbEnvObject::Resolve(System.Collections.Generic.Dictionary`2<System.String,System.Object>)","System.Void","System.Collections.Generic.Dictionary`2<System.String,System.Object> _tables","public","False","False","False","False","True","53","0x06006E32"
"DolocTown.Config.Resource.TbEnvObject","TranslateText","System.Void DolocTown.Config.Resource.TbEnvObject::TranslateText(System.Func`3<System.String,System.String,System.String>)","System.Void","System.Func`3<System.String,System.String,System.String> translator","public","False","False","False","False","True","53","0x06006E33"
"DolocTown.Config.Resource.TbEnvObjectSpawn",".ctor","System.Void DolocTown.Config.Resource.TbEnvObjectSpawn::.ctor(SimpleJSON.JSONNode)","System.Void","SimpleJSON.JSONNode _json","public","False","False","False","True","True","135","0x06006E34"
"DolocTown.Config.Resource.TbEnvObjectSpawn","get_DataMap","System.Collections.Generic.Dictionary`2<System.String,DolocTown.Config.Resource.EnvObjectSpawnInfo> DolocTown.Config.Resource.TbEnvObjectSpawn::get_DataMap()","System.Collections.Generic.Dictionary`2<System.String,DolocTown.Config.Resource.EnvObjectSpawnInfo>","","public","False","False","False","False","True","7","0x06006E35"
"DolocTown.Config.Resource.TbEnvObjectSpawn","get_DataList","System.Collections.Generic.List`1<DolocTown.Config.Resource.EnvObjectSpawnInfo> DolocTown.Config.Resource.TbEnvObjectSpawn::get_DataList()","System.Collections.Generic.List`1<DolocTown.Config.Resource.EnvObjectSpawnInfo>","","public","False","False","False","False","True","7","0x06006E36"
"DolocTown.Config.Resource.TbEnvObjectSpawn","GetOrDefault","DolocTown.Config.Resource.EnvObjectSpawnInfo DolocTown.Config.Resource.TbEnvObjectSpawn::GetOrDefault(System.String)","DolocTown.Config.Resource.EnvObjectSpawnInfo","System.String key","public","False","False","False","False","True","20","0x06006E37"
"DolocTown.Config.Resource.TbEnvObjectSpawn","Get","DolocTown.Config.Resource.EnvObjectSpawnInfo DolocTown.Config.Resource.TbEnvObjectSpawn::Get(System.String)","DolocTown.Config.Resource.EnvObjectSpawnInfo","System.String key","public","False","False","False","False","True","13","0x06006E38"
"DolocTown.Config.Resource.TbEnvObjectSpawn","get_Item","DolocTown.Config.Resource.EnvObjectSpawnInfo DolocTown.Config.Resource.TbEnvObjectSpawn::get_Item(System.String)","DolocTown.Config.Resource.EnvObjectSpawnInfo","System.String key","public","False","False","False","False","True","13","0x06006E39"
"DolocTown.Config.Resource.TbEnvObjectSpawn","Resolve","System.Void DolocTown.Config.Resource.TbEnvObjectSpawn::Resolve(System.Collections.Generic.Dictionary`2<System.String,System.Object>)","System.Void","System.Collections.Generic.Dictionary`2<System.String,System.Object> _tables","public","False","False","False","False","True","53","0x06006E3A"
"DolocTown.Config.Resource.TbEnvObjectSpawn","TranslateText","System.Void DolocTown.Config.Resource.TbEnvObjectSpawn::TranslateText(System.Func`3<System.String,System.String,System.String>)","System.Void","System.Func`3<System.String,System.String,System.String> translator","public","False","False","False","False","True","53","0x06006E3B"
"DolocTown.Config.Resource.TbGlobalGuaranteed",".ctor","System.Void DolocTown.Config.Resource.TbGlobalGuaranteed::.ctor(SimpleJSON.JSONNode)","System.Void","SimpleJSON.JSONNode _json","public","False","False","False","True","True","279","0x06006E3C"
"DolocTown.Config.Resource.TbGlobalGuaranteed","get_DataList","System.Collections.Generic.List`1<DolocTown.Config.Resource.GlobalGuaranteedInfo> DolocTown.Config.Resource.TbGlobalGuaranteed::get_DataList()","System.Collections.Generic.List`1<DolocTown.Config.Resource.GlobalGuaranteedInfo>","","public","False","False","False","False","True","7","0x06006E3D"
"DolocTown.Config.Resource.TbGlobalGuaranteed","Get","DolocTown.Config.Resource.GlobalGuaranteedInfo DolocTown.Config.Resource.TbGlobalGuaranteed::Get(DolocTown.Config.Resource.GuaranteedType,System.String)","DolocTown.Config.Resource.GlobalGuaranteedInfo","DolocTown.Config.Resource.GuaranteedType type; System.String spawn_id","public","False","False","False","False","True","26","0x06006E3E"
"DolocTown.Config.Resource.TbGlobalGuaranteed","Resolve","System.Void DolocTown.Config.Resource.TbGlobalGuaranteed::Resolve(System.Collections.Generic.Dictionary`2<System.String,System.Object>)","System.Void","System.Collections.Generic.Dictionary`2<System.String,System.Object> _tables","public","False","False","False","False","True","53","0x06006E3F"
"DolocTown.Config.Resource.TbGlobalGuaranteed","TranslateText","System.Void DolocTown.Config.Resource.TbGlobalGuaranteed::TranslateText(System.Func`3<System.String,System.String,System.String>)","System.Void","System.Func`3<System.String,System.String,System.String> translator","public","False","False","False","False","True","53","0x06006E40"
"DolocTown.Config.Resource.TbResinCollectorOutput",".ctor","System.Void DolocTown.Config.Resource.TbResinCollectorOutput::.ctor(SimpleJSON.JSONNode)","System.Void","SimpleJSON.JSONNode _json","public","False","False","False","True","True","135","0x06006E41"
"DolocTown.Config.Resource.TbResinCollectorOutput","get_DataMap","System.Collections.Generic.Dictionary`2<System.String,DolocTown.Config.Resource.ResinCollectorOutputInfo> DolocTown.Config.Resource.TbResinCollectorOutput::get_DataMap()","System.Collections.Generic.Dictionary`2<System.String,DolocTown.Config.Resource.ResinCollectorOutputInfo>","","public","False","False","False","False","True","7","0x06006E42"
"DolocTown.Config.Resource.TbResinCollectorOutput","get_DataList","System.Collections.Generic.List`1<DolocTown.Config.Resource.ResinCollectorOutputInfo> DolocTown.Config.Resource.TbResinCollectorOutput::get_DataList()","System.Collections.Generic.List`1<DolocTown.Config.Resource.ResinCollectorOutputInfo>","","public","False","False","False","False","True","7","0x06006E43"
"DolocTown.Config.Resource.TbResinCollectorOutput","GetOrDefault","DolocTown.Config.Resource.ResinCollectorOutputInfo DolocTown.Config.Resource.TbResinCollectorOutput::GetOrDefault(System.String)","DolocTown.Config.Resource.ResinCollectorOutputInfo","System.String key","public","False","False","False","False","True","20","0x06006E44"
"DolocTown.Config.Resource.TbResinCollectorOutput","Get","DolocTown.Config.Resource.ResinCollectorOutputInfo DolocTown.Config.Resource.TbResinCollectorOutput::Get(System.String)","DolocTown.Config.Resource.ResinCollectorOutputInfo","System.String key","public","False","False","False","False","True","13","0x06006E45"
"DolocTown.Config.Resource.TbResinCollectorOutput","get_Item","DolocTown.Config.Resource.ResinCollectorOutputInfo DolocTown.Config.Resource.TbResinCollectorOutput::get_Item(System.String)","DolocTown.Config.Resource.ResinCollectorOutputInfo","System.String key","public","False","False","False","False","True","13","0x06006E46"
"DolocTown.Config.Resource.TbResinCollectorOutput","Resolve","System.Void DolocTown.Config.Resource.TbResinCollectorOutput::Resolve(System.Collections.Generic.Dictionary`2<System.String,System.Object>)","System.Void","System.Collections.Generic.Dictionary`2<System.String,System.Object> _tables","public","False","False","False","False","True","53","0x06006E47"
"DolocTown.Config.Resource.TbResinCollectorOutput","TranslateText","System.Void DolocTown.Config.Resource.TbResinCollectorOutput::TranslateText(System.Func`3<System.String,System.String,System.String>)","System.Void","System.Func`3<System.String,System.String,System.String> translator","public","False","False","False","False","True","53","0x06006E48"
"DolocTown.Config.Resource.TbResource",".ctor","System.Void DolocTown.Config.Resource.TbResource::.ctor(SimpleJSON.JSONNode)","System.Void","SimpleJSON.JSONNode _json","public","False","False","False","True","True","135","0x06006E49"
"DolocTown.Config.Resource.TbResource","get_DataMap","System.Collections.Generic.Dictionary`2<System.String,DolocTown.Config.Resource.ResourceInfo> DolocTown.Config.Resource.TbResource::get_DataMap()","System.Collections.Generic.Dictionary`2<System.String,DolocTown.Config.Resource.ResourceInfo>","","public","False","False","False","False","True","7","0x06006E4A"
"DolocTown.Config.Resource.TbResource","get_DataList","System.Collections.Generic.List`1<DolocTown.Config.Resource.ResourceInfo> DolocTown.Config.Resource.TbResource::get_DataList()","System.Collections.Generic.List`1<DolocTown.Config.Resource.ResourceInfo>","","public","False","False","False","False","True","7","0x06006E4B"
"DolocTown.Config.Resource.TbResource","GetOrDefault","DolocTown.Config.Resource.ResourceInfo DolocTown.Config.Resource.TbResource::GetOrDefault(System.String)","DolocTown.Config.Resource.ResourceInfo","System.String key","public","False","False","False","False","True","20","0x06006E4C"
"DolocTown.Config.Resource.TbResource","Get","DolocTown.Config.Resource.ResourceInfo DolocTown.Config.Resource.TbResource::Get(System.String)","DolocTown.Config.Resource.ResourceInfo","System.String key","public","False","False","False","False","True","13","0x06006E4D"
"DolocTown.Config.Resource.TbResource","get_Item","DolocTown.Config.Resource.ResourceInfo DolocTown.Config.Resource.TbResource::get_Item(System.String)","DolocTown.Config.Resource.ResourceInfo","System.String key","public","False","False","False","False","True","13","0x06006E4E"
"DolocTown.Config.Resource.TbResource","Resolve","System.Void DolocTown.Config.Resource.TbResource::Resolve(System.Collections.Generic.Dictionary`2<System.String,System.Object>)","System.Void","System.Collections.Generic.Dictionary`2<System.String,System.Object> _tables","public","False","False","False","False","True","53","0x06006E4F"
"DolocTown.Config.Resource.TbResource","TranslateText","System.Void DolocTown.Config.Resource.TbResource::TranslateText(System.Func`3<System.String,System.String,System.String>)","System.Void","System.Func`3<System.String,System.String,System.String> translator","public","False","False","False","False","True","53","0x06006E50"
"DolocTown.Config.Resource.TbResourceDocument",".ctor","System.Void DolocTown.Config.Resource.TbResourceDocument::.ctor(SimpleJSON.JSONNode)","System.Void","SimpleJSON.JSONNode _json","public","False","False","False","True","True","135","0x06006E51"
"DolocTown.Config.Resource.TbResourceDocument","get_DataMap","System.Collections.Generic.Dictionary`2<System.String,DolocTown.Config.Resource.ResourceDocumentInfo> DolocTown.Config.Resource.TbResourceDocument::get_DataMap()","System.Collections.Generic.Dictionary`2<System.String,DolocTown.Config.Resource.ResourceDocumentInfo>","","public","False","False","False","False","True","7","0x06006E52"
"DolocTown.Config.Resource.TbResourceDocument","get_DataList","System.Collections.Generic.List`1<DolocTown.Config.Resource.ResourceDocumentInfo> DolocTown.Config.Resource.TbResourceDocument::get_DataList()","System.Collections.Generic.List`1<DolocTown.Config.Resource.ResourceDocumentInfo>","","public","False","False","False","False","True","7","0x06006E53"
"DolocTown.Config.Resource.TbResourceDocument","GetOrDefault","DolocTown.Config.Resource.ResourceDocumentInfo DolocTown.Config.Resource.TbResourceDocument::GetOrDefault(System.String)","DolocTown.Config.Resource.ResourceDocumentInfo","System.String key","public","False","False","False","False","True","20","0x06006E54"
"DolocTown.Config.Resource.TbResourceDocument","Get","DolocTown.Config.Resource.ResourceDocumentInfo DolocTown.Config.Resource.TbResourceDocument::Get(System.String)","DolocTown.Config.Resource.ResourceDocumentInfo","System.String key","public","False","False","False","False","True","13","0x06006E55"
"DolocTown.Config.Resource.TbResourceDocument","get_Item","DolocTown.Config.Resource.ResourceDocumentInfo DolocTown.Config.Resource.TbResourceDocument::get_Item(System.String)","DolocTown.Config.Resource.ResourceDocumentInfo","System.String key","public","False","False","False","False","True","13","0x06006E56"
"DolocTown.Config.Resource.TbResourceDocument","Resolve","System.Void DolocTown.Config.Resource.TbResourceDocument::Resolve(System.Collections.Generic.Dictionary`2<System.String,System.Object>)","System.Void","System.Collections.Generic.Dictionary`2<System.String,System.Object> _tables","public","False","False","False","False","True","53","0x06006E57"
"DolocTown.Config.Resource.TbResourceDocument","TranslateText","System.Void DolocTown.Config.Resource.TbResourceDocument::TranslateText(System.Func`3<System.String,System.String,System.String>)","System.Void","System.Func`3<System.String,System.String,System.String> translator","public","False","False","False","False","True","53","0x06006E58"
"DolocTown.Config.Resource.TbResourceSpawn",".ctor","System.Void DolocTown.Config.Resource.TbResourceSpawn::.ctor(SimpleJSON.JSONNode)","System.Void","SimpleJSON.JSONNode _json","public","False","False","False","True","True","135","0x06006E59"
"DolocTown.Config.Resource.TbResourceSpawn","get_DataMap","System.Collections.Generic.Dictionary`2<System.String,DolocTown.Config.Resource.ResourceSpawnInfo> DolocTown.Config.Resource.TbResourceSpawn::get_DataMap()","System.Collections.Generic.Dictionary`2<System.String,DolocTown.Config.Resource.ResourceSpawnInfo>","","public","False","False","False","False","True","7","0x06006E5A"
"DolocTown.Config.Resource.TbResourceSpawn","get_DataList","System.Collections.Generic.List`1<DolocTown.Config.Resource.ResourceSpawnInfo> DolocTown.Config.Resource.TbResourceSpawn::get_DataList()","System.Collections.Generic.List`1<DolocTown.Config.Resource.ResourceSpawnInfo>","","public","False","False","False","False","True","7","0x06006E5B"
"DolocTown.Config.Resource.TbResourceSpawn","GetOrDefault","DolocTown.Config.Resource.ResourceSpawnInfo DolocTown.Config.Resource.TbResourceSpawn::GetOrDefault(System.String)","DolocTown.Config.Resource.ResourceSpawnInfo","System.String key","public","False","False","False","False","True","20","0x06006E5C"
"DolocTown.Config.Resource.TbResourceSpawn","Get","DolocTown.Config.Resource.ResourceSpawnInfo DolocTown.Config.Resource.TbResourceSpawn::Get(System.String)","DolocTown.Config.Resource.ResourceSpawnInfo","System.String key","public","False","False","False","False","True","13","0x06006E5D"
"DolocTown.Config.Resource.TbResourceSpawn","get_Item","DolocTown.Config.Resource.ResourceSpawnInfo DolocTown.Config.Resource.TbResourceSpawn::get_Item(System.String)","DolocTown.Config.Resource.ResourceSpawnInfo","System.String key","public","False","False","False","False","True","13","0x06006E5E"
"DolocTown.Config.Resource.TbResourceSpawn","Resolve","System.Void DolocTown.Config.Resource.TbResourceSpawn::Resolve(System.Collections.Generic.Dictionary`2<System.String,System.Object>)","System.Void","System.Collections.Generic.Dictionary`2<System.String,System.Object> _tables","public","False","False","False","False","True","53","0x06006E5F"
"DolocTown.Config.Resource.TbResourceSpawn","TranslateText","System.Void DolocTown.Config.Resource.TbResourceSpawn::TranslateText(System.Func`3<System.String,System.String,System.String>)","System.Void","System.Func`3<System.String,System.String,System.String> translator","public","False","False","False","False","True","53","0x06006E60"
"DolocTown.Config.Resource.TbResourceType",".ctor","System.Void DolocTown.Config.Resource.TbResourceType::.ctor(SimpleJSON.JSONNode)","System.Void","SimpleJSON.JSONNode _json","public","False","False","False","True","True","135","0x06006E61"
"DolocTown.Config.Resource.TbResourceType","get_DataMap","System.Collections.Generic.Dictionary`2<DolocTown.Config.Resource.DungeonResourceType,DolocTown.Config.Resource.ResourceTypeInfo> DolocTown.Config.Resource.TbResourceType::get_DataMap()","System.Collections.Generic.Dictionary`2<DolocTown.Config.Resource.DungeonResourceType,DolocTown.Config.Resource.ResourceTypeInfo>","","public","False","False","False","False","True","7","0x06006E62"
"DolocTown.Config.Resource.TbResourceType","get_DataList","System.Collections.Generic.List`1<DolocTown.Config.Resource.ResourceTypeInfo> DolocTown.Config.Resource.TbResourceType::get_DataList()","System.Collections.Generic.List`1<DolocTown.Config.Resource.ResourceTypeInfo>","","public","False","False","False","False","True","7","0x06006E63"
"DolocTown.Config.Resource.TbResourceType","GetOrDefault","DolocTown.Config.Resource.ResourceTypeInfo DolocTown.Config.Resource.TbResourceType::GetOrDefault(DolocTown.Config.Resource.DungeonResourceType)","DolocTown.Config.Resource.ResourceTypeInfo","DolocTown.Config.Resource.DungeonResourceType key","public","False","False","False","False","True","20","0x06006E64"
"DolocTown.Config.Resource.TbResourceType","Get","DolocTown.Config.Resource.ResourceTypeInfo DolocTown.Config.Resource.TbResourceType::Get(DolocTown.Config.Resource.DungeonResourceType)","DolocTown.Config.Resource.ResourceTypeInfo","DolocTown.Config.Resource.DungeonResourceType key","public","False","False","False","False","True","13","0x06006E65"
"DolocTown.Config.Resource.TbResourceType","get_Item","DolocTown.Config.Resource.ResourceTypeInfo DolocTown.Config.Resource.TbResourceType::get_Item(DolocTown.Config.Resource.DungeonResourceType)","DolocTown.Config.Resource.ResourceTypeInfo","DolocTown.Config.Resource.DungeonResourceType key","public","False","False","False","False","True","13","0x06006E66"
"DolocTown.Config.Resource.TbResourceType","Resolve","System.Void DolocTown.Config.Resource.TbResourceType::Resolve(System.Collections.Generic.Dictionary`2<System.String,System.Object>)","System.Void","System.Collections.Generic.Dictionary`2<System.String,System.Object> _tables","public","False","False","False","False","True","53","0x06006E67"
"DolocTown.Config.Resource.TbResourceType","TranslateText","System.Void DolocTown.Config.Resource.TbResourceType::TranslateText(System.Func`3<System.String,System.String,System.String>)","System.Void","System.Func`3<System.String,System.String,System.String> translator","public","False","False","False","False","True","53","0x06006E68"
"DolocTown.Config.Resource.TbVegetation",".ctor","System.Void DolocTown.Config.Resource.TbVegetation::.ctor(SimpleJSON.JSONNode)","System.Void","SimpleJSON.JSONNode _json","public","False","False","False","True","True","135","0x06006E69"
"DolocTown.Config.Resource.TbVegetation","get_DataMap","System.Collections.Generic.Dictionary`2<System.String,DolocTown.Config.Resource.VegetationInfo> DolocTown.Config.Resource.TbVegetation::get_DataMap()","System.Collections.Generic.Dictionary`2<System.String,DolocTown.Config.Resource.VegetationInfo>","","public","False","False","False","False","True","7","0x06006E6A"
"DolocTown.Config.Resource.TbVegetation","get_DataList","System.Collections.Generic.List`1<DolocTown.Config.Resource.VegetationInfo> DolocTown.Config.Resource.TbVegetation::get_DataList()","System.Collections.Generic.List`1<DolocTown.Config.Resource.VegetationInfo>","","public","False","False","False","False","True","7","0x06006E6B"
"DolocTown.Config.Resource.TbVegetation","GetOrDefault","DolocTown.Config.Resource.VegetationInfo DolocTown.Config.Resource.TbVegetation::GetOrDefault(System.String)","DolocTown.Config.Resource.VegetationInfo","System.String key","public","False","False","False","False","True","20","0x06006E6C"
"DolocTown.Config.Resource.TbVegetation","Get","DolocTown.Config.Resource.VegetationInfo DolocTown.Config.Resource.TbVegetation::Get(System.String)","DolocTown.Config.Resource.VegetationInfo","System.String key","public","False","False","False","False","True","13","0x06006E6D"
"DolocTown.Config.Resource.TbVegetation","get_Item","DolocTown.Config.Resource.VegetationInfo DolocTown.Config.Resource.TbVegetation::get_Item(System.String)","DolocTown.Config.Resource.VegetationInfo","System.String key","public","False","False","False","False","True","13","0x06006E6E"
"DolocTown.Config.Resource.TbVegetation","Resolve","System.Void DolocTown.Config.Resource.TbVegetation::Resolve(System.Collections.Generic.Dictionary`2<System.String,System.Object>)","System.Void","System.Collections.Generic.Dictionary`2<System.String,System.Object> _tables","public","False","False","False","False","True","53","0x06006E6F"
"DolocTown.Config.Resource.TbVegetation","TranslateText","System.Void DolocTown.Config.Resource.TbVegetation::TranslateText(System.Func`3<System.String,System.String,System.String>)","System.Void","System.Func`3<System.String,System.String,System.String> translator","public","False","False","False","False","True","53","0x06006E70"
"DolocTown.Config.Resource.TbVegetationSpawn",".ctor","System.Void DolocTown.Config.Resource.TbVegetationSpawn::.ctor(SimpleJSON.JSONNode)","System.Void","SimpleJSON.JSONNode _json","public","False","False","False","True","True","135","0x06006E71"
"DolocTown.Config.Resource.TbVegetationSpawn","get_DataMap","System.Collections.Generic.Dictionary`2<System.String,DolocTown.Config.Resource.VegetationSpawnInfo> DolocTown.Config.Resource.TbVegetationSpawn::get_DataMap()","System.Collections.Generic.Dictionary`2<System.String,DolocTown.Config.Resource.VegetationSpawnInfo>","","public","False","False","False","False","True","7","0x06006E72"
"DolocTown.Config.Resource.TbVegetationSpawn","get_DataList","System.Collections.Generic.List`1<DolocTown.Config.Resource.VegetationSpawnInfo> DolocTown.Config.Resource.TbVegetationSpawn::get_DataList()","System.Collections.Generic.List`1<DolocTown.Config.Resource.VegetationSpawnInfo>","","public","False","False","False","False","True","7","0x06006E73"
"DolocTown.Config.Resource.TbVegetationSpawn","GetOrDefault","DolocTown.Config.Resource.VegetationSpawnInfo DolocTown.Config.Resource.TbVegetationSpawn::GetOrDefault(System.String)","DolocTown.Config.Resource.VegetationSpawnInfo","System.String key","public","False","False","False","False","True","20","0x06006E74"
"DolocTown.Config.Resource.TbVegetationSpawn","Get","DolocTown.Config.Resource.VegetationSpawnInfo DolocTown.Config.Resource.TbVegetationSpawn::Get(System.String)","DolocTown.Config.Resource.VegetationSpawnInfo","System.String key","public","False","False","False","False","True","13","0x06006E75"
"DolocTown.Config.Resource.TbVegetationSpawn","get_Item","DolocTown.Config.Resource.VegetationSpawnInfo DolocTown.Config.Resource.TbVegetationSpawn::get_Item(System.String)","DolocTown.Config.Resource.VegetationSpawnInfo","System.String key","public","False","False","False","False","True","13","0x06006E76"
"DolocTown.Config.Resource.TbVegetationSpawn","Resolve","System.Void DolocTown.Config.Resource.TbVegetationSpawn::Resolve(System.Collections.Generic.Dictionary`2<System.String,System.Object>)","System.Void","System.Collections.Generic.Dictionary`2<System.String,System.Object> _tables","public","False","False","False","False","True","53","0x06006E77"
"DolocTown.Config.Resource.TbVegetationSpawn","TranslateText","System.Void DolocTown.Config.Resource.TbVegetationSpawn::TranslateText(System.Func`3<System.String,System.String,System.String>)","System.Void","System.Func`3<System.String,System.String,System.String> translator","public","False","False","False","False","True","53","0x06006E78"
"DolocTown.Config.Resource.VegetationFuncBase",".ctor","System.Void DolocTown.Config.Resource.VegetationFuncBase::.ctor(SimpleJSON.JSONNode)","System.Void","SimpleJSON.JSONNode _json","public","False","False","False","True","True","7","0x06006E79"
"DolocTown.Config.Resource.VegetationFuncBase",".ctor","System.Void DolocTown.Config.Resource.VegetationFuncBase::.ctor()","System.Void","","public","False","False","False","True","True","7","0x06006E7A"
"DolocTown.Config.Resource.VegetationFuncBase","DeserializeVegetationFuncBase","DolocTown.Config.Resource.VegetationFuncBase DolocTown.Config.Resource.VegetationFuncBase::DeserializeVegetationFuncBase(SimpleJSON.JSONNode)","DolocTown.Config.Resource.VegetationFuncBase","SimpleJSON.JSONNode _json","public","True","False","False","False","True","274","0x06006E7B"
"DolocTown.Config.Resource.VegetationFuncBase","Resolve","System.Void DolocTown.Config.Resource.VegetationFuncBase::Resolve(System.Collections.Generic.Dictionary`2<System.String,System.Object>)","System.Void","System.Collections.Generic.Dictionary`2<System.String,System.Object> _tables","public","False","True","False","False","True","1","0x06006E7C"
"DolocTown.Config.Resource.VegetationFuncBase","TranslateText","System.Void DolocTown.Config.Resource.VegetationFuncBase::TranslateText(System.Func`3<System.String,System.String,System.String>)","System.Void","System.Func`3<System.String,System.String,System.String> translator","public","False","True","False","False","True","1","0x06006E7D"
"DolocTown.Config.Resource.VegetationFuncBase","ToString","System.String DolocTown.Config.Resource.VegetationFuncBase::ToString()","System.String","","public","False","True","False","False","True","6","0x06006E7E"
"DolocTown.Config.Resource.VegetationFuncBerryThicket",".ctor","System.Void DolocTown.Config.Resource.VegetationFuncBerryThicket::.ctor(SimpleJSON.JSONNode)","System.Void","SimpleJSON.JSONNode _json","public","False","False","False","True","True","8","0x06006E7F"
"DolocTown.Config.Resource.VegetationFuncBerryThicket",".ctor","System.Void DolocTown.Config.Resource.VegetationFuncBerryThicket::.ctor(UnityEngine.Vector2Int,DolocTown.SpriteAssetArray)","System.Void","UnityEngine.Vector2Int growth_value; DolocTown.SpriteAssetArray level_sprites","public","False","False","False","True","True","9","0x06006E80"
"DolocTown.Config.Resource.VegetationFuncBerryThicket","DeserializeVegetationFuncBerryThicket","DolocTown.Config.Resource.VegetationFuncBerryThicket DolocTown.Config.Resource.VegetationFuncBerryThicket::DeserializeVegetationFuncBerryThicket(SimpleJSON.JSONNode)","DolocTown.Config.Resource.VegetationFuncBerryThicket","SimpleJSON.JSONNode _json","public","True","False","False","False","True","7","0x06006E81"
"DolocTown.Config.Resource.VegetationFuncBerryThicket","GetTypeId","System.Int32 DolocTown.Config.Resource.VegetationFuncBerryThicket::GetTypeId()","System.Int32","","public","False","True","False","False","True","6","0x06006E82"
"DolocTown.Config.Resource.VegetationFuncBerryThicket","Resolve","System.Void DolocTown.Config.Resource.VegetationFuncBerryThicket::Resolve(System.Collections.Generic.Dictionary`2<System.String,System.Object>)","System.Void","System.Collections.Generic.Dictionary`2<System.String,System.Object> _tables","public","False","True","False","False","True","8","0x06006E83"
"DolocTown.Config.Resource.VegetationFuncBerryThicket","TranslateText","System.Void DolocTown.Config.Resource.VegetationFuncBerryThicket::TranslateText(System.Func`3<System.String,System.String,System.String>)","System.Void","System.Func`3<System.String,System.String,System.String> translator","public","False","True","False","False","True","8","0x06006E84"
"DolocTown.Config.Resource.VegetationFuncBerryThicket","ToString","System.String DolocTown.Config.Resource.VegetationFuncBerryThicket::ToString()","System.String","","public","False","True","False","False","True","80","0x06006E85"
"DolocTown.Config.Resource.VegetationFuncCrop",".ctor","System.Void DolocTown.Config.Resource.VegetationFuncCrop::.ctor(SimpleJSON.JSONNode)","System.Void","SimpleJSON.JSONNode _json","public","False","False","False","True","True","8","0x06006E86"
"DolocTown.Config.Resource.VegetationFuncCrop",".ctor","System.Void DolocTown.Config.Resource.VegetationFuncCrop::.ctor(UnityEngine.Vector2Int,DolocTown.SpriteAssetArray)","System.Void","UnityEngine.Vector2Int growth_value; DolocTown.SpriteAssetArray level_sprites","public","False","False","False","True","True","9","0x06006E87"
"DolocTown.Config.Resource.VegetationFuncCrop","DeserializeVegetationFuncCrop","DolocTown.Config.Resource.VegetationFuncCrop DolocTown.Config.Resource.VegetationFuncCrop::DeserializeVegetationFuncCrop(SimpleJSON.JSONNode)","DolocTown.Config.Resource.VegetationFuncCrop","SimpleJSON.JSONNode _json","public","True","False","False","False","True","7","0x06006E88"
"DolocTown.Config.Resource.VegetationFuncCrop","GetTypeId","System.Int32 DolocTown.Config.Resource.VegetationFuncCrop::GetTypeId()","System.Int32","","public","False","True","False","False","True","6","0x06006E89"
"DolocTown.Config.Resource.VegetationFuncCrop","Resolve","System.Void DolocTown.Config.Resource.VegetationFuncCrop::Resolve(System.Collections.Generic.Dictionary`2<System.String,System.Object>)","System.Void","System.Collections.Generic.Dictionary`2<System.String,System.Object> _tables","public","False","True","False","False","True","8","0x06006E8A"
"DolocTown.Config.Resource.VegetationFuncCrop","TranslateText","System.Void DolocTown.Config.Resource.VegetationFuncCrop::TranslateText(System.Func`3<System.String,System.String,System.String>)","System.Void","System.Func`3<System.String,System.String,System.String> translator","public","False","True","False","False","True","8","0x06006E8B"
"DolocTown.Config.Resource.VegetationFuncCrop","ToString","System.String DolocTown.Config.Resource.VegetationFuncCrop::ToString()","System.String","","public","False","True","False","False","True","80","0x06006E8C"
"DolocTown.Config.Resource.VegetationFuncDandelion",".ctor","System.Void DolocTown.Config.Resource.VegetationFuncDandelion::.ctor(SimpleJSON.JSONNode)","System.Void","SimpleJSON.JSONNode _json","public","False","False","False","True","True","105","0x06006E8D"
"DolocTown.Config.Resource.VegetationFuncDandelion",".ctor","System.Void DolocTown.Config.Resource.VegetationFuncDandelion::.ctor(UnityEngine.Vector2Int,DolocTown.SpriteAssetArray,System.String,UnityEngine.Vector2)","System.Void","UnityEngine.Vector2Int growth_value; DolocTown.SpriteAssetArray level_sprites; System.String effects_name; UnityEngine.Vector2 effects_offset","public","False","False","False","True","True","24","0x06006E8E"
"DolocTown.Config.Resource.VegetationFuncDandelion","DeserializeVegetationFuncDandelion","DolocTown.Config.Resource.VegetationFuncDandelion DolocTown.Config.Resource.VegetationFuncDandelion::DeserializeVegetationFuncDandelion(SimpleJSON.JSONNode)","DolocTown.Config.Resource.VegetationFuncDandelion","SimpleJSON.JSONNode _json","public","True","False","False","False","True","7","0x06006E8F"
"DolocTown.Config.Resource.VegetationFuncDandelion","get_EffectsName","System.String DolocTown.Config.Resource.VegetationFuncDandelion::get_EffectsName()","System.String","","public","False","False","False","False","True","7","0x06006E90"
"DolocTown.Config.Resource.VegetationFuncDandelion","set_EffectsName","System.Void DolocTown.Config.Resource.VegetationFuncDandelion::set_EffectsName(System.String)","System.Void","System.String value","private","False","False","False","False","True","8","0x06006E91"
"DolocTown.Config.Resource.VegetationFuncDandelion","get_EffectsOffset","UnityEngine.Vector2 DolocTown.Config.Resource.VegetationFuncDandelion::get_EffectsOffset()","UnityEngine.Vector2","","public","False","False","False","False","True","7","0x06006E92"
"DolocTown.Config.Resource.VegetationFuncDandelion","set_EffectsOffset","System.Void DolocTown.Config.Resource.VegetationFuncDandelion::set_EffectsOffset(UnityEngine.Vector2)","System.Void","UnityEngine.Vector2 value","private","False","False","False","False","True","8","0x06006E93"
"DolocTown.Config.Resource.VegetationFuncDandelion","GetTypeId","System.Int32 DolocTown.Config.Resource.VegetationFuncDandelion::GetTypeId()","System.Int32","","public","False","True","False","False","True","6","0x06006E94"
"DolocTown.Config.Resource.VegetationFuncDandelion","Resolve","System.Void DolocTown.Config.Resource.VegetationFuncDandelion::Resolve(System.Collections.Generic.Dictionary`2<System.String,System.Object>)","System.Void","System.Collections.Generic.Dictionary`2<System.String,System.Object> _tables","public","False","True","False","False","True","8","0x06006E95"
"DolocTown.Config.Resource.VegetationFuncDandelion","TranslateText","System.Void DolocTown.Config.Resource.VegetationFuncDandelion::TranslateText(System.Func`3<System.String,System.String,System.String>)","System.Void","System.Func`3<System.String,System.String,System.String> translator","public","False","True","False","False","True","8","0x06006E96"
"DolocTown.Config.Resource.VegetationFuncDandelion","ToString","System.String DolocTown.Config.Resource.VegetationFuncDandelion::ToString()","System.String","","public","False","True","False","False","True","129","0x06006E97"
"DolocTown.Config.Resource.VegetationFuncDecorator",".ctor","System.Void DolocTown.Config.Resource.VegetationFuncDecorator::.ctor(SimpleJSON.JSONNode)","System.Void","SimpleJSON.JSONNode _json","public","False","False","False","True","True","131","0x06006E98"
"DolocTown.Config.Resource.VegetationFuncDecorator",".ctor","System.Void DolocTown.Config.Resource.VegetationFuncDecorator::.ctor(DolocTown.SpriteAsset[])","System.Void","DolocTown.SpriteAsset[] skins","public","False","False","False","True","True","14","0x06006E99"
"DolocTown.Config.Resource.VegetationFuncDecorator","DeserializeVegetationFuncDecorator","DolocTown.Config.Resource.VegetationFuncDecorator DolocTown.Config.Resource.VegetationFuncDecorator::DeserializeVegetationFuncDecorator(SimpleJSON.JSONNode)","DolocTown.Config.Resource.VegetationFuncDecorator","SimpleJSON.JSONNode _json","public","True","False","False","False","True","7","0x06006E9A"
"DolocTown.Config.Resource.VegetationFuncDecorator","get_Skins","DolocTown.SpriteAsset[] DolocTown.Config.Resource.VegetationFuncDecorator::get_Skins()","DolocTown.SpriteAsset[]","","public","False","False","False","False","True","7","0x06006E9B"
"DolocTown.Config.Resource.VegetationFuncDecorator","set_Skins","System.Void DolocTown.Config.Resource.VegetationFuncDecorator::set_Skins(DolocTown.SpriteAsset[])","System.Void","DolocTown.SpriteAsset[] value","private","False","False","False","False","True","8","0x06006E9C"
"DolocTown.Config.Resource.VegetationFuncDecorator","GetTypeId","System.Int32 DolocTown.Config.Resource.VegetationFuncDecorator::GetTypeId()","System.Int32","","public","False","True","False","False","True","6","0x06006E9D"
"DolocTown.Config.Resource.VegetationFuncDecorator","Resolve","System.Void DolocTown.Config.Resource.VegetationFuncDecorator::Resolve(System.Collections.Generic.Dictionary`2<System.String,System.Object>)","System.Void","System.Collections.Generic.Dictionary`2<System.String,System.Object> _tables","public","False","True","False","False","True","8","0x06006E9E"
"DolocTown.Config.Resource.VegetationFuncDecorator","TranslateText","System.Void DolocTown.Config.Resource.VegetationFuncDecorator::TranslateText(System.Func`3<System.String,System.String,System.String>)","System.Void","System.Func`3<System.String,System.String,System.String> translator","public","False","True","False","False","True","8","0x06006E9F"
"DolocTown.Config.Resource.VegetationFuncDecorator","ToString","System.String DolocTown.Config.Resource.VegetationFuncDecorator::ToString()","System.String","","public","False","True","False","False","True","27","0x06006EA0"
"DolocTown.Config.Resource.VegetationFuncGrow",".ctor","System.Void DolocTown.Config.Resource.VegetationFuncGrow::.ctor(SimpleJSON.JSONNode)","System.Void","SimpleJSON.JSONNode _json","public","False","False","False","True","True","8","0x06006EA1"
"DolocTown.Config.Resource.VegetationFuncGrow",".ctor","System.Void DolocTown.Config.Resource.VegetationFuncGrow::.ctor(UnityEngine.Vector2Int,DolocTown.SpriteAssetArray)","System.Void","UnityEngine.Vector2Int growth_value; DolocTown.SpriteAssetArray level_sprites","public","False","False","False","True","True","9","0x06006EA2"
"DolocTown.Config.Resource.VegetationFuncGrow","DeserializeVegetationFuncGrow","DolocTown.Config.Resource.VegetationFuncGrow DolocTown.Config.Resource.VegetationFuncGrow::DeserializeVegetationFuncGrow(SimpleJSON.JSONNode)","DolocTown.Config.Resource.VegetationFuncGrow","SimpleJSON.JSONNode _json","public","True","False","False","False","True","7","0x06006EA3"
"DolocTown.Config.Resource.VegetationFuncGrow","GetTypeId","System.Int32 DolocTown.Config.Resource.VegetationFuncGrow::GetTypeId()","System.Int32","","public","False","True","False","False","True","6","0x06006EA4"
"DolocTown.Config.Resource.VegetationFuncGrow","Resolve","System.Void DolocTown.Config.Resource.VegetationFuncGrow::Resolve(System.Collections.Generic.Dictionary`2<System.String,System.Object>)","System.Void","System.Collections.Generic.Dictionary`2<System.String,System.Object> _tables","public","False","True","False","False","True","8","0x06006EA5"
"DolocTown.Config.Resource.VegetationFuncGrow","TranslateText","System.Void DolocTown.Config.Resource.VegetationFuncGrow::TranslateText(System.Func`3<System.String,System.String,System.String>)","System.Void","System.Func`3<System.String,System.String,System.String> translator","public","False","True","False","False","True","8","0x06006EA6"
"DolocTown.Config.Resource.VegetationFuncGrow","ToString","System.String DolocTown.Config.Resource.VegetationFuncGrow::ToString()","System.String","","public","False","True","False","False","True","80","0x06006EA7"
"DolocTown.Config.Resource.VegetationFuncGrowBase",".ctor","System.Void DolocTown.Config.Resource.VegetationFuncGrowBase::.ctor(SimpleJSON.JSONNode)","System.Void","SimpleJSON.JSONNode _json","public","False","False","False","True","True","110","0x06006EA8"
"DolocTown.Config.Resource.VegetationFuncGrowBase",".ctor","System.Void DolocTown.Config.Resource.VegetationFuncGrowBase::.ctor(UnityEngine.Vector2Int,DolocTown.SpriteAssetArray)","System.Void","UnityEngine.Vector2Int growth_value; DolocTown.SpriteAssetArray level_sprites","public","False","False","False","True","True","21","0x06006EA9"
"DolocTown.Config.Resource.VegetationFuncGrowBase","DeserializeVegetationFuncGrowBase","DolocTown.Config.Resource.VegetationFuncGrowBase DolocTown.Config.Resource.VegetationFuncGrowBase::DeserializeVegetationFuncGrowBase(SimpleJSON.JSONNode)","DolocTown.Config.Resource.VegetationFuncGrowBase","SimpleJSON.JSONNode _json","public","True","False","False","False","True","125","0x06006EAA"
"DolocTown.Config.Resource.VegetationFuncGrowBase","get_GrowthValue","UnityEngine.Vector2Int DolocTown.Config.Resource.VegetationFuncGrowBase::get_GrowthValue()","UnityEngine.Vector2Int","","public","False","False","False","False","True","7","0x06006EAB"
"DolocTown.Config.Resource.VegetationFuncGrowBase","set_GrowthValue","System.Void DolocTown.Config.Resource.VegetationFuncGrowBase::set_GrowthValue(UnityEngine.Vector2Int)","System.Void","UnityEngine.Vector2Int value","private","False","False","False","False","True","8","0x06006EAC"
"DolocTown.Config.Resource.VegetationFuncGrowBase","get_LevelSprites","DolocTown.SpriteAssetArray DolocTown.Config.Resource.VegetationFuncGrowBase::get_LevelSprites()","DolocTown.SpriteAssetArray","","public","False","False","False","False","True","7","0x06006EAD"
"DolocTown.Config.Resource.VegetationFuncGrowBase","set_LevelSprites","System.Void DolocTown.Config.Resource.VegetationFuncGrowBase::set_LevelSprites(DolocTown.SpriteAssetArray)","System.Void","DolocTown.SpriteAssetArray value","private","False","False","False","False","True","8","0x06006EAE"
"DolocTown.Config.Resource.VegetationFuncGrowBase","Resolve","System.Void DolocTown.Config.Resource.VegetationFuncGrowBase::Resolve(System.Collections.Generic.Dictionary`2<System.String,System.Object>)","System.Void","System.Collections.Generic.Dictionary`2<System.String,System.Object> _tables","public","False","True","False","False","True","8","0x06006EAF"
"DolocTown.Config.Resource.VegetationFuncGrowBase","TranslateText","System.Void DolocTown.Config.Resource.VegetationFuncGrowBase::TranslateText(System.Func`3<System.String,System.String,System.String>)","System.Void","System.Func`3<System.String,System.String,System.String> translator","public","False","True","False","False","True","8","0x06006EB0"
"DolocTown.Config.Resource.VegetationFuncGrowBase","ToString","System.String DolocTown.Config.Resource.VegetationFuncGrowBase::ToString()","System.String","","public","False","True","False","False","True","80","0x06006EB1"
"DolocTown.Config.Resource.VegetationFuncGrowLuminous",".ctor","System.Void DolocTown.Config.Resource.VegetationFuncGrowLuminous::.ctor(SimpleJSON.JSONNode)","System.Void","SimpleJSON.JSONNode _json","public","False","False","False","True","True","105","0x06006EB2"
"DolocTown.Config.Resource.VegetationFuncGrowLuminous",".ctor","System.Void DolocTown.Config.Resource.VegetationFuncGrowLuminous::.ctor(UnityEngine.Vector2Int,DolocTown.SpriteAssetArray,System.String,DolocTown.SwitchScheduleAsset)","System.Void","UnityEngine.Vector2Int growth_value; DolocTown.SpriteAssetArray level_sprites; System.String lamp; DolocTown.SwitchScheduleAsset switch_schedule_asseet","public","False","False","False","True","True","24","0x06006EB3"
"DolocTown.Config.Resource.VegetationFuncGrowLuminous","DeserializeVegetationFuncGrowLuminous","DolocTown.Config.Resource.VegetationFuncGrowLuminous DolocTown.Config.Resource.VegetationFuncGrowLuminous::DeserializeVegetationFuncGrowLuminous(SimpleJSON.JSONNode)","DolocTown.Config.Resource.VegetationFuncGrowLuminous","SimpleJSON.JSONNode _json","public","True","False","False","False","True","7","0x06006EB4"
"DolocTown.Config.Resource.VegetationFuncGrowLuminous","get_Lamp","System.String DolocTown.Config.Resource.VegetationFuncGrowLuminous::get_Lamp()","System.String","","public","False","False","False","False","True","7","0x06006EB5"
"DolocTown.Config.Resource.VegetationFuncGrowLuminous","set_Lamp","System.Void DolocTown.Config.Resource.VegetationFuncGrowLuminous::set_Lamp(System.String)","System.Void","System.String value","private","False","False","False","False","True","8","0x06006EB6"
"DolocTown.Config.Resource.VegetationFuncGrowLuminous","get_Lamp_Ref","DolocTown.Config.Equipment.LampInfo DolocTown.Config.Resource.VegetationFuncGrowLuminous::get_Lamp_Ref()","DolocTown.Config.Equipment.LampInfo","","public","False","False","False","False","True","7","0x06006EB7"
"DolocTown.Config.Resource.VegetationFuncGrowLuminous","set_Lamp_Ref","System.Void DolocTown.Config.Resource.VegetationFuncGrowLuminous::set_Lamp_Ref(DolocTown.Config.Equipment.LampInfo)","System.Void","DolocTown.Config.Equipment.LampInfo value","private","False","False","False","False","True","8","0x06006EB8"
"DolocTown.Config.Resource.VegetationFuncGrowLuminous","get_SwitchScheduleAsseet","DolocTown.SwitchScheduleAsset DolocTown.Config.Resource.VegetationFuncGrowLuminous::get_SwitchScheduleAsseet()","DolocTown.SwitchScheduleAsset","","public","False","False","False","False","True","7","0x06006EB9"
"DolocTown.Config.Resource.VegetationFuncGrowLuminous","set_SwitchScheduleAsseet","System.Void DolocTown.Config.Resource.VegetationFuncGrowLuminous::set_SwitchScheduleAsseet(DolocTown.SwitchScheduleAsset)","System.Void","DolocTown.SwitchScheduleAsset value","private","False","False","False","False","True","8","0x06006EBA"
"DolocTown.Config.Resource.VegetationFuncGrowLuminous","GetTypeId","System.Int32 DolocTown.Config.Resource.VegetationFuncGrowLuminous::GetTypeId()","System.Int32","","public","False","True","False","False","True","6","0x06006EBB"
"DolocTown.Config.Resource.VegetationFuncGrowLuminous","Resolve","System.Void DolocTown.Config.Resource.VegetationFuncGrowLuminous::Resolve(System.Collections.Generic.Dictionary`2<System.String,System.Object>)","System.Void","System.Collections.Generic.Dictionary`2<System.String,System.Object> _tables","public","False","True","False","False","True","41","0x06006EBC"
"DolocTown.Config.Resource.VegetationFuncGrowLuminous","TranslateText","System.Void DolocTown.Config.Resource.VegetationFuncGrowLuminous::TranslateText(System.Func`3<System.String,System.String,System.String>)","System.Void","System.Func`3<System.String,System.String,System.String> translator","public","False","True","False","False","True","8","0x06006EBD"
"DolocTown.Config.Resource.VegetationFuncGrowLuminous","ToString","System.String DolocTown.Config.Resource.VegetationFuncGrowLuminous::ToString()","System.String","","public","False","True","False","False","True","127","0x06006EBE"
"DolocTown.Config.Resource.VegetationFuncLuminous",".ctor","System.Void DolocTown.Config.Resource.VegetationFuncLuminous::.ctor(SimpleJSON.JSONNode)","System.Void","SimpleJSON.JSONNode _json","public","False","False","False","True","True","304","0x06006EBF"
"DolocTown.Config.Resource.VegetationFuncLuminous",".ctor","System.Void DolocTown.Config.Resource.VegetationFuncLuminous::.ctor(DolocTown.SpriteAsset,System.String,DolocTown.SwitchScheduleAsset,DolocTown.PrefabAsset,System.String,UnityEngine.Vector2)","System.Void","DolocTown.SpriteAsset sprite_asset; System.String lamp; DolocTown.SwitchScheduleAsset switch_schedule_asseet; DolocTown.PrefabAsset idle_effect; System.String touch_effect; UnityEngine.Vector2 effects_offset","public","False","False","False","True","True","52","0x06006EC0"
"DolocTown.Config.Resource.VegetationFuncLuminous","DeserializeVegetationFuncLuminous","DolocTown.Config.Resource.VegetationFuncLuminous DolocTown.Config.Resource.VegetationFuncLuminous::DeserializeVegetationFuncLuminous(SimpleJSON.JSONNode)","DolocTown.Config.Resource.VegetationFuncLuminous","SimpleJSON.JSONNode _json","public","True","False","False","False","True","7","0x06006EC1"
"DolocTown.Config.Resource.VegetationFuncLuminous","get_SpriteAsset","DolocTown.SpriteAsset DolocTown.Config.Resource.VegetationFuncLuminous::get_SpriteAsset()","DolocTown.SpriteAsset","","public","False","False","False","False","True","7","0x06006EC2"
"DolocTown.Config.Resource.VegetationFuncLuminous","set_SpriteAsset","System.Void DolocTown.Config.Resource.VegetationFuncLuminous::set_SpriteAsset(DolocTown.SpriteAsset)","System.Void","DolocTown.SpriteAsset value","private","False","False","False","False","True","8","0x06006EC3"
"DolocTown.Config.Resource.VegetationFuncLuminous","get_Lamp","System.String DolocTown.Config.Resource.VegetationFuncLuminous::get_Lamp()","System.String","","public","False","False","False","False","True","7","0x06006EC4"
"DolocTown.Config.Resource.VegetationFuncLuminous","set_Lamp","System.Void DolocTown.Config.Resource.VegetationFuncLuminous::set_Lamp(System.String)","System.Void","System.String value","private","False","False","False","False","True","8","0x06006EC5"
"DolocTown.Config.Resource.VegetationFuncLuminous","get_Lamp_Ref","DolocTown.Config.Equipment.LampInfo DolocTown.Config.Resource.VegetationFuncLuminous::get_Lamp_Ref()","DolocTown.Config.Equipment.LampInfo","","public","False","False","False","False","True","7","0x06006EC6"
"DolocTown.Config.Resource.VegetationFuncLuminous","set_Lamp_Ref","System.Void DolocTown.Config.Resource.VegetationFuncLuminous::set_Lamp_Ref(DolocTown.Config.Equipment.LampInfo)","System.Void","DolocTown.Config.Equipment.LampInfo value","private","False","False","False","False","True","8","0x06006EC7"
"DolocTown.Config.Resource.VegetationFuncLuminous","get_SwitchScheduleAsseet","DolocTown.SwitchScheduleAsset DolocTown.Config.Resource.VegetationFuncLuminous::get_SwitchScheduleAsseet()","DolocTown.SwitchScheduleAsset","","public","False","False","False","False","True","7","0x06006EC8"
"DolocTown.Config.Resource.VegetationFuncLuminous","set_SwitchScheduleAsseet","System.Void DolocTown.Config.Resource.VegetationFuncLuminous::set_SwitchScheduleAsseet(DolocTown.SwitchScheduleAsset)","System.Void","DolocTown.SwitchScheduleAsset value","private","False","False","False","False","True","8","0x06006EC9"
"DolocTown.Config.Resource.VegetationFuncLuminous","get_IdleEffect","DolocTown.PrefabAsset DolocTown.Config.Resource.VegetationFuncLuminous::get_IdleEffect()","DolocTown.PrefabAsset","","public","False","False","False","False","True","7","0x06006ECA"
"DolocTown.Config.Resource.VegetationFuncLuminous","set_IdleEffect","System.Void DolocTown.Config.Resource.VegetationFuncLuminous::set_IdleEffect(DolocTown.PrefabAsset)","System.Void","DolocTown.PrefabAsset value","private","False","False","False","False","True","8","0x06006ECB"
"DolocTown.Config.Resource.VegetationFuncLuminous","get_TouchEffect","System.String DolocTown.Config.Resource.VegetationFuncLuminous::get_TouchEffect()","System.String","","public","False","False","False","False","True","7","0x06006ECC"
"DolocTown.Config.Resource.VegetationFuncLuminous","set_TouchEffect","System.Void DolocTown.Config.Resource.VegetationFuncLuminous::set_TouchEffect(System.String)","System.Void","System.String value","private","False","False","False","False","True","8","0x06006ECD"
"DolocTown.Config.Resource.VegetationFuncLuminous","get_EffectsOffset","UnityEngine.Vector2 DolocTown.Config.Resource.VegetationFuncLuminous::get_EffectsOffset()","UnityEngine.Vector2","","public","False","False","False","False","True","7","0x06006ECE"
"DolocTown.Config.Resource.VegetationFuncLuminous","set_EffectsOffset","System.Void DolocTown.Config.Resource.VegetationFuncLuminous::set_EffectsOffset(UnityEngine.Vector2)","System.Void","UnityEngine.Vector2 value","private","False","False","False","False","True","8","0x06006ECF"
"DolocTown.Config.Resource.VegetationFuncLuminous","GetTypeId","System.Int32 DolocTown.Config.Resource.VegetationFuncLuminous::GetTypeId()","System.Int32","","public","False","True","False","False","True","6","0x06006ED0"
"DolocTown.Config.Resource.VegetationFuncLuminous","Resolve","System.Void DolocTown.Config.Resource.VegetationFuncLuminous::Resolve(System.Collections.Generic.Dictionary`2<System.String,System.Object>)","System.Void","System.Collections.Generic.Dictionary`2<System.String,System.Object> _tables","public","False","True","False","False","True","41","0x06006ED1"
"DolocTown.Config.Resource.VegetationFuncLuminous","TranslateText","System.Void DolocTown.Config.Resource.VegetationFuncLuminous::TranslateText(System.Func`3<System.String,System.String,System.String>)","System.Void","System.Func`3<System.String,System.String,System.String> translator","public","False","True","False","False","True","8","0x06006ED2"
"DolocTown.Config.Resource.VegetationFuncLuminous","ToString","System.String DolocTown.Config.Resource.VegetationFuncLuminous::ToString()","System.String","","public","False","True","False","False","True","177","0x06006ED3"
"DolocTown.Config.Resource.VegetationInfo",".ctor","System.Void DolocTown.Config.Resource.VegetationInfo::.ctor(SimpleJSON.JSONNode)","System.Void","SimpleJSON.JSONNode _json","public","False","False","False","True","True","656","0x06006ED4"
"DolocTown.Config.Resource.VegetationInfo",".ctor","System.Void DolocTown.Config.Resource.VegetationInfo::.ctor(System.String,DolocTown.Config.Resource.VegetationType,System.Boolean,UnityEngine.Vector2Int,System.Int32[],System.Int32[],DolocTown.Config.Item.ToolConstraint[],DolocTown.Config.Item.ItemSpawnEntry,DolocTown.Config.Resource.VegetationFuncBase)","System.Void","System.String id; DolocTown.Config.Resource.VegetationType type; System.Boolean default_unlock; UnityEngine.Vector2Int size; System.Int32[] spawn_months; System.Int32[] growing_months; DolocTown.Config.Item.ToolConstraint[] tool_constraints; DolocTown.Config.Item.ItemSpawnEntry drop_spawn_entry; DolocTown.Config.Resource.VegetationFuncBase function","public","False","False","False","True","True","76","0x06006ED5"
"DolocTown.Config.Resource.VegetationInfo","DeserializeVegetationInfo","DolocTown.Config.Resource.VegetationInfo DolocTown.Config.Resource.VegetationInfo::DeserializeVegetationInfo(SimpleJSON.JSONNode)","DolocTown.Config.Resource.VegetationInfo","SimpleJSON.JSONNode _json","public","True","False","False","False","True","7","0x06006ED6"
"DolocTown.Config.Resource.VegetationInfo","get_Id","System.String DolocTown.Config.Resource.VegetationInfo::get_Id()","System.String","","public","False","False","False","False","True","7","0x06006ED7"
"DolocTown.Config.Resource.VegetationInfo","set_Id","System.Void DolocTown.Config.Resource.VegetationInfo::set_Id(System.String)","System.Void","System.String value","private","False","False","False","False","True","8","0x06006ED8"
"DolocTown.Config.Resource.VegetationInfo","get_Type","DolocTown.Config.Resource.VegetationType DolocTown.Config.Resource.VegetationInfo::get_Type()","DolocTown.Config.Resource.VegetationType","","public","False","False","False","False","True","7","0x06006ED9"
"DolocTown.Config.Resource.VegetationInfo","set_Type","System.Void DolocTown.Config.Resource.VegetationInfo::set_Type(DolocTown.Config.Resource.VegetationType)","System.Void","DolocTown.Config.Resource.VegetationType value","private","False","False","False","False","True","8","0x06006EDA"
"DolocTown.Config.Resource.VegetationInfo","get_DefaultUnlock","System.Boolean DolocTown.Config.Resource.VegetationInfo::get_DefaultUnlock()","System.Boolean","","public","False","False","False","False","True","7","0x06006EDB"
"DolocTown.Config.Resource.VegetationInfo","set_DefaultUnlock","System.Void DolocTown.Config.Resource.VegetationInfo::set_DefaultUnlock(System.Boolean)","System.Void","System.Boolean value","private","False","False","False","False","True","8","0x06006EDC"
"DolocTown.Config.Resource.VegetationInfo","get_Size","UnityEngine.Vector2Int DolocTown.Config.Resource.VegetationInfo::get_Size()","UnityEngine.Vector2Int","","public","False","False","False","False","True","7","0x06006EDD"
"DolocTown.Config.Resource.VegetationInfo","set_Size","System.Void DolocTown.Config.Resource.VegetationInfo::set_Size(UnityEngine.Vector2Int)","System.Void","UnityEngine.Vector2Int value","private","False","False","False","False","True","8","0x06006EDE"
"DolocTown.Config.Resource.VegetationInfo","get_SpawnMonths","System.Int32[] DolocTown.Config.Resource.VegetationInfo::get_SpawnMonths()","System.Int32[]","","public","False","False","False","False","True","7","0x06006EDF"
"DolocTown.Config.Resource.VegetationInfo","set_SpawnMonths","System.Void DolocTown.Config.Resource.VegetationInfo::set_SpawnMonths(System.Int32[])","System.Void","System.Int32[] value","private","False","False","False","False","True","8","0x06006EE0"
"DolocTown.Config.Resource.VegetationInfo","get_GrowingMonths","System.Int32[] DolocTown.Config.Resource.VegetationInfo::get_GrowingMonths()","System.Int32[]","","public","False","False","False","False","True","7","0x06006EE1"
"DolocTown.Config.Resource.VegetationInfo","set_GrowingMonths","System.Void DolocTown.Config.Resource.VegetationInfo::set_GrowingMonths(System.Int32[])","System.Void","System.Int32[] value","private","False","False","False","False","True","8","0x06006EE2"
"DolocTown.Config.Resource.VegetationInfo","get_ToolConstraints","DolocTown.Config.Item.ToolConstraint[] DolocTown.Config.Resource.VegetationInfo::get_ToolConstraints()","DolocTown.Config.Item.ToolConstraint[]","","public","False","False","False","False","True","7","0x06006EE3"
"DolocTown.Config.Resource.VegetationInfo","set_ToolConstraints","System.Void DolocTown.Config.Resource.VegetationInfo::set_ToolConstraints(DolocTown.Config.Item.ToolConstraint[])","System.Void","DolocTown.Config.Item.ToolConstraint[] value","private","False","False","False","False","True","8","0x06006EE4"
"DolocTown.Config.Resource.VegetationInfo","get_DropSpawnEntry","DolocTown.Config.Item.ItemSpawnEntry DolocTown.Config.Resource.VegetationInfo::get_DropSpawnEntry()","DolocTown.Config.Item.ItemSpawnEntry","","public","False","False","False","False","True","7","0x06006EE5"
"DolocTown.Config.Resource.VegetationInfo","set_DropSpawnEntry","System.Void DolocTown.Config.Resource.VegetationInfo::set_DropSpawnEntry(DolocTown.Config.Item.ItemSpawnEntry)","System.Void","DolocTown.Config.Item.ItemSpawnEntry value","private","False","False","False","False","True","8","0x06006EE6"
"DolocTown.Config.Resource.VegetationInfo","get_Function","DolocTown.Config.Resource.VegetationFuncBase DolocTown.Config.Resource.VegetationInfo::get_Function()","DolocTown.Config.Resource.VegetationFuncBase","","public","False","False","False","False","True","7","0x06006EE7"
"DolocTown.Config.Resource.VegetationInfo","set_Function","System.Void DolocTown.Config.Resource.VegetationInfo::set_Function(DolocTown.Config.Resource.VegetationFuncBase)","System.Void","DolocTown.Config.Resource.VegetationFuncBase value","private","False","False","False","False","True","8","0x06006EE8"
"DolocTown.Config.Resource.VegetationInfo","GetTypeId","System.Int32 DolocTown.Config.Resource.VegetationInfo::GetTypeId()","System.Int32","","public","False","True","False","False","True","6","0x06006EE9"
"DolocTown.Config.Resource.VegetationInfo","Resolve","System.Void DolocTown.Config.Resource.VegetationInfo::Resolve(System.Collections.Generic.Dictionary`2<System.String,System.Object>)","System.Void","System.Collections.Generic.Dictionary`2<System.String,System.Object> _tables","public","False","False","False","False","True","72","0x06006EEA"
"DolocTown.Config.Resource.VegetationInfo","TranslateText","System.Void DolocTown.Config.Resource.VegetationInfo::TranslateText(System.Func`3<System.String,System.String,System.String>)","System.Void","System.Func`3<System.String,System.String,System.String> translator","public","False","False","False","False","True","72","0x06006EEB"
"DolocTown.Config.Resource.VegetationInfo","ToString","System.String DolocTown.Config.Resource.VegetationInfo::ToString()","System.String","","public","False","True","False","False","True","259","0x06006EEC"
"DolocTown.Config.Resource.VegetationInfo","get_Width","System.Int32 DolocTown.Config.Resource.VegetationInfo::get_Width()","System.Int32","","public","False","False","False","False","True","15","0x06006EED"
"DolocTown.Config.Resource.VegetationInfo","CheckMatchMonth","System.Boolean DolocTown.Config.Resource.VegetationInfo::CheckMatchMonth(System.Int32)","System.Boolean","System.Int32 month","public","False","False","False","False","True","28","0x06006EEE"
"DolocTown.Config.Resource.VegetationInfo","GetTargetToolLevelByType","System.Boolean DolocTown.Config.Resource.VegetationInfo::GetTargetToolLevelByType(DolocTown.Config.Item.ToolType,System.Int32&)","System.Boolean","DolocTown.Config.Item.ToolType toolType; System.Int32& minLevel","public","False","False","False","False","True","49","0x06006EEF"
"DolocTown.Config.Resource.VegetationSpawnData",".ctor","System.Void DolocTown.Config.Resource.VegetationSpawnData::.ctor(SimpleJSON.JSONNode)","System.Void","SimpleJSON.JSONNode _json","public","False","False","False","True","True","54","0x06006EF0"
"DolocTown.Config.Resource.VegetationSpawnData",".ctor","System.Void DolocTown.Config.Resource.VegetationSpawnData::.ctor(System.Single,System.Int32,System.Int32,System.String)","System.Void","System.Single spawn_weight; System.Int32 min_count; System.Int32 max_count; System.String vegetation_id","public","False","False","False","True","True","18","0x06006EF1"
"DolocTown.Config.Resource.VegetationSpawnData","DeserializeVegetationSpawnData","DolocTown.Config.Resource.VegetationSpawnData DolocTown.Config.Resource.VegetationSpawnData::DeserializeVegetationSpawnData(SimpleJSON.JSONNode)","DolocTown.Config.Resource.VegetationSpawnData","SimpleJSON.JSONNode _json","public","True","False","False","False","True","7","0x06006EF2"
"DolocTown.Config.Resource.VegetationSpawnData","get_VegetationId","System.String DolocTown.Config.Resource.VegetationSpawnData::get_VegetationId()","System.String","","public","False","False","False","False","True","7","0x06006EF3"
"DolocTown.Config.Resource.VegetationSpawnData","set_VegetationId","System.Void DolocTown.Config.Resource.VegetationSpawnData::set_VegetationId(System.String)","System.Void","System.String value","private","False","False","False","False","True","8","0x06006EF4"
"DolocTown.Config.Resource.VegetationSpawnData","get_VegetationId_Ref","DolocTown.Config.Resource.VegetationInfo DolocTown.Config.Resource.VegetationSpawnData::get_VegetationId_Ref()","DolocTown.Config.Resource.VegetationInfo","","public","False","False","False","False","True","7","0x06006EF5"
"DolocTown.Config.Resource.VegetationSpawnData","set_VegetationId_Ref","System.Void DolocTown.Config.Resource.VegetationSpawnData::set_VegetationId_Ref(DolocTown.Config.Resource.VegetationInfo)","System.Void","DolocTown.Config.Resource.VegetationInfo value","private","False","False","False","False","True","8","0x06006EF6"
"DolocTown.Config.Resource.VegetationSpawnData","GetTypeId","System.Int32 DolocTown.Config.Resource.VegetationSpawnData::GetTypeId()","System.Int32","","public","False","True","False","False","True","6","0x06006EF7"
"DolocTown.Config.Resource.VegetationSpawnData","Resolve","System.Void DolocTown.Config.Resource.VegetationSpawnData::Resolve(System.Collections.Generic.Dictionary`2<System.String,System.Object>)","System.Void","System.Collections.Generic.Dictionary`2<System.String,System.Object> _tables","public","False","True","False","False","True","41","0x06006EF8"
"DolocTown.Config.Resource.VegetationSpawnData","TranslateText","System.Void DolocTown.Config.Resource.VegetationSpawnData::TranslateText(System.Func`3<System.String,System.String,System.String>)","System.Void","System.Func`3<System.String,System.String,System.String> translator","public","False","True","False","False","True","8","0x06006EF9"
"DolocTown.Config.Resource.VegetationSpawnData","ToString","System.String DolocTown.Config.Resource.VegetationSpawnData::ToString()","System.String","","public","False","True","False","False","True","113","0x06006EFA"
"DolocTown.Config.Resource.VegetationSpawnData","get_SpawnId","System.String DolocTown.Config.Resource.VegetationSpawnData::get_SpawnId()","System.String","","public","False","True","False","False","True","7","0x06006EFB"
"DolocTown.Config.Resource.VegetationSpawnEntry",".ctor","System.Void DolocTown.Config.Resource.VegetationSpawnEntry::.ctor(SimpleJSON.JSONNode)","System.Void","SimpleJSON.JSONNode _json","public","False","False","False","True","True","99","0x06006EFC"
"DolocTown.Config.Resource.VegetationSpawnEntry",".ctor","System.Void DolocTown.Config.Resource.VegetationSpawnEntry::.ctor(System.String,DolocTown.Config.General.RangeInt)","System.Void","System.String spawn_lut; DolocTown.Config.General.RangeInt count_range","public","False","False","False","True","True","21","0x06006EFD"
"DolocTown.Config.Resource.VegetationSpawnEntry","DeserializeVegetationSpawnEntry","DolocTown.Config.Resource.VegetationSpawnEntry DolocTown.Config.Resource.VegetationSpawnEntry::DeserializeVegetationSpawnEntry(SimpleJSON.JSONNode)","DolocTown.Config.Resource.VegetationSpawnEntry","SimpleJSON.JSONNode _json","public","True","False","False","False","True","7","0x06006EFE"
"DolocTown.Config.Resource.VegetationSpawnEntry","get_SpawnLut","System.String DolocTown.Config.Resource.VegetationSpawnEntry::get_SpawnLut()","System.String","","public","False","False","False","False","True","7","0x06006EFF"
"DolocTown.Config.Resource.VegetationSpawnEntry","set_SpawnLut","System.Void DolocTown.Config.Resource.VegetationSpawnEntry::set_SpawnLut(System.String)","System.Void","System.String value","private","False","False","False","False","True","8","0x06006F00"
"DolocTown.Config.Resource.VegetationSpawnEntry","get_SpawnLut_Ref","DolocTown.Config.Resource.VegetationSpawnInfo DolocTown.Config.Resource.VegetationSpawnEntry::get_SpawnLut_Ref()","DolocTown.Config.Resource.VegetationSpawnInfo","","public","False","False","False","False","True","7","0x06006F01"
"DolocTown.Config.Resource.VegetationSpawnEntry","set_SpawnLut_Ref","System.Void DolocTown.Config.Resource.VegetationSpawnEntry::set_SpawnLut_Ref(DolocTown.Config.Resource.VegetationSpawnInfo)","System.Void","DolocTown.Config.Resource.VegetationSpawnInfo value","private","False","False","False","False","True","8","0x06006F02"
"DolocTown.Config.Resource.VegetationSpawnEntry","get_CountRange","DolocTown.Config.General.RangeInt DolocTown.Config.Resource.VegetationSpawnEntry::get_CountRange()","DolocTown.Config.General.RangeInt","","public","False","False","False","False","True","7","0x06006F03"
"DolocTown.Config.Resource.VegetationSpawnEntry","set_CountRange","System.Void DolocTown.Config.Resource.VegetationSpawnEntry::set_CountRange(DolocTown.Config.General.RangeInt)","System.Void","DolocTown.Config.General.RangeInt value","private","False","False","False","False","True","8","0x06006F04"
"DolocTown.Config.Resource.VegetationSpawnEntry","GetTypeId","System.Int32 DolocTown.Config.Resource.VegetationSpawnEntry::GetTypeId()","System.Int32","","public","False","True","False","False","True","6","0x06006F05"
"DolocTown.Config.Resource.VegetationSpawnEntry","Resolve","System.Void DolocTown.Config.Resource.VegetationSpawnEntry::Resolve(System.Collections.Generic.Dictionary`2<System.String,System.Object>)","System.Void","System.Collections.Generic.Dictionary`2<System.String,System.Object> _tables","public","False","False","False","False","True","51","0x06006F06"
"DolocTown.Config.Resource.VegetationSpawnEntry","TranslateText","System.Void DolocTown.Config.Resource.VegetationSpawnEntry::TranslateText(System.Func`3<System.String,System.String,System.String>)","System.Void","System.Func`3<System.String,System.String,System.String> translator","public","False","False","False","False","True","18","0x06006F07"
"DolocTown.Config.Resource.VegetationSpawnEntry","ToString","System.String DolocTown.Config.Resource.VegetationSpawnEntry::ToString()","System.String","","public","False","True","False","False","True","66","0x06006F08"
"DolocTown.Config.Resource.VegetationSpawnEntry","get_IsEmpty","System.Boolean DolocTown.Config.Resource.VegetationSpawnEntry::get_IsEmpty()","System.Boolean","","public","False","False","False","False","True","25","0x06006F09"
"DolocTown.Config.Resource.VegetationSpawnInfo",".ctor","System.Void DolocTown.Config.Resource.VegetationSpawnInfo::.ctor(SimpleJSON.JSONNode)","System.Void","SimpleJSON.JSONNode _json","public","False","False","False","True","True","247","0x06006F0A"
"DolocTown.Config.Resource.VegetationSpawnInfo",".ctor","System.Void DolocTown.Config.Resource.VegetationSpawnInfo::.ctor(System.String,System.Collections.Generic.List`1<DolocTown.Config.Resource.VegetationSpawnData>)","System.Void","System.String id; System.Collections.Generic.List`1<DolocTown.Config.Resource.VegetationSpawnData> spawn_datas","public","False","False","False","True","True","97","0x06006F0B"
"DolocTown.Config.Resource.VegetationSpawnInfo","DeserializeVegetationSpawnInfo","DolocTown.Config.Resource.VegetationSpawnInfo DolocTown.Config.Resource.VegetationSpawnInfo::DeserializeVegetationSpawnInfo(SimpleJSON.JSONNode)","DolocTown.Config.Resource.VegetationSpawnInfo","SimpleJSON.JSONNode _json","public","True","False","False","False","True","7","0x06006F0C"
"DolocTown.Config.Resource.VegetationSpawnInfo","get_Id","System.String DolocTown.Config.Resource.VegetationSpawnInfo::get_Id()","System.String","","public","False","False","False","False","True","7","0x06006F0D"
"DolocTown.Config.Resource.VegetationSpawnInfo","set_Id","System.Void DolocTown.Config.Resource.VegetationSpawnInfo::set_Id(System.String)","System.Void","System.String value","private","False","False","False","False","True","8","0x06006F0E"
"DolocTown.Config.Resource.VegetationSpawnInfo","get_SpawnDatas","System.Collections.Generic.List`1<DolocTown.Config.Resource.VegetationSpawnData> DolocTown.Config.Resource.VegetationSpawnInfo::get_SpawnDatas()","System.Collections.Generic.List`1<DolocTown.Config.Resource.VegetationSpawnData>","","public","False","False","False","False","True","7","0x06006F0F"
"DolocTown.Config.Resource.VegetationSpawnInfo","set_SpawnDatas","System.Void DolocTown.Config.Resource.VegetationSpawnInfo::set_SpawnDatas(System.Collections.Generic.List`1<DolocTown.Config.Resource.VegetationSpawnData>)","System.Void","System.Collections.Generic.List`1<DolocTown.Config.Resource.VegetationSpawnData> value","private","False","False","False","False","True","8","0x06006F10"
"DolocTown.Config.Resource.VegetationSpawnInfo","GetTypeId","System.Int32 DolocTown.Config.Resource.VegetationSpawnInfo::GetTypeId()","System.Int32","","public","False","True","False","False","True","6","0x06006F11"
"DolocTown.Config.Resource.VegetationSpawnInfo","Resolve","System.Void DolocTown.Config.Resource.VegetationSpawnInfo::Resolve(System.Collections.Generic.Dictionary`2<System.String,System.Object>)","System.Void","System.Collections.Generic.Dictionary`2<System.String,System.Object> _tables","public","False","False","False","False","True","65","0x06006F12"
"DolocTown.Config.Resource.VegetationSpawnInfo","TranslateText","System.Void DolocTown.Config.Resource.VegetationSpawnInfo::TranslateText(System.Func`3<System.String,System.String,System.String>)","System.Void","System.Func`3<System.String,System.String,System.String> translator","public","False","False","False","False","True","59","0x06006F13"
"DolocTown.Config.Resource.VegetationSpawnInfo","ToString","System.String DolocTown.Config.Resource.VegetationSpawnInfo::ToString()","System.String","","public","False","True","False","False","True","59","0x06006F14"
"DolocTown.Config.Resource.VegetationSpawnInfo","PostResolve","System.Void DolocTown.Config.Resource.VegetationSpawnInfo::PostResolve()","System.Void","","private","False","False","False","False","True","66","0x06006F15"
"DolocTown.Config.Resource.VegetationSpawnInfo","get_Ceiling","System.Int32 DolocTown.Config.Resource.VegetationSpawnInfo::get_Ceiling()","System.Int32","","public","False","True","False","False","True","7","0x06006F16"
"DolocTown.Config.Resource.VegetationSpawnInfo","set_Ceiling","System.Void DolocTown.Config.Resource.VegetationSpawnInfo::set_Ceiling(System.Int32)","System.Void","System.Int32 value","private","False","False","False","False","True","8","0x06006F17"
"DolocTown.Config.Resource.VegetationSpawnInfo","get_SpawnDataList","System.Collections.Generic.List`1<DolocTown.Config.Global.SpawnData> DolocTown.Config.Resource.VegetationSpawnInfo::get_SpawnDataList()","System.Collections.Generic.List`1<DolocTown.Config.Global.SpawnData>","","public","False","True","False","False","True","7","0x06006F18"
"DolocTown.Config.Resource.VegetationSpawnInfo","set_SpawnDataList","System.Void DolocTown.Config.Resource.VegetationSpawnInfo::set_SpawnDataList(System.Collections.Generic.List`1<DolocTown.Config.Global.SpawnData>)","System.Void","System.Collections.Generic.List`1<DolocTown.Config.Global.SpawnData> value","private","False","False","False","False","True","8","0x06006F19"
"DolocTown.Config.Resource.VegetationSpawnInfo","SpawnFilter","System.Boolean DolocTown.Config.Resource.VegetationSpawnInfo::SpawnFilter(DolocTown.Config.Resource.VegetationSpawnData)","System.Boolean","DolocTown.Config.Resource.VegetationSpawnData data","private","False","False","False","False","True","84","0x06006F1A"
"DolocTown.Config.Resource.VegetationSpawnInfo","TrySpawnSingle","System.Boolean DolocTown.Config.Resource.VegetationSpawnInfo::TrySpawnSingle(System.Collections.Generic.Dictionary`2<System.String,System.Int32>,DolocTown.Config.Resource.VegetationSpawnData&)","System.Boolean","System.Collections.Generic.Dictionary`2<System.String,System.Int32> currentCount; DolocTown.Config.Resource.VegetationSpawnData& spawnData","public","False","False","False","False","True","21","0x06006F1B"
"DolocTown.Config.Resource.VegetationSpawnInfo","SpawnByFloor","System.Collections.Generic.List`1<System.ValueTuple`2<DolocTown.Config.Resource.VegetationSpawnData,System.Int32>> DolocTown.Config.Resource.VegetationSpawnInfo::SpawnByFloor()","System.Collections.Generic.List`1<System.ValueTuple`2<DolocTown.Config.Resource.VegetationSpawnData,System.Int32>>","","public","False","False","False","False","True","19","0x06006F1C"
"DolocTown.Config.Resource.VegetationSpawnInfo/<>c",".cctor","System.Void DolocTown.Config.Resource.VegetationSpawnInfo/<>c::.cctor()","System.Void","","private","True","False","False","True","True","11","0x0600A706"
"DolocTown.Config.Resource.VegetationSpawnInfo/<>c",".ctor","System.Void DolocTown.Config.Resource.VegetationSpawnInfo/<>c::.ctor()","System.Void","","public","False","False","False","True","True","7","0x0600A707"
"DolocTown.Config.Resource.VegetationSpawnInfo/<>c","<PostResolve>b__18_0","DolocTown.Config.Global.SpawnData DolocTown.Config.Resource.VegetationSpawnInfo/<>c::<PostResolve>b__18_0(DolocTown.Config.Resource.VegetationSpawnData)","DolocTown.Config.Global.SpawnData","DolocTown.Config.Resource.VegetationSpawnData x","internal","False","False","False","False","True","2","0x0600A708"
"DolocTown.Config.Player.AgentEquipmentFuncProtoExtraResource",".ctor","System.Void DolocTown.Config.Player.AgentEquipmentFuncProtoExtraResource::.ctor(SimpleJSON.JSONNode)","System.Void","SimpleJSON.JSONNode _json","public","False","False","False","True","True","269","0x0600708C"
"DolocTown.Config.Player.AgentEquipmentFuncProtoExtraResource",".ctor","System.Void DolocTown.Config.Player.AgentEquipmentFuncProtoExtraResource::.ctor(System.String[],System.Single,System.String,UnityEngine.Vector2Int)","System.Void","System.String[] resource_ids; System.Single probability; System.String item_lut; UnityEngine.Vector2Int range","public","False","False","False","True","True","36","0x0600708D"
"DolocTown.Config.Player.AgentEquipmentFuncProtoExtraResource","DeserializeAgentEquipmentFuncProtoExtraResource","DolocTown.Config.Player.AgentEquipmentFuncProtoExtraResource DolocTown.Config.Player.AgentEquipmentFuncProtoExtraResource::DeserializeAgentEquipmentFuncProtoExtraResource(SimpleJSON.JSONNode)","DolocTown.Config.Player.AgentEquipmentFuncProtoExtraResource","SimpleJSON.JSONNode _json","public","True","False","False","False","True","7","0x0600708E"
"DolocTown.Config.Player.AgentEquipmentFuncProtoExtraResource","get_ResourceIds","System.String[] DolocTown.Config.Player.AgentEquipmentFuncProtoExtraResource::get_ResourceIds()","System.String[]","","public","False","False","False","False","True","7","0x0600708F"
"DolocTown.Config.Player.AgentEquipmentFuncProtoExtraResource","set_ResourceIds","System.Void DolocTown.Config.Player.AgentEquipmentFuncProtoExtraResource::set_ResourceIds(System.String[])","System.Void","System.String[] value","private","False","False","False","False","True","8","0x06007090"
"DolocTown.Config.Player.AgentEquipmentFuncProtoExtraResource","get_Probability","System.Single DolocTown.Config.Player.AgentEquipmentFuncProtoExtraResource::get_Probability()","System.Single","","public","False","False","False","False","True","7","0x06007091"
"DolocTown.Config.Player.AgentEquipmentFuncProtoExtraResource","set_Probability","System.Void DolocTown.Config.Player.AgentEquipmentFuncProtoExtraResource::set_Probability(System.Single)","System.Void","System.Single value","private","False","False","False","False","True","8","0x06007092"
"DolocTown.Config.Player.AgentEquipmentFuncProtoExtraResource","get_ItemLut","System.String DolocTown.Config.Player.AgentEquipmentFuncProtoExtraResource::get_ItemLut()","System.String","","public","False","False","False","False","True","7","0x06007093"
"DolocTown.Config.Player.AgentEquipmentFuncProtoExtraResource","set_ItemLut","System.Void DolocTown.Config.Player.AgentEquipmentFuncProtoExtraResource::set_ItemLut(System.String)","System.Void","System.String value","private","False","False","False","False","True","8","0x06007094"
"DolocTown.Config.Player.AgentEquipmentFuncProtoExtraResource","get_Range","UnityEngine.Vector2Int DolocTown.Config.Player.AgentEquipmentFuncProtoExtraResource::get_Range()","UnityEngine.Vector2Int","","public","False","False","False","False","True","7","0x06007095"
"DolocTown.Config.Player.AgentEquipmentFuncProtoExtraResource","set_Range","System.Void DolocTown.Config.Player.AgentEquipmentFuncProtoExtraResource::set_Range(UnityEngine.Vector2Int)","System.Void","UnityEngine.Vector2Int value","private","False","False","False","False","True","8","0x06007096"
"DolocTown.Config.Player.AgentEquipmentFuncProtoExtraResource","GetTypeId","System.Int32 DolocTown.Config.Player.AgentEquipmentFuncProtoExtraResource::GetTypeId()","System.Int32","","public","False","True","False","False","True","6","0x06007097"
"DolocTown.Config.Player.AgentEquipmentFuncProtoExtraResource","Resolve","System.Void DolocTown.Config.Player.AgentEquipmentFuncProtoExtraResource::Resolve(System.Collections.Generic.Dictionary`2<System.String,System.Object>)","System.Void","System.Collections.Generic.Dictionary`2<System.String,System.Object> _tables","public","False","True","False","False","True","8","0x06007098"
"DolocTown.Config.Player.AgentEquipmentFuncProtoExtraResource","TranslateText","System.Void DolocTown.Config.Player.AgentEquipmentFuncProtoExtraResource::TranslateText(System.Func`3<System.String,System.String,System.String>)","System.Void","System.Func`3<System.String,System.String,System.String> translator","public","False","True","False","False","True","8","0x06007099"
"DolocTown.Config.Player.AgentEquipmentFuncProtoExtraResource","ToString","System.String DolocTown.Config.Player.AgentEquipmentFuncProtoExtraResource::ToString()","System.String","","public","False","True","False","False","True","116","0x0600709A"
"DolocTown.Config.Player.AgentEquipmentFuncProtoFellCountAdditionOre",".ctor","System.Void DolocTown.Config.Player.AgentEquipmentFuncProtoFellCountAdditionOre::.ctor(SimpleJSON.JSONNode)","System.Void","SimpleJSON.JSONNode _json","public","False","False","False","True","True","54","0x0600709B"
"DolocTown.Config.Player.AgentEquipmentFuncProtoFellCountAdditionOre",".ctor","System.Void DolocTown.Config.Player.AgentEquipmentFuncProtoFellCountAdditionOre::.ctor(System.Int32)","System.Void","System.Int32 fell_count_increase","public","False","False","False","True","True","14","0x0600709C"
"DolocTown.Config.Player.AgentEquipmentFuncProtoFellCountAdditionOre","DeserializeAgentEquipmentFuncProtoFellCountAdditionOre","DolocTown.Config.Player.AgentEquipmentFuncProtoFellCountAdditionOre DolocTown.Config.Player.AgentEquipmentFuncProtoFellCountAdditionOre::DeserializeAgentEquipmentFuncProtoFellCountAdditionOre(SimpleJSON.JSONNode)","DolocTown.Config.Player.AgentEquipmentFuncProtoFellCountAdditionOre","SimpleJSON.JSONNode _json","public","True","False","False","False","True","7","0x0600709D"
"DolocTown.Config.Player.AgentEquipmentFuncProtoFellCountAdditionOre","get_FellCountIncrease","System.Int32 DolocTown.Config.Player.AgentEquipmentFuncProtoFellCountAdditionOre::get_FellCountIncrease()","System.Int32","","public","False","False","False","False","True","7","0x0600709E"
"DolocTown.Config.Player.AgentEquipmentFuncProtoFellCountAdditionOre","set_FellCountIncrease","System.Void DolocTown.Config.Player.AgentEquipmentFuncProtoFellCountAdditionOre::set_FellCountIncrease(System.Int32)","System.Void","System.Int32 value","private","False","False","False","False","True","8","0x0600709F"
"DolocTown.Config.Player.AgentEquipmentFuncProtoFellCountAdditionOre","GetTypeId","System.Int32 DolocTown.Config.Player.AgentEquipmentFuncProtoFellCountAdditionOre::GetTypeId()","System.Int32","","public","False","True","False","False","True","6","0x060070A0"
"DolocTown.Config.Player.AgentEquipmentFuncProtoFellCountAdditionOre","Resolve","System.Void DolocTown.Config.Player.AgentEquipmentFuncProtoFellCountAdditionOre::Resolve(System.Collections.Generic.Dictionary`2<System.String,System.Object>)","System.Void","System.Collections.Generic.Dictionary`2<System.String,System.Object> _tables","public","False","True","False","False","True","8","0x060070A1"
"DolocTown.Config.Player.AgentEquipmentFuncProtoFellCountAdditionOre","TranslateText","System.Void DolocTown.Config.Player.AgentEquipmentFuncProtoFellCountAdditionOre::TranslateText(System.Func`3<System.String,System.String,System.String>)","System.Void","System.Func`3<System.String,System.String,System.String> translator","public","False","True","False","False","True","8","0x060070A2"
"DolocTown.Config.Player.AgentEquipmentFuncProtoFellCountAdditionOre","ToString","System.String DolocTown.Config.Player.AgentEquipmentFuncProtoFellCountAdditionOre::ToString()","System.String","","public","False","True","False","False","True","30","0x060070A3"
"DolocTown.Config.Platform.BuildingSupportInfo","get_ColumnForegroundMiddle","DolocTown.TileAsset[] DolocTown.Config.Platform.BuildingSupportInfo::get_ColumnForegroundMiddle()","DolocTown.TileAsset[]","","public","False","False","False","False","True","7","0x06007194"
"DolocTown.Config.Platform.BuildingSupportInfo","set_ColumnForegroundMiddle","System.Void DolocTown.Config.Platform.BuildingSupportInfo::set_ColumnForegroundMiddle(DolocTown.TileAsset[])","System.Void","DolocTown.TileAsset[] value","private","False","False","False","False","True","8","0x06007195"
"DolocTown.Config.Platform.BuildingSupportInfo","get_ColumnForegroundBottom","DolocTown.TileAsset[] DolocTown.Config.Platform.BuildingSupportInfo::get_ColumnForegroundBottom()","DolocTown.TileAsset[]","","public","False","False","False","False","True","7","0x06007196"
"DolocTown.Config.Platform.BuildingSupportInfo","set_ColumnForegroundBottom","System.Void DolocTown.Config.Platform.BuildingSupportInfo::set_ColumnForegroundBottom(DolocTown.TileAsset[])","System.Void","DolocTown.TileAsset[] value","private","False","False","False","False","True","8","0x06007197"
"DolocTown.Config.Plant.CropGeneFuncProtoFlorescenceExtend",".ctor","System.Void DolocTown.Config.Plant.CropGeneFuncProtoFlorescenceExtend::.ctor(SimpleJSON.JSONNode)","System.Void","SimpleJSON.JSONNode _json","public","False","False","False","True","True","100","0x0600722C"
"DolocTown.Config.Plant.CropGeneFuncProtoFlorescenceExtend",".ctor","System.Void DolocTown.Config.Plant.CropGeneFuncProtoFlorescenceExtend::.ctor(System.Int32,System.Single)","System.Void","System.Int32 lifespan_addition; System.Single growth_decrease","public","False","False","False","True","True","21","0x0600722D"
"DolocTown.Config.Plant.CropGeneFuncProtoFlorescenceExtend","DeserializeCropGeneFuncProtoFlorescenceExtend","DolocTown.Config.Plant.CropGeneFuncProtoFlorescenceExtend DolocTown.Config.Plant.CropGeneFuncProtoFlorescenceExtend::DeserializeCropGeneFuncProtoFlorescenceExtend(SimpleJSON.JSONNode)","DolocTown.Config.Plant.CropGeneFuncProtoFlorescenceExtend","SimpleJSON.JSONNode _json","public","True","False","False","False","True","7","0x0600722E"
"DolocTown.Config.Plant.CropGeneFuncProtoFlorescenceExtend","get_LifespanAddition","System.Int32 DolocTown.Config.Plant.CropGeneFuncProtoFlorescenceExtend::get_LifespanAddition()","System.Int32","","public","False","False","False","False","True","7","0x0600722F"
"DolocTown.Config.Plant.CropGeneFuncProtoFlorescenceExtend","set_LifespanAddition","System.Void DolocTown.Config.Plant.CropGeneFuncProtoFlorescenceExtend::set_LifespanAddition(System.Int32)","System.Void","System.Int32 value","private","False","False","False","False","True","8","0x06007230"
"DolocTown.Config.Plant.CropGeneFuncProtoFlorescenceExtend","get_GrowthDecrease","System.Single DolocTown.Config.Plant.CropGeneFuncProtoFlorescenceExtend::get_GrowthDecrease()","System.Single","","public","False","False","False","False","True","7","0x06007231"
"DolocTown.Config.Plant.CropGeneFuncProtoFlorescenceExtend","set_GrowthDecrease","System.Void DolocTown.Config.Plant.CropGeneFuncProtoFlorescenceExtend::set_GrowthDecrease(System.Single)","System.Void","System.Single value","private","False","False","False","False","True","8","0x06007232"
"DolocTown.Config.Plant.CropGeneFuncProtoFlorescenceExtend","GetTypeId","System.Int32 DolocTown.Config.Plant.CropGeneFuncProtoFlorescenceExtend::GetTypeId()","System.Int32","","public","False","True","False","False","True","6","0x06007233"
"DolocTown.Config.Plant.CropGeneFuncProtoFlorescenceExtend","Resolve","System.Void DolocTown.Config.Plant.CropGeneFuncProtoFlorescenceExtend::Resolve(System.Collections.Generic.Dictionary`2<System.String,System.Object>)","System.Void","System.Collections.Generic.Dictionary`2<System.String,System.Object> _tables","public","False","True","False","False","True","8","0x06007234"
"DolocTown.Config.Plant.CropGeneFuncProtoFlorescenceExtend","TranslateText","System.Void DolocTown.Config.Plant.CropGeneFuncProtoFlorescenceExtend::TranslateText(System.Func`3<System.String,System.String,System.String>)","System.Void","System.Func`3<System.String,System.String,System.String> translator","public","False","True","False","False","True","8","0x06007235"
"DolocTown.Config.Plant.CropGeneFuncProtoFlorescenceExtend","ToString","System.String DolocTown.Config.Plant.CropGeneFuncProtoFlorescenceExtend::ToString()","System.String","","public","False","True","False","False","True","70","0x06007236"
"DolocTown.Config.Plant.CropGeneFuncProtoHope","get_SeedDropCount","System.Int32 DolocTown.Config.Plant.CropGeneFuncProtoHope::get_SeedDropCount()","System.Int32","","public","False","False","False","False","True","7","0x0600725B"
"DolocTown.Config.Plant.CropGeneFuncProtoHope","set_SeedDropCount","System.Void DolocTown.Config.Plant.CropGeneFuncProtoHope::set_SeedDropCount(System.Int32)","System.Void","System.Int32 value","private","False","False","False","False","True","8","0x0600725C"
"DolocTown.Config.Plant.CropGeneFuncProtoSporeSpray",".ctor","System.Void DolocTown.Config.Plant.CropGeneFuncProtoSporeSpray::.ctor(SimpleJSON.JSONNode)","System.Void","SimpleJSON.JSONNode _json","public","False","False","False","True","True","8","0x060072A5"
"DolocTown.Config.Plant.CropGeneFuncProtoSporeSpray",".ctor","System.Void DolocTown.Config.Plant.CropGeneFuncProtoSporeSpray::.ctor()","System.Void","","public","False","False","False","True","True","7","0x060072A6"
"DolocTown.Config.Plant.CropGeneFuncProtoSporeSpray","DeserializeCropGeneFuncProtoSporeSpray","DolocTown.Config.Plant.CropGeneFuncProtoSporeSpray DolocTown.Config.Plant.CropGeneFuncProtoSporeSpray::DeserializeCropGeneFuncProtoSporeSpray(SimpleJSON.JSONNode)","DolocTown.Config.Plant.CropGeneFuncProtoSporeSpray","SimpleJSON.JSONNode _json","public","True","False","False","False","True","7","0x060072A7"
"DolocTown.Config.Plant.CropGeneFuncProtoSporeSpray","GetTypeId","System.Int32 DolocTown.Config.Plant.CropGeneFuncProtoSporeSpray::GetTypeId()","System.Int32","","public","False","True","False","False","True","6","0x060072A8"
"DolocTown.Config.Plant.CropGeneFuncProtoSporeSpray","Resolve","System.Void DolocTown.Config.Plant.CropGeneFuncProtoSporeSpray::Resolve(System.Collections.Generic.Dictionary`2<System.String,System.Object>)","System.Void","System.Collections.Generic.Dictionary`2<System.String,System.Object> _tables","public","False","True","False","False","True","8","0x060072A9"
"DolocTown.Config.Plant.CropGeneFuncProtoSporeSpray","TranslateText","System.Void DolocTown.Config.Plant.CropGeneFuncProtoSporeSpray::TranslateText(System.Func`3<System.String,System.String,System.String>)","System.Void","System.Func`3<System.String,System.String,System.String> translator","public","False","True","False","False","True","8","0x060072AA"
"DolocTown.Config.Plant.CropGeneFuncProtoSporeSpray","ToString","System.String DolocTown.Config.Plant.CropGeneFuncProtoSporeSpray::ToString()","System.String","","public","False","True","False","False","True","6","0x060072AB"
"DolocTown.Config.Plant.TbTreeSeed",".ctor","System.Void DolocTown.Config.Plant.TbTreeSeed::.ctor(SimpleJSON.JSONNode)","System.Void","SimpleJSON.JSONNode _json","public","False","False","False","True","True","135","0x06007385"
"DolocTown.Config.Plant.TbTreeSeed","get_DataMap","System.Collections.Generic.Dictionary`2<System.String,DolocTown.Config.Plant.TreeSeedInfo> DolocTown.Config.Plant.TbTreeSeed::get_DataMap()","System.Collections.Generic.Dictionary`2<System.String,DolocTown.Config.Plant.TreeSeedInfo>","","public","False","False","False","False","True","7","0x06007386"
"DolocTown.Config.Plant.TbTreeSeed","get_DataList","System.Collections.Generic.List`1<DolocTown.Config.Plant.TreeSeedInfo> DolocTown.Config.Plant.TbTreeSeed::get_DataList()","System.Collections.Generic.List`1<DolocTown.Config.Plant.TreeSeedInfo>","","public","False","False","False","False","True","7","0x06007387"
"DolocTown.Config.Plant.TbTreeSeed","GetOrDefault","DolocTown.Config.Plant.TreeSeedInfo DolocTown.Config.Plant.TbTreeSeed::GetOrDefault(System.String)","DolocTown.Config.Plant.TreeSeedInfo","System.String key","public","False","False","False","False","True","20","0x06007388"
"DolocTown.Config.Plant.TbTreeSeed","Get","DolocTown.Config.Plant.TreeSeedInfo DolocTown.Config.Plant.TbTreeSeed::Get(System.String)","DolocTown.Config.Plant.TreeSeedInfo","System.String key","public","False","False","False","False","True","13","0x06007389"
"DolocTown.Config.Plant.TbTreeSeed","get_Item","DolocTown.Config.Plant.TreeSeedInfo DolocTown.Config.Plant.TbTreeSeed::get_Item(System.String)","DolocTown.Config.Plant.TreeSeedInfo","System.String key","public","False","False","False","False","True","13","0x0600738A"
"DolocTown.Config.Plant.TbTreeSeed","Resolve","System.Void DolocTown.Config.Plant.TbTreeSeed::Resolve(System.Collections.Generic.Dictionary`2<System.String,System.Object>)","System.Void","System.Collections.Generic.Dictionary`2<System.String,System.Object> _tables","public","False","False","False","False","True","53","0x0600738B"
"DolocTown.Config.Plant.TbTreeSeed","TranslateText","System.Void DolocTown.Config.Plant.TbTreeSeed::TranslateText(System.Func`3<System.String,System.String,System.String>)","System.Void","System.Func`3<System.String,System.String,System.String> translator","public","False","False","False","False","True","53","0x0600738C"
"DolocTown.Config.Plant.TreeSeedInfo",".ctor","System.Void DolocTown.Config.Plant.TreeSeedInfo::.ctor(SimpleJSON.JSONNode)","System.Void","SimpleJSON.JSONNode _json","public","False","False","False","True","True","441","0x0600738D"
"DolocTown.Config.Plant.TreeSeedInfo",".ctor","System.Void DolocTown.Config.Plant.TreeSeedInfo::.ctor(System.String,System.String,System.String,DolocTown.Config.Resource.ResourceLevelData[],System.Int32,System.String)","System.Void","System.String id; System.String title; System.String resource_id; DolocTown.Config.Resource.ResourceLevelData[] level_datas; System.Int32 repeat_level; System.String resin_collector_output","public","False","False","False","True","True","52","0x0600738E"
"DolocTown.Config.Plant.TreeSeedInfo","DeserializeTreeSeedInfo","DolocTown.Config.Plant.TreeSeedInfo DolocTown.Config.Plant.TreeSeedInfo::DeserializeTreeSeedInfo(SimpleJSON.JSONNode)","DolocTown.Config.Plant.TreeSeedInfo","SimpleJSON.JSONNode _json","public","True","False","False","False","True","7","0x0600738F"
"DolocTown.Config.Plant.TreeSeedInfo","get_Id","System.String DolocTown.Config.Plant.TreeSeedInfo::get_Id()","System.String","","public","False","False","False","False","True","7","0x06007390"
"DolocTown.Config.Plant.TreeSeedInfo","set_Id","System.Void DolocTown.Config.Plant.TreeSeedInfo::set_Id(System.String)","System.Void","System.String value","private","False","False","False","False","True","8","0x06007391"
"DolocTown.Config.Plant.TreeSeedInfo","get_Title","System.String DolocTown.Config.Plant.TreeSeedInfo::get_Title()","System.String","","public","False","False","False","False","True","7","0x06007392"
"DolocTown.Config.Plant.TreeSeedInfo","set_Title","System.Void DolocTown.Config.Plant.TreeSeedInfo::set_Title(System.String)","System.Void","System.String value","private","False","False","False","False","True","8","0x06007393"
"DolocTown.Config.Plant.TreeSeedInfo","get_Title_l10n_key","System.String DolocTown.Config.Plant.TreeSeedInfo::get_Title_l10n_key()","System.String","","public","False","False","False","False","True","7","0x06007394"
"DolocTown.Config.Plant.TreeSeedInfo","get_ResourceId","System.String DolocTown.Config.Plant.TreeSeedInfo::get_ResourceId()","System.String","","public","False","False","False","False","True","7","0x06007395"
"DolocTown.Config.Plant.TreeSeedInfo","set_ResourceId","System.Void DolocTown.Config.Plant.TreeSeedInfo::set_ResourceId(System.String)","System.Void","System.String value","private","False","False","False","False","True","8","0x06007396"
"DolocTown.Config.Plant.TreeSeedInfo","get_ResourceId_Ref","DolocTown.Config.Resource.ResourceInfo DolocTown.Config.Plant.TreeSeedInfo::get_ResourceId_Ref()","DolocTown.Config.Resource.ResourceInfo","","public","False","False","False","False","True","7","0x06007397"
"DolocTown.Config.Plant.TreeSeedInfo","set_ResourceId_Ref","System.Void DolocTown.Config.Plant.TreeSeedInfo::set_ResourceId_Ref(DolocTown.Config.Resource.ResourceInfo)","System.Void","DolocTown.Config.Resource.ResourceInfo value","private","False","False","False","False","True","8","0x06007398"
"DolocTown.Config.Plant.TreeSeedInfo","get_LevelDatas","DolocTown.Config.Resource.ResourceLevelData[] DolocTown.Config.Plant.TreeSeedInfo::get_LevelDatas()","DolocTown.Config.Resource.ResourceLevelData[]","","public","False","False","False","False","True","7","0x06007399"
"DolocTown.Config.Plant.TreeSeedInfo","set_LevelDatas","System.Void DolocTown.Config.Plant.TreeSeedInfo::set_LevelDatas(DolocTown.Config.Resource.ResourceLevelData[])","System.Void","DolocTown.Config.Resource.ResourceLevelData[] value","private","False","False","False","False","True","8","0x0600739A"
"DolocTown.Config.Plant.TreeSeedInfo","get_RepeatLevel","System.Int32 DolocTown.Config.Plant.TreeSeedInfo::get_RepeatLevel()","System.Int32","","public","False","False","False","False","True","7","0x0600739B"
"DolocTown.Config.Plant.TreeSeedInfo","set_RepeatLevel","System.Void DolocTown.Config.Plant.TreeSeedInfo::set_RepeatLevel(System.Int32)","System.Void","System.Int32 value","private","False","False","False","False","True","8","0x0600739C"
"DolocTown.Config.Plant.TreeSeedInfo","get_ResinCollectorOutput","System.String DolocTown.Config.Plant.TreeSeedInfo::get_ResinCollectorOutput()","System.String","","public","False","False","False","False","True","7","0x0600739D"
"DolocTown.Config.Plant.TreeSeedInfo","set_ResinCollectorOutput","System.Void DolocTown.Config.Plant.TreeSeedInfo::set_ResinCollectorOutput(System.String)","System.Void","System.String value","private","False","False","False","False","True","8","0x0600739E"
"DolocTown.Config.Plant.TreeSeedInfo","get_ResinCollectorOutput_Ref","DolocTown.Config.Resource.ResinCollectorOutputInfo DolocTown.Config.Plant.TreeSeedInfo::get_ResinCollectorOutput_Ref()","DolocTown.Config.Resource.ResinCollectorOutputInfo","","public","False","False","False","False","True","7","0x0600739F"
"DolocTown.Config.Plant.TreeSeedInfo","set_ResinCollectorOutput_Ref","System.Void DolocTown.Config.Plant.TreeSeedInfo::set_ResinCollectorOutput_Ref(DolocTown.Config.Resource.ResinCollectorOutputInfo)","System.Void","DolocTown.Config.Resource.ResinCollectorOutputInfo value","private","False","False","False","False","True","8","0x060073A0"
"DolocTown.Config.Plant.TreeSeedInfo","GetTypeId","System.Int32 DolocTown.Config.Plant.TreeSeedInfo::GetTypeId()","System.Int32","","public","False","True","False","False","True","6","0x060073A1"
"DolocTown.Config.Plant.TreeSeedInfo","Resolve","System.Void DolocTown.Config.Plant.TreeSeedInfo::Resolve(System.Collections.Generic.Dictionary`2<System.String,System.Object>)","System.Void","System.Collections.Generic.Dictionary`2<System.String,System.Object> _tables","public","False","False","False","False","True","103","0x060073A2"
"DolocTown.Config.Plant.TreeSeedInfo","TranslateText","System.Void DolocTown.Config.Plant.TreeSeedInfo::TranslateText(System.Func`3<System.String,System.String,System.String>)","System.Void","System.Func`3<System.String,System.String,System.String> translator","public","False","False","False","False","True","61","0x060073A3"
"DolocTown.Config.Plant.TreeSeedInfo","ToString","System.String DolocTown.Config.Plant.TreeSeedInfo::ToString()","System.String","","public","False","True","False","False","True","140","0x060073A4"
"DolocTown.Config.Plant.TreeSeedInfo","get_MaxLevel","System.Int32 DolocTown.Config.Plant.TreeSeedInfo::get_MaxLevel()","System.Int32","","public","False","False","False","False","True","11","0x060073A5"
"DolocTown.Config.Plant.TreeSeedInfo","GetLevelData","DolocTown.Config.Resource.ResourceLevelData DolocTown.Config.Plant.TreeSeedInfo::GetLevelData(System.Int32)","DolocTown.Config.Resource.ResourceLevelData","System.Int32 level","public","False","False","False","False","True","55","0x060073A6"
"DolocTown.Config.Plant.TreeSeedInfo","RandomSkinIndex","System.Int32 DolocTown.Config.Plant.TreeSeedInfo::RandomSkinIndex(System.Int32)","System.Int32","System.Int32 randomSeed","public","False","False","False","False","True","29","0x060073A7"
"DolocTown.Config.Plant.TreeSeedInfo","GetRandomMaxGrowthValues","System.Int32[] DolocTown.Config.Plant.TreeSeedInfo::GetRandomMaxGrowthValues(System.Int32)","System.Int32[]","System.Int32 randomSeed","public","False","False","False","False","True","79","0x060073A8"
"DolocTown.Config.Plant.TreeSeedInfo","ValidateSkinIdx","System.Int32 DolocTown.Config.Plant.TreeSeedInfo::ValidateSkinIdx(System.Int32)","System.Int32","System.Int32 skinIdx","public","False","False","False","False","True","26","0x060073A9"
"DolocTown.Config.NPC.NpcInfo","get_StreetPoints","System.Collections.Generic.Dictionary`2<System.String,UnityEngine.Vector2[]> DolocTown.Config.NPC.NpcInfo::get_StreetPoints()","System.Collections.Generic.Dictionary`2<System.String,UnityEngine.Vector2[]>","","public","False","False","False","False","True","32","0x06007422"
"DolocTown.Config.NPC.NpcInfo","LoadStreetPoints","System.Collections.Generic.Dictionary`2<System.String,UnityEngine.Vector2[]> DolocTown.Config.NPC.NpcInfo::LoadStreetPoints()","System.Collections.Generic.Dictionary`2<System.String,UnityEngine.Vector2[]>","","private","False","False","False","False","True","198","0x06007425"
"DolocTown.Config.NPC.NpcInfo/<>c","<LoadStreetPoints>b__115_0","System.String DolocTown.Config.NPC.NpcInfo/<>c::<LoadStreetPoints>b__115_0(System.Collections.Generic.KeyValuePair`2<System.String,System.Collections.Generic.List`1<UnityEngine.Vector2>>)","System.String","System.Collections.Generic.KeyValuePair`2<System.String,System.Collections.Generic.List`1<UnityEngine.Vector2>> pair","internal","False","False","False","False","True","8","0x0600A71B"
"DolocTown.Config.NPC.NpcInfo/<>c","<LoadStreetPoints>b__115_1","UnityEngine.Vector2[] DolocTown.Config.NPC.NpcInfo/<>c::<LoadStreetPoints>b__115_1(System.Collections.Generic.KeyValuePair`2<System.String,System.Collections.Generic.List`1<UnityEngine.Vector2>>)","UnityEngine.Vector2[]","System.Collections.Generic.KeyValuePair`2<System.String,System.Collections.Generic.List`1<UnityEngine.Vector2>> pair","internal","False","False","False","False","True","13","0x0600A71C"
"DolocTown.Config.Monster.MonsterDocumentInfo","get_SpecialDrop","System.String[] DolocTown.Config.Monster.MonsterDocumentInfo::get_SpecialDrop()","System.String[]","","public","False","False","False","False","True","7","0x06007470"
"DolocTown.Config.Monster.MonsterDocumentInfo","set_SpecialDrop","System.Void DolocTown.Config.Monster.MonsterDocumentInfo::set_SpecialDrop(System.String[])","System.Void","System.String[] value","private","False","False","False","False","True","8","0x06007471"
"DolocTown.Config.Monster.MonsterDocumentInfo","get_SpecialDrop_Ref","DolocTown.Config.Item.ItemInfo[] DolocTown.Config.Monster.MonsterDocumentInfo::get_SpecialDrop_Ref()","DolocTown.Config.Item.ItemInfo[]","","public","False","False","False","False","True","7","0x06007472"
"DolocTown.Config.Monster.MonsterDocumentInfo","set_SpecialDrop_Ref","System.Void DolocTown.Config.Monster.MonsterDocumentInfo::set_SpecialDrop_Ref(DolocTown.Config.Item.ItemInfo[])","System.Void","DolocTown.Config.Item.ItemInfo[] value","private","False","False","False","False","True","8","0x06007473"
"DolocTown.Config.Monster.MonsterInfo","get_DropSpawnEntry","DolocTown.Config.Item.ItemSpawnEntry DolocTown.Config.Monster.MonsterInfo::get_DropSpawnEntry()","DolocTown.Config.Item.ItemSpawnEntry","","public","False","False","False","False","True","7","0x0600748F"
"DolocTown.Config.Monster.MonsterInfo","set_DropSpawnEntry","System.Void DolocTown.Config.Monster.MonsterInfo::set_DropSpawnEntry(DolocTown.Config.Item.ItemSpawnEntry)","System.Void","DolocTown.Config.Item.ItemSpawnEntry value","private","False","False","False","False","True","8","0x06007490"
"DolocTown.Config.Mod.ModExchangeStoreExtensionInfo",".ctor","System.Void DolocTown.Config.Mod.ModExchangeStoreExtensionInfo::.ctor(SimpleJSON.JSONNode)","System.Void","SimpleJSON.JSONNode _json","public","False","False","False","True","True","171","0x060074F1"
"DolocTown.Config.Mod.ModExchangeStoreExtensionInfo",".ctor","System.Void DolocTown.Config.Mod.ModExchangeStoreExtensionInfo::.ctor(System.String,DolocTown.Config.Store.ExchangeStoreItemData[])","System.Void","System.String id; DolocTown.Config.Store.ExchangeStoreItemData[] extra_items","public","False","False","False","True","True","21","0x060074F2"
"DolocTown.Config.Mod.ModExchangeStoreExtensionInfo","DeserializeModExchangeStoreExtensionInfo","DolocTown.Config.Mod.ModExchangeStoreExtensionInfo DolocTown.Config.Mod.ModExchangeStoreExtensionInfo::DeserializeModExchangeStoreExtensionInfo(SimpleJSON.JSONNode)","DolocTown.Config.Mod.ModExchangeStoreExtensionInfo","SimpleJSON.JSONNode _json","public","True","False","False","False","True","7","0x060074F3"
"DolocTown.Config.Mod.ModExchangeStoreExtensionInfo","get_Id","System.String DolocTown.Config.Mod.ModExchangeStoreExtensionInfo::get_Id()","System.String","","public","False","False","False","False","True","7","0x060074F4"
"DolocTown.Config.Mod.ModExchangeStoreExtensionInfo","set_Id","System.Void DolocTown.Config.Mod.ModExchangeStoreExtensionInfo::set_Id(System.String)","System.Void","System.String value","private","False","False","False","False","True","8","0x060074F5"
"DolocTown.Config.Mod.ModExchangeStoreExtensionInfo","get_Id_Ref","DolocTown.Config.Store.ExchangeStoreInfo DolocTown.Config.Mod.ModExchangeStoreExtensionInfo::get_Id_Ref()","DolocTown.Config.Store.ExchangeStoreInfo","","public","False","False","False","False","True","7","0x060074F6"
"DolocTown.Config.Mod.ModExchangeStoreExtensionInfo","set_Id_Ref","System.Void DolocTown.Config.Mod.ModExchangeStoreExtensionInfo::set_Id_Ref(DolocTown.Config.Store.ExchangeStoreInfo)","System.Void","DolocTown.Config.Store.ExchangeStoreInfo value","private","False","False","False","False","True","8","0x060074F7"
"DolocTown.Config.Mod.ModExchangeStoreExtensionInfo","get_ExtraItems","DolocTown.Config.Store.ExchangeStoreItemData[] DolocTown.Config.Mod.ModExchangeStoreExtensionInfo::get_ExtraItems()","DolocTown.Config.Store.ExchangeStoreItemData[]","","public","False","False","False","False","True","7","0x060074F8"
"DolocTown.Config.Mod.ModExchangeStoreExtensionInfo","set_ExtraItems","System.Void DolocTown.Config.Mod.ModExchangeStoreExtensionInfo::set_ExtraItems(DolocTown.Config.Store.ExchangeStoreItemData[])","System.Void","DolocTown.Config.Store.ExchangeStoreItemData[] value","private","False","False","False","False","True","8","0x060074F9"
"DolocTown.Config.Mod.ModExchangeStoreExtensionInfo","GetTypeId","System.Int32 DolocTown.Config.Mod.ModExchangeStoreExtensionInfo::GetTypeId()","System.Int32","","public","False","True","False","False","True","6","0x060074FA"
"DolocTown.Config.Mod.ModExchangeStoreExtensionInfo","Resolve","System.Void DolocTown.Config.Mod.ModExchangeStoreExtensionInfo::Resolve(System.Collections.Generic.Dictionary`2<System.String,System.Object>)","System.Void","System.Collections.Generic.Dictionary`2<System.String,System.Object> _tables","public","False","False","False","False","True","70","0x060074FB"
"DolocTown.Config.Mod.ModExchangeStoreExtensionInfo","TranslateText","System.Void DolocTown.Config.Mod.ModExchangeStoreExtensionInfo::TranslateText(System.Func`3<System.String,System.String,System.String>)","System.Void","System.Func`3<System.String,System.String,System.String> translator","public","False","False","False","False","True","37","0x060074FC"
"DolocTown.Config.Mod.ModExchangeStoreExtensionInfo","ToString","System.String DolocTown.Config.Mod.ModExchangeStoreExtensionInfo::ToString()","System.String","","public","False","True","False","False","True","59","0x060074FD"
"DolocTown.Config.Mod.ModResourceSpawnExtensionInfo",".ctor","System.Void DolocTown.Config.Mod.ModResourceSpawnExtensionInfo::.ctor(SimpleJSON.JSONNode)","System.Void","SimpleJSON.JSONNode _json","public","False","False","False","True","True","171","0x06007545"
"DolocTown.Config.Mod.ModResourceSpawnExtensionInfo",".ctor","System.Void DolocTown.Config.Mod.ModResourceSpawnExtensionInfo::.ctor(System.String,DolocTown.Config.Resource.ResourceSpawnData[])","System.Void","System.String id; DolocTown.Config.Resource.ResourceSpawnData[] extra_resources","public","False","False","False","True","True","21","0x06007546"
"DolocTown.Config.Mod.ModResourceSpawnExtensionInfo","DeserializeModResourceSpawnExtensionInfo","DolocTown.Config.Mod.ModResourceSpawnExtensionInfo DolocTown.Config.Mod.ModResourceSpawnExtensionInfo::DeserializeModResourceSpawnExtensionInfo(SimpleJSON.JSONNode)","DolocTown.Config.Mod.ModResourceSpawnExtensionInfo","SimpleJSON.JSONNode _json","public","True","False","False","False","True","7","0x06007547"
"DolocTown.Config.Mod.ModResourceSpawnExtensionInfo","get_Id","System.String DolocTown.Config.Mod.ModResourceSpawnExtensionInfo::get_Id()","System.String","","public","False","False","False","False","True","7","0x06007548"
"DolocTown.Config.Mod.ModResourceSpawnExtensionInfo","set_Id","System.Void DolocTown.Config.Mod.ModResourceSpawnExtensionInfo::set_Id(System.String)","System.Void","System.String value","private","False","False","False","False","True","8","0x06007549"
"DolocTown.Config.Mod.ModResourceSpawnExtensionInfo","get_Id_Ref","DolocTown.Config.Resource.ResourceSpawnInfo DolocTown.Config.Mod.ModResourceSpawnExtensionInfo::get_Id_Ref()","DolocTown.Config.Resource.ResourceSpawnInfo","","public","False","False","False","False","True","7","0x0600754A"
"DolocTown.Config.Mod.ModResourceSpawnExtensionInfo","set_Id_Ref","System.Void DolocTown.Config.Mod.ModResourceSpawnExtensionInfo::set_Id_Ref(DolocTown.Config.Resource.ResourceSpawnInfo)","System.Void","DolocTown.Config.Resource.ResourceSpawnInfo value","private","False","False","False","False","True","8","0x0600754B"
"DolocTown.Config.Mod.ModResourceSpawnExtensionInfo","get_ExtraResources","DolocTown.Config.Resource.ResourceSpawnData[] DolocTown.Config.Mod.ModResourceSpawnExtensionInfo::get_ExtraResources()","DolocTown.Config.Resource.ResourceSpawnData[]","","public","False","False","False","False","True","7","0x0600754C"
"DolocTown.Config.Mod.ModResourceSpawnExtensionInfo","set_ExtraResources","System.Void DolocTown.Config.Mod.ModResourceSpawnExtensionInfo::set_ExtraResources(DolocTown.Config.Resource.ResourceSpawnData[])","System.Void","DolocTown.Config.Resource.ResourceSpawnData[] value","private","False","False","False","False","True","8","0x0600754D"
"DolocTown.Config.Mod.ModResourceSpawnExtensionInfo","GetTypeId","System.Int32 DolocTown.Config.Mod.ModResourceSpawnExtensionInfo::GetTypeId()","System.Int32","","public","False","True","False","False","True","6","0x0600754E"
"DolocTown.Config.Mod.ModResourceSpawnExtensionInfo","Resolve","System.Void DolocTown.Config.Mod.ModResourceSpawnExtensionInfo::Resolve(System.Collections.Generic.Dictionary`2<System.String,System.Object>)","System.Void","System.Collections.Generic.Dictionary`2<System.String,System.Object> _tables","public","False","False","False","False","True","70","0x0600754F"
"DolocTown.Config.Mod.ModResourceSpawnExtensionInfo","TranslateText","System.Void DolocTown.Config.Mod.ModResourceSpawnExtensionInfo::TranslateText(System.Func`3<System.String,System.String,System.String>)","System.Void","System.Func`3<System.String,System.String,System.String> translator","public","False","False","False","False","True","37","0x06007550"
"DolocTown.Config.Mod.ModResourceSpawnExtensionInfo","ToString","System.String DolocTown.Config.Mod.ModResourceSpawnExtensionInfo::ToString()","System.String","","public","False","True","False","False","True","59","0x06007551"
"DolocTown.Config.Mod.ModStoreExtensionInfo",".ctor","System.Void DolocTown.Config.Mod.ModStoreExtensionInfo::.ctor(SimpleJSON.JSONNode)","System.Void","SimpleJSON.JSONNode _json","public","False","False","False","True","True","236","0x06007552"
"DolocTown.Config.Mod.ModStoreExtensionInfo",".ctor","System.Void DolocTown.Config.Mod.ModStoreExtensionInfo::.ctor(System.String,DolocTown.Config.Store.StoreItemSeasonData[])","System.Void","System.String id; DolocTown.Config.Store.StoreItemSeasonData[] extra_items","public","False","False","False","True","True","75","0x06007553"
"DolocTown.Config.Mod.ModStoreExtensionInfo","DeserializeModStoreExtensionInfo","DolocTown.Config.Mod.ModStoreExtensionInfo DolocTown.Config.Mod.ModStoreExtensionInfo::DeserializeModStoreExtensionInfo(SimpleJSON.JSONNode)","DolocTown.Config.Mod.ModStoreExtensionInfo","SimpleJSON.JSONNode _json","public","True","False","False","False","True","7","0x06007554"
"DolocTown.Config.Mod.ModStoreExtensionInfo","get_Id","System.String DolocTown.Config.Mod.ModStoreExtensionInfo::get_Id()","System.String","","public","False","False","False","False","True","7","0x06007555"
"DolocTown.Config.Mod.ModStoreExtensionInfo","set_Id","System.Void DolocTown.Config.Mod.ModStoreExtensionInfo::set_Id(System.String)","System.Void","System.String value","private","False","False","False","False","True","8","0x06007556"
"DolocTown.Config.Mod.ModStoreExtensionInfo","get_Id_Ref","DolocTown.Config.Store.StoreInfo DolocTown.Config.Mod.ModStoreExtensionInfo::get_Id_Ref()","DolocTown.Config.Store.StoreInfo","","public","False","False","False","False","True","7","0x06007557"
"DolocTown.Config.Mod.ModStoreExtensionInfo","set_Id_Ref","System.Void DolocTown.Config.Mod.ModStoreExtensionInfo::set_Id_Ref(DolocTown.Config.Store.StoreInfo)","System.Void","DolocTown.Config.Store.StoreInfo value","private","False","False","False","False","True","8","0x06007558"
"DolocTown.Config.Mod.ModStoreExtensionInfo","get_ExtraItems","DolocTown.Config.Store.StoreItemSeasonData[] DolocTown.Config.Mod.ModStoreExtensionInfo::get_ExtraItems()","DolocTown.Config.Store.StoreItemSeasonData[]","","public","False","False","False","False","True","7","0x06007559"
"DolocTown.Config.Mod.ModStoreExtensionInfo","set_ExtraItems","System.Void DolocTown.Config.Mod.ModStoreExtensionInfo::set_ExtraItems(DolocTown.Config.Store.StoreItemSeasonData[])","System.Void","DolocTown.Config.Store.StoreItemSeasonData[] value","private","False","False","False","False","True","8","0x0600755A"
"DolocTown.Config.Mod.ModStoreExtensionInfo","GetTypeId","System.Int32 DolocTown.Config.Mod.ModStoreExtensionInfo::GetTypeId()","System.Int32","","public","False","True","False","False","True","6","0x0600755B"
"DolocTown.Config.Mod.ModStoreExtensionInfo","Resolve","System.Void DolocTown.Config.Mod.ModStoreExtensionInfo::Resolve(System.Collections.Generic.Dictionary`2<System.String,System.Object>)","System.Void","System.Collections.Generic.Dictionary`2<System.String,System.Object> _tables","public","False","False","False","False","True","70","0x0600755C"
"DolocTown.Config.Mod.ModStoreExtensionInfo","TranslateText","System.Void DolocTown.Config.Mod.ModStoreExtensionInfo::TranslateText(System.Func`3<System.String,System.String,System.String>)","System.Void","System.Func`3<System.String,System.String,System.String> translator","public","False","False","False","False","True","37","0x0600755D"
"DolocTown.Config.Mod.ModStoreExtensionInfo","ToString","System.String DolocTown.Config.Mod.ModStoreExtensionInfo::ToString()","System.String","","public","False","True","False","False","True","59","0x0600755E"
"DolocTown.Config.Mod.ModVegetationSpawnExtensionInfo",".ctor","System.Void DolocTown.Config.Mod.ModVegetationSpawnExtensionInfo::.ctor(SimpleJSON.JSONNode)","System.Void","SimpleJSON.JSONNode _json","public","False","False","False","True","True","171","0x0600755F"
"DolocTown.Config.Mod.ModVegetationSpawnExtensionInfo",".ctor","System.Void DolocTown.Config.Mod.ModVegetationSpawnExtensionInfo::.ctor(System.String,DolocTown.Config.Resource.VegetationSpawnData[])","System.Void","System.String id; DolocTown.Config.Resource.VegetationSpawnData[] extra_vegetations","public","False","False","False","True","True","21","0x06007560"
"DolocTown.Config.Mod.ModVegetationSpawnExtensionInfo","DeserializeModVegetationSpawnExtensionInfo","DolocTown.Config.Mod.ModVegetationSpawnExtensionInfo DolocTown.Config.Mod.ModVegetationSpawnExtensionInfo::DeserializeModVegetationSpawnExtensionInfo(SimpleJSON.JSONNode)","DolocTown.Config.Mod.ModVegetationSpawnExtensionInfo","SimpleJSON.JSONNode _json","public","True","False","False","False","True","7","0x06007561"
"DolocTown.Config.Mod.ModVegetationSpawnExtensionInfo","get_Id","System.String DolocTown.Config.Mod.ModVegetationSpawnExtensionInfo::get_Id()","System.String","","public","False","False","False","False","True","7","0x06007562"
"DolocTown.Config.Mod.ModVegetationSpawnExtensionInfo","set_Id","System.Void DolocTown.Config.Mod.ModVegetationSpawnExtensionInfo::set_Id(System.String)","System.Void","System.String value","private","False","False","False","False","True","8","0x06007563"
"DolocTown.Config.Mod.ModVegetationSpawnExtensionInfo","get_Id_Ref","DolocTown.Config.Resource.VegetationSpawnInfo DolocTown.Config.Mod.ModVegetationSpawnExtensionInfo::get_Id_Ref()","DolocTown.Config.Resource.VegetationSpawnInfo","","public","False","False","False","False","True","7","0x06007564"
"DolocTown.Config.Mod.ModVegetationSpawnExtensionInfo","set_Id_Ref","System.Void DolocTown.Config.Mod.ModVegetationSpawnExtensionInfo::set_Id_Ref(DolocTown.Config.Resource.VegetationSpawnInfo)","System.Void","DolocTown.Config.Resource.VegetationSpawnInfo value","private","False","False","False","False","True","8","0x06007565"
"DolocTown.Config.Mod.ModVegetationSpawnExtensionInfo","get_ExtraVegetations","DolocTown.Config.Resource.VegetationSpawnData[] DolocTown.Config.Mod.ModVegetationSpawnExtensionInfo::get_ExtraVegetations()","DolocTown.Config.Resource.VegetationSpawnData[]","","public","False","False","False","False","True","7","0x06007566"
"DolocTown.Config.Mod.ModVegetationSpawnExtensionInfo","set_ExtraVegetations","System.Void DolocTown.Config.Mod.ModVegetationSpawnExtensionInfo::set_ExtraVegetations(DolocTown.Config.Resource.VegetationSpawnData[])","System.Void","DolocTown.Config.Resource.VegetationSpawnData[] value","private","False","False","False","False","True","8","0x06007567"
"DolocTown.Config.Mod.ModVegetationSpawnExtensionInfo","GetTypeId","System.Int32 DolocTown.Config.Mod.ModVegetationSpawnExtensionInfo::GetTypeId()","System.Int32","","public","False","True","False","False","True","6","0x06007568"
"DolocTown.Config.Mod.ModVegetationSpawnExtensionInfo","Resolve","System.Void DolocTown.Config.Mod.ModVegetationSpawnExtensionInfo::Resolve(System.Collections.Generic.Dictionary`2<System.String,System.Object>)","System.Void","System.Collections.Generic.Dictionary`2<System.String,System.Object> _tables","public","False","False","False","False","True","70","0x06007569"
"DolocTown.Config.Mod.ModVegetationSpawnExtensionInfo","TranslateText","System.Void DolocTown.Config.Mod.ModVegetationSpawnExtensionInfo::TranslateText(System.Func`3<System.String,System.String,System.String>)","System.Void","System.Func`3<System.String,System.String,System.String> translator","public","False","False","False","False","True","37","0x0600756A"
"DolocTown.Config.Mod.ModVegetationSpawnExtensionInfo","ToString","System.String DolocTown.Config.Mod.ModVegetationSpawnExtensionInfo::ToString()","System.String","","public","False","True","False","False","True","59","0x0600756B"
"DolocTown.Config.Mod.TbModExchangeStoreExtension",".ctor","System.Void DolocTown.Config.Mod.TbModExchangeStoreExtension::.ctor(SimpleJSON.JSONNode)","System.Void","SimpleJSON.JSONNode _json","public","False","False","False","True","True","76","0x06007570"
"DolocTown.Config.Mod.TbModExchangeStoreExtension","get_DataList","System.Collections.Generic.List`1<DolocTown.Config.Mod.ModExchangeStoreExtensionInfo> DolocTown.Config.Mod.TbModExchangeStoreExtension::get_DataList()","System.Collections.Generic.List`1<DolocTown.Config.Mod.ModExchangeStoreExtensionInfo>","","public","False","False","False","False","True","7","0x06007571"
"DolocTown.Config.Mod.TbModExchangeStoreExtension","Resolve","System.Void DolocTown.Config.Mod.TbModExchangeStoreExtension::Resolve(System.Collections.Generic.Dictionary`2<System.String,System.Object>)","System.Void","System.Collections.Generic.Dictionary`2<System.String,System.Object> _tables","public","False","False","False","False","True","53","0x06007572"
"DolocTown.Config.Mod.TbModExchangeStoreExtension","TranslateText","System.Void DolocTown.Config.Mod.TbModExchangeStoreExtension::TranslateText(System.Func`3<System.String,System.String,System.String>)","System.Void","System.Func`3<System.String,System.String,System.String> translator","public","False","False","False","False","True","53","0x06007573"
"DolocTown.Config.Mod.TbModResourceSpawnExtension",".ctor","System.Void DolocTown.Config.Mod.TbModResourceSpawnExtension::.ctor(SimpleJSON.JSONNode)","System.Void","SimpleJSON.JSONNode _json","public","False","False","False","True","True","76","0x06007588"
"DolocTown.Config.Mod.TbModResourceSpawnExtension","get_DataList","System.Collections.Generic.List`1<DolocTown.Config.Mod.ModResourceSpawnExtensionInfo> DolocTown.Config.Mod.TbModResourceSpawnExtension::get_DataList()","System.Collections.Generic.List`1<DolocTown.Config.Mod.ModResourceSpawnExtensionInfo>","","public","False","False","False","False","True","7","0x06007589"
"DolocTown.Config.Mod.TbModResourceSpawnExtension","Resolve","System.Void DolocTown.Config.Mod.TbModResourceSpawnExtension::Resolve(System.Collections.Generic.Dictionary`2<System.String,System.Object>)","System.Void","System.Collections.Generic.Dictionary`2<System.String,System.Object> _tables","public","False","False","False","False","True","53","0x0600758A"
"DolocTown.Config.Mod.TbModResourceSpawnExtension","TranslateText","System.Void DolocTown.Config.Mod.TbModResourceSpawnExtension::TranslateText(System.Func`3<System.String,System.String,System.String>)","System.Void","System.Func`3<System.String,System.String,System.String> translator","public","False","False","False","False","True","53","0x0600758B"
"DolocTown.Config.Mod.TbModStoreExtension",".ctor","System.Void DolocTown.Config.Mod.TbModStoreExtension::.ctor(SimpleJSON.JSONNode)","System.Void","SimpleJSON.JSONNode _json","public","False","False","False","True","True","76","0x0600758C"
"DolocTown.Config.Mod.TbModStoreExtension","get_DataList","System.Collections.Generic.List`1<DolocTown.Config.Mod.ModStoreExtensionInfo> DolocTown.Config.Mod.TbModStoreExtension::get_DataList()","System.Collections.Generic.List`1<DolocTown.Config.Mod.ModStoreExtensionInfo>","","public","False","False","False","False","True","7","0x0600758D"
"DolocTown.Config.Mod.TbModStoreExtension","Resolve","System.Void DolocTown.Config.Mod.TbModStoreExtension::Resolve(System.Collections.Generic.Dictionary`2<System.String,System.Object>)","System.Void","System.Collections.Generic.Dictionary`2<System.String,System.Object> _tables","public","False","False","False","False","True","53","0x0600758E"
"DolocTown.Config.Mod.TbModStoreExtension","TranslateText","System.Void DolocTown.Config.Mod.TbModStoreExtension::TranslateText(System.Func`3<System.String,System.String,System.String>)","System.Void","System.Func`3<System.String,System.String,System.String> translator","public","False","False","False","False","True","53","0x0600758F"
"DolocTown.Config.Mod.TbModVegetationSpawnExtension",".ctor","System.Void DolocTown.Config.Mod.TbModVegetationSpawnExtension::.ctor(SimpleJSON.JSONNode)","System.Void","SimpleJSON.JSONNode _json","public","False","False","False","True","True","76","0x06007590"
"DolocTown.Config.Mod.TbModVegetationSpawnExtension","get_DataList","System.Collections.Generic.List`1<DolocTown.Config.Mod.ModVegetationSpawnExtensionInfo> DolocTown.Config.Mod.TbModVegetationSpawnExtension::get_DataList()","System.Collections.Generic.List`1<DolocTown.Config.Mod.ModVegetationSpawnExtensionInfo>","","public","False","False","False","False","True","7","0x06007591"
"DolocTown.Config.Mod.TbModVegetationSpawnExtension","Resolve","System.Void DolocTown.Config.Mod.TbModVegetationSpawnExtension::Resolve(System.Collections.Generic.Dictionary`2<System.String,System.Object>)","System.Void","System.Collections.Generic.Dictionary`2<System.String,System.Object> _tables","public","False","False","False","False","True","53","0x06007592"
"DolocTown.Config.Mod.TbModVegetationSpawnExtension","TranslateText","System.Void DolocTown.Config.Mod.TbModVegetationSpawnExtension::TranslateText(System.Func`3<System.String,System.String,System.String>)","System.Void","System.Func`3<System.String,System.String,System.String> translator","public","False","False","False","False","True","53","0x06007593"
"DolocTown.Config.Mission.FactionMissionInfo","get_UnlockBeforeSettled","System.Boolean DolocTown.Config.Mission.FactionMissionInfo::get_UnlockBeforeSettled()","System.Boolean","","public","False","False","False","False","True","7","0x060075E7"
"DolocTown.Config.Mission.FactionMissionInfo","set_UnlockBeforeSettled","System.Void DolocTown.Config.Mission.FactionMissionInfo::set_UnlockBeforeSettled(System.Boolean)","System.Void","System.Boolean value","private","False","False","False","False","True","8","0x060075E8"
"DolocTown.Config.Localization.StaticTextInfo","get_UiTipTechtreePointFocus","System.String DolocTown.Config.Localization.StaticTextInfo::get_UiTipTechtreePointFocus()","System.String","","public","False","False","False","False","True","7","0x06007938"
"DolocTown.Config.Localization.StaticTextInfo","set_UiTipTechtreePointFocus","System.Void DolocTown.Config.Localization.StaticTextInfo::set_UiTipTechtreePointFocus(System.String)","System.Void","System.String value","private","False","False","False","False","True","8","0x06007939"
"DolocTown.Config.Localization.StaticTextInfo","get_UiTipTechtreePointFocus_l10n_key","System.String DolocTown.Config.Localization.StaticTextInfo::get_UiTipTechtreePointFocus_l10n_key()","System.String","","public","False","False","False","False","True","7","0x0600793A"
"DolocTown.Config.Localization.StaticTextInfo","get_UiTipTechtreeFocus","System.String DolocTown.Config.Localization.StaticTextInfo::get_UiTipTechtreeFocus()","System.String","","public","False","False","False","False","True","7","0x0600793B"
"DolocTown.Config.Localization.StaticTextInfo","set_UiTipTechtreeFocus","System.Void DolocTown.Config.Localization.StaticTextInfo::set_UiTipTechtreeFocus(System.String)","System.Void","System.String value","private","False","False","False","False","True","8","0x0600793C"
"DolocTown.Config.Localization.StaticTextInfo","get_UiTipTechtreeFocus_l10n_key","System.String DolocTown.Config.Localization.StaticTextInfo::get_UiTipTechtreeFocus_l10n_key()","System.String","","public","False","False","False","False","True","7","0x0600793D"
"DolocTown.Config.Localization.StaticTextInfo","get_UiOperationHarvest","System.String DolocTown.Config.Localization.StaticTextInfo::get_UiOperationHarvest()","System.String","","public","False","False","False","False","True","7","0x06007956"
"DolocTown.Config.Localization.StaticTextInfo","set_UiOperationHarvest","System.Void DolocTown.Config.Localization.StaticTextInfo::set_UiOperationHarvest(System.String)","System.Void","System.String value","private","False","False","False","False","True","8","0x06007957"
"DolocTown.Config.Localization.StaticTextInfo","get_UiOperationHarvest_l10n_key","System.String DolocTown.Config.Localization.StaticTextInfo::get_UiOperationHarvest_l10n_key()","System.String","","public","False","False","False","False","True","7","0x06007958"
"DolocTown.Config.Localization.StaticTextInfo","get_UiOperationErrCannotPlantTree","System.String DolocTown.Config.Localization.StaticTextInfo::get_UiOperationErrCannotPlantTree()","System.String","","public","False","False","False","False","True","7","0x060079B3"
"DolocTown.Config.Localization.StaticTextInfo","set_UiOperationErrCannotPlantTree","System.Void DolocTown.Config.Localization.StaticTextInfo::set_UiOperationErrCannotPlantTree(System.String)","System.Void","System.String value","private","False","False","False","False","True","8","0x060079B4"
"DolocTown.Config.Localization.StaticTextInfo","get_UiOperationErrCannotPlantTree_l10n_key","System.String DolocTown.Config.Localization.StaticTextInfo::get_UiOperationErrCannotPlantTree_l10n_key()","System.String","","public","False","False","False","False","True","7","0x060079B5"
"DolocTown.Config.Localization.StaticTextInfo","get_StorePlayerMoneyNotEnough","System.String DolocTown.Config.Localization.StaticTextInfo::get_StorePlayerMoneyNotEnough()","System.String","","public","False","False","False","False","True","7","0x06007A34"
"DolocTown.Config.Localization.StaticTextInfo","set_StorePlayerMoneyNotEnough","System.Void DolocTown.Config.Localization.StaticTextInfo::set_StorePlayerMoneyNotEnough(System.String)","System.Void","System.String value","private","False","False","False","False","True","8","0x06007A35"
"DolocTown.Config.Localization.StaticTextInfo","get_StorePlayerMoneyNotEnough_l10n_key","System.String DolocTown.Config.Localization.StaticTextInfo::get_StorePlayerMoneyNotEnough_l10n_key()","System.String","","public","False","False","False","False","True","7","0x06007A36"
"DolocTown.Config.Localization.StaticTextInfo","get_StoreStoreMoneyNotEnough","System.String DolocTown.Config.Localization.StaticTextInfo::get_StoreStoreMoneyNotEnough()","System.String","","public","False","False","False","False","True","7","0x06007A37"
"DolocTown.Config.Localization.StaticTextInfo","set_StoreStoreMoneyNotEnough","System.Void DolocTown.Config.Localization.StaticTextInfo::set_StoreStoreMoneyNotEnough(System.String)","System.Void","System.String value","private","False","False","False","False","True","8","0x06007A38"
"DolocTown.Config.Localization.StaticTextInfo","get_StoreStoreMoneyNotEnough_l10n_key","System.String DolocTown.Config.Localization.StaticTextInfo::get_StoreStoreMoneyNotEnough_l10n_key()","System.String","","public","False","False","False","False","True","7","0x06007A39"
"DolocTown.Config.Localization.StaticTextInfo","get_StoreItemNotSaleable","System.String DolocTown.Config.Localization.StaticTextInfo::get_StoreItemNotSaleable()","System.String","","public","False","False","False","False","True","7","0x06007A3A"
"DolocTown.Config.Localization.StaticTextInfo","set_StoreItemNotSaleable","System.Void DolocTown.Config.Localization.StaticTextInfo::set_StoreItemNotSaleable(System.String)","System.Void","System.String value","private","False","False","False","False","True","8","0x06007A3B"
"DolocTown.Config.Localization.StaticTextInfo","get_StoreItemNotSaleable_l10n_key","System.String DolocTown.Config.Localization.StaticTextInfo::get_StoreItemNotSaleable_l10n_key()","System.String","","public","False","False","False","False","True","7","0x06007A3C"
"DolocTown.Config.Localization.StaticTextInfo","get_StoreItemSoldOut","System.String DolocTown.Config.Localization.StaticTextInfo::get_StoreItemSoldOut()","System.String","","public","False","False","False","False","True","7","0x06007A3D"
"DolocTown.Config.Localization.StaticTextInfo","set_StoreItemSoldOut","System.Void DolocTown.Config.Localization.StaticTextInfo::set_StoreItemSoldOut(System.String)","System.Void","System.String value","private","False","False","False","False","True","8","0x06007A3E"
"DolocTown.Config.Localization.StaticTextInfo","get_StoreItemSoldOut_l10n_key","System.String DolocTown.Config.Localization.StaticTextInfo::get_StoreItemSoldOut_l10n_key()","System.String","","public","False","False","False","False","True","7","0x06007A3F"
"DolocTown.Config.Localization.StaticTextInfo","get_StoreLackOfAsset","System.String DolocTown.Config.Localization.StaticTextInfo::get_StoreLackOfAsset()","System.String","","public","False","False","False","False","True","7","0x06007A40"
"DolocTown.Config.Localization.StaticTextInfo","set_StoreLackOfAsset","System.Void DolocTown.Config.Localization.StaticTextInfo::set_StoreLackOfAsset(System.String)","System.Void","System.String value","private","False","False","False","False","True","8","0x06007A41"
"DolocTown.Config.Localization.StaticTextInfo","get_StoreLackOfAsset_l10n_key","System.String DolocTown.Config.Localization.StaticTextInfo::get_StoreLackOfAsset_l10n_key()","System.String","","public","False","False","False","False","True","7","0x06007A42"
"DolocTown.Config.Localization.StaticTextInfo","get_StoreUpgradePrice","System.String DolocTown.Config.Localization.StaticTextInfo::get_StoreUpgradePrice()","System.String","","public","False","False","False","False","True","7","0x06007A43"
"DolocTown.Config.Localization.StaticTextInfo","set_StoreUpgradePrice","System.Void DolocTown.Config.Localization.StaticTextInfo::set_StoreUpgradePrice(System.String)","System.Void","System.String value","private","False","False","False","False","True","8","0x06007A44"
"DolocTown.Config.Localization.StaticTextInfo","get_StoreUpgradePrice_l10n_key","System.String DolocTown.Config.Localization.StaticTextInfo::get_StoreUpgradePrice_l10n_key()","System.String","","public","False","False","False","False","True","7","0x06007A45"
"DolocTown.Config.Localization.StaticTextInfo","get_StoreUpgradeConfirm","System.String DolocTown.Config.Localization.StaticTextInfo::get_StoreUpgradeConfirm()","System.String","","public","False","False","False","False","True","7","0x06007A46"
"DolocTown.Config.Localization.StaticTextInfo","set_StoreUpgradeConfirm","System.Void DolocTown.Config.Localization.StaticTextInfo::set_StoreUpgradeConfirm(System.String)","System.Void","System.String value","private","False","False","False","False","True","8","0x06007A47"
"DolocTown.Config.Localization.StaticTextInfo","get_StoreUpgradeConfirm_l10n_key","System.String DolocTown.Config.Localization.StaticTextInfo::get_StoreUpgradeConfirm_l10n_key()","System.String","","public","False","False","False","False","True","7","0x06007A48"
"DolocTown.Config.Localization.StaticTextInfo","get_StoreSoldOutIcon","System.String DolocTown.Config.Localization.StaticTextInfo::get_StoreSoldOutIcon()","System.String","","public","False","False","False","False","True","7","0x06007A49"
"DolocTown.Config.Localization.StaticTextInfo","set_StoreSoldOutIcon","System.Void DolocTown.Config.Localization.StaticTextInfo::set_StoreSoldOutIcon(System.String)","System.Void","System.String value","private","False","False","False","False","True","8","0x06007A4A"
"DolocTown.Config.Localization.StaticTextInfo","get_StoreSoldOutIcon_l10n_key","System.String DolocTown.Config.Localization.StaticTextInfo::get_StoreSoldOutIcon_l10n_key()","System.String","","public","False","False","False","False","True","7","0x06007A4B"
"DolocTown.Config.Localization.StaticTextInfo","get_StoreUpgradeEmptyInfo","System.String DolocTown.Config.Localization.StaticTextInfo::get_StoreUpgradeEmptyInfo()","System.String","","public","False","False","False","False","True","7","0x06007A4C"
"DolocTown.Config.Localization.StaticTextInfo","set_StoreUpgradeEmptyInfo","System.Void DolocTown.Config.Localization.StaticTextInfo::set_StoreUpgradeEmptyInfo(System.String)","System.Void","System.String value","private","False","False","False","False","True","8","0x06007A4D"
"DolocTown.Config.Localization.StaticTextInfo","get_StoreUpgradeEmptyInfo_l10n_key","System.String DolocTown.Config.Localization.StaticTextInfo::get_StoreUpgradeEmptyInfo_l10n_key()","System.String","","public","False","False","False","False","True","7","0x06007A4E"
"DolocTown.Config.Localization.StaticTextInfo","get_StoreItemNotSaleableComment","System.String DolocTown.Config.Localization.StaticTextInfo::get_StoreItemNotSaleableComment()","System.String","","public","False","False","False","False","True","7","0x06007A4F"
"DolocTown.Config.Localization.StaticTextInfo","set_StoreItemNotSaleableComment","System.Void DolocTown.Config.Localization.StaticTextInfo::set_StoreItemNotSaleableComment(System.String)","System.Void","System.String value","private","False","False","False","False","True","8","0x06007A50"
"DolocTown.Config.Localization.StaticTextInfo","get_StoreItemNotSaleableComment_l10n_key","System.String DolocTown.Config.Localization.StaticTextInfo::get_StoreItemNotSaleableComment_l10n_key()","System.String","","public","False","False","False","False","True","7","0x06007A51"
"DolocTown.Config.Localization.StaticTextInfo","get_StoreQuantitySubmitSelling","System.String DolocTown.Config.Localization.StaticTextInfo::get_StoreQuantitySubmitSelling()","System.String","","public","False","False","False","False","True","7","0x06007A52"
"DolocTown.Config.Localization.StaticTextInfo","set_StoreQuantitySubmitSelling","System.Void DolocTown.Config.Localization.StaticTextInfo::set_StoreQuantitySubmitSelling(System.String)","System.Void","System.String value","private","False","False","False","False","True","8","0x06007A53"
"DolocTown.Config.Localization.StaticTextInfo","get_StoreQuantitySubmitSelling_l10n_key","System.String DolocTown.Config.Localization.StaticTextInfo::get_StoreQuantitySubmitSelling_l10n_key()","System.String","","public","False","False","False","False","True","7","0x06007A54"
"DolocTown.Config.Localization.StaticTextInfo","get_StoreQuantitySubmitCurrentMoneySelling","System.String DolocTown.Config.Localization.StaticTextInfo::get_StoreQuantitySubmitCurrentMoneySelling()","System.String","","public","False","False","False","False","True","7","0x06007A55"
"DolocTown.Config.Localization.StaticTextInfo","set_StoreQuantitySubmitCurrentMoneySelling","System.Void DolocTown.Config.Localization.StaticTextInfo::set_StoreQuantitySubmitCurrentMoneySelling(System.String)","System.Void","System.String value","private","False","False","False","False","True","8","0x06007A56"
"DolocTown.Config.Localization.StaticTextInfo","get_StoreQuantitySubmitCurrentMoneySelling_l10n_key","System.String DolocTown.Config.Localization.StaticTextInfo::get_StoreQuantitySubmitCurrentMoneySelling_l10n_key()","System.String","","public","False","False","False","False","True","7","0x06007A57"
"DolocTown.Config.Localization.StaticTextInfo","get_StoreQuantitySubmitTotalMoneySelling","System.String DolocTown.Config.Localization.StaticTextInfo::get_StoreQuantitySubmitTotalMoneySelling()","System.String","","public","False","False","False","False","True","7","0x06007A58"
"DolocTown.Config.Localization.StaticTextInfo","set_StoreQuantitySubmitTotalMoneySelling","System.Void DolocTown.Config.Localization.StaticTextInfo::set_StoreQuantitySubmitTotalMoneySelling(System.String)","System.Void","System.String value","private","False","False","False","False","True","8","0x06007A59"
"DolocTown.Config.Localization.StaticTextInfo","get_StoreQuantitySubmitTotalMoneySelling_l10n_key","System.String DolocTown.Config.Localization.StaticTextInfo::get_StoreQuantitySubmitTotalMoneySelling_l10n_key()","System.String","","public","False","False","False","False","True","7","0x06007A5A"
"DolocTown.Config.Localization.StaticTextInfo","get_StoreQuantitySubmitBuying","System.String DolocTown.Config.Localization.StaticTextInfo::get_StoreQuantitySubmitBuying()","System.String","","public","False","False","False","False","True","7","0x06007A5B"
"DolocTown.Config.Localization.StaticTextInfo","set_StoreQuantitySubmitBuying","System.Void DolocTown.Config.Localization.StaticTextInfo::set_StoreQuantitySubmitBuying(System.String)","System.Void","System.String value","private","False","False","False","False","True","8","0x06007A5C"
"DolocTown.Config.Localization.StaticTextInfo","get_StoreQuantitySubmitBuying_l10n_key","System.String DolocTown.Config.Localization.StaticTextInfo::get_StoreQuantitySubmitBuying_l10n_key()","System.String","","public","False","False","False","False","True","7","0x06007A5D"
"DolocTown.Config.Localization.StaticTextInfo","get_StoreQuantitySubmitCurrentMoneyBuying","System.String DolocTown.Config.Localization.StaticTextInfo::get_StoreQuantitySubmitCurrentMoneyBuying()","System.String","","public","False","False","False","False","True","7","0x06007A5E"
"DolocTown.Config.Localization.StaticTextInfo","set_StoreQuantitySubmitCurrentMoneyBuying","System.Void DolocTown.Config.Localization.StaticTextInfo::set_StoreQuantitySubmitCurrentMoneyBuying(System.String)","System.Void","System.String value","private","False","False","False","False","True","8","0x06007A5F"
"DolocTown.Config.Localization.StaticTextInfo","get_StoreQuantitySubmitCurrentMoneyBuying_l10n_key","System.String DolocTown.Config.Localization.StaticTextInfo::get_StoreQuantitySubmitCurrentMoneyBuying_l10n_key()","System.String","","public","False","False","False","False","True","7","0x06007A60"
"DolocTown.Config.Localization.StaticTextInfo","get_StoreQuantitySubmitTotalMoneyBuying","System.String DolocTown.Config.Localization.StaticTextInfo::get_StoreQuantitySubmitTotalMoneyBuying()","System.String","","public","False","False","False","False","True","7","0x06007A61"
"DolocTown.Config.Localization.StaticTextInfo","set_StoreQuantitySubmitTotalMoneyBuying","System.Void DolocTown.Config.Localization.StaticTextInfo::set_StoreQuantitySubmitTotalMoneyBuying(System.String)","System.Void","System.String value","private","False","False","False","False","True","8","0x06007A62"
"DolocTown.Config.Localization.StaticTextInfo","get_StoreQuantitySubmitTotalMoneyBuying_l10n_key","System.String DolocTown.Config.Localization.StaticTextInfo::get_StoreQuantitySubmitTotalMoneyBuying_l10n_key()","System.String","","public","False","False","False","False","True","7","0x06007A63"
"DolocTown.Config.Localization.StaticTextInfo","get_StoreQuantitySubmitCountInBack","System.String DolocTown.Config.Localization.StaticTextInfo::get_StoreQuantitySubmitCountInBack()","System.String","","public","False","False","False","False","True","7","0x06007A64"
"DolocTown.Config.Localization.StaticTextInfo","set_StoreQuantitySubmitCountInBack","System.Void DolocTown.Config.Localization.StaticTextInfo::set_StoreQuantitySubmitCountInBack(System.String)","System.Void","System.String value","private","False","False","False","False","True","8","0x06007A65"
"DolocTown.Config.Localization.StaticTextInfo","get_StoreQuantitySubmitCountInBack_l10n_key","System.String DolocTown.Config.Localization.StaticTextInfo::get_StoreQuantitySubmitCountInBack_l10n_key()","System.String","","public","False","False","False","False","True","7","0x06007A66"
"DolocTown.Config.Localization.StaticTextInfo","get_StoreQuantitySubmitUnitPrice","System.String DolocTown.Config.Localization.StaticTextInfo::get_StoreQuantitySubmitUnitPrice()","System.String","","public","False","False","False","False","True","7","0x06007A67"
"DolocTown.Config.Localization.StaticTextInfo","set_StoreQuantitySubmitUnitPrice","System.Void DolocTown.Config.Localization.StaticTextInfo::set_StoreQuantitySubmitUnitPrice(System.String)","System.Void","System.String value","private","False","False","False","False","True","8","0x06007A68"
"DolocTown.Config.Localization.StaticTextInfo","get_StoreQuantitySubmitUnitPrice_l10n_key","System.String DolocTown.Config.Localization.StaticTextInfo::get_StoreQuantitySubmitUnitPrice_l10n_key()","System.String","","public","False","False","False","False","True","7","0x06007A69"
"DolocTown.Config.Localization.StaticTextInfo","get_StoreItemTipPlantbasinLocked","System.String DolocTown.Config.Localization.StaticTextInfo::get_StoreItemTipPlantbasinLocked()","System.String","","public","False","False","False","False","True","7","0x06007A6A"
"DolocTown.Config.Localization.StaticTextInfo","set_StoreItemTipPlantbasinLocked","System.Void DolocTown.Config.Localization.StaticTextInfo::set_StoreItemTipPlantbasinLocked(System.String)","System.Void","System.String value","private","False","False","False","False","True","8","0x06007A6B"
"DolocTown.Config.Localization.StaticTextInfo","get_StoreItemTipPlantbasinLocked_l10n_key","System.String DolocTown.Config.Localization.StaticTextInfo::get_StoreItemTipPlantbasinLocked_l10n_key()","System.String","","public","False","False","False","False","True","7","0x06007A6C"
"DolocTown.Config.Localization.StaticTextInfo","get_FarmbuilderErrIndoorEquipment","System.String DolocTown.Config.Localization.StaticTextInfo::get_FarmbuilderErrIndoorEquipment()","System.String","","public","False","False","False","False","True","7","0x06007A73"
"DolocTown.Config.Localization.StaticTextInfo","set_FarmbuilderErrIndoorEquipment","System.Void DolocTown.Config.Localization.StaticTextInfo::set_FarmbuilderErrIndoorEquipment(System.String)","System.Void","System.String value","private","False","False","False","False","True","8","0x06007A74"
"DolocTown.Config.Localization.StaticTextInfo","get_FarmbuilderErrIndoorEquipment_l10n_key","System.String DolocTown.Config.Localization.StaticTextInfo::get_FarmbuilderErrIndoorEquipment_l10n_key()","System.String","","public","False","False","False","False","True","7","0x06007A75"
"DolocTown.Config.Localization.StaticTextInfo","get_FarmbuilderErrOutdoorEquipment","System.String DolocTown.Config.Localization.StaticTextInfo::get_FarmbuilderErrOutdoorEquipment()","System.String","","public","False","False","False","False","True","7","0x06007A76"
"DolocTown.Config.Localization.StaticTextInfo","set_FarmbuilderErrOutdoorEquipment","System.Void DolocTown.Config.Localization.StaticTextInfo::set_FarmbuilderErrOutdoorEquipment(System.String)","System.Void","System.String value","private","False","False","False","False","True","8","0x06007A77"
"DolocTown.Config.Localization.StaticTextInfo","get_FarmbuilderErrOutdoorEquipment_l10n_key","System.String DolocTown.Config.Localization.StaticTextInfo::get_FarmbuilderErrOutdoorEquipment_l10n_key()","System.String","","public","False","False","False","False","True","7","0x06007A78"
"DolocTown.Config.Localization.StaticTextInfo","get_FarmbuilderErrPlantbasinTreeOccupied","System.String DolocTown.Config.Localization.StaticTextInfo::get_FarmbuilderErrPlantbasinTreeOccupied()","System.String","","public","False","False","False","False","True","7","0x06007A8E"
"DolocTown.Config.Localization.StaticTextInfo","set_FarmbuilderErrPlantbasinTreeOccupied","System.Void DolocTown.Config.Localization.StaticTextInfo::set_FarmbuilderErrPlantbasinTreeOccupied(System.String)","System.Void","System.String value","private","False","False","False","False","True","8","0x06007A8F"
"DolocTown.Config.Localization.StaticTextInfo","get_FarmbuilderErrPlantbasinTreeOccupied_l10n_key","System.String DolocTown.Config.Localization.StaticTextInfo::get_FarmbuilderErrPlantbasinTreeOccupied_l10n_key()","System.String","","public","False","False","False","False","True","7","0x06007A90"
"DolocTown.Config.Localization.StaticTextInfo","get_TechtreePanelTitle","System.String DolocTown.Config.Localization.StaticTextInfo::get_TechtreePanelTitle()","System.String","","public","False","False","False","False","True","7","0x06007AD0"
"DolocTown.Config.Localization.StaticTextInfo","set_TechtreePanelTitle","System.Void DolocTown.Config.Localization.StaticTextInfo::set_TechtreePanelTitle(System.String)","System.Void","System.String value","private","False","False","False","False","True","8","0x06007AD1"
"DolocTown.Config.Localization.StaticTextInfo","get_TechtreePanelTitle_l10n_key","System.String DolocTown.Config.Localization.StaticTextInfo::get_TechtreePanelTitle_l10n_key()","System.String","","public","False","False","False","False","True","7","0x06007AD2"
"DolocTown.Config.Localization.StaticTextInfo","get_TechtreeNodeLackOfPoints","System.String DolocTown.Config.Localization.StaticTextInfo::get_TechtreeNodeLackOfPoints()","System.String","","public","False","False","False","False","True","7","0x06007AD3"
"DolocTown.Config.Localization.StaticTextInfo","set_TechtreeNodeLackOfPoints","System.Void DolocTown.Config.Localization.StaticTextInfo::set_TechtreeNodeLackOfPoints(System.String)","System.Void","System.String value","private","False","False","False","False","True","8","0x06007AD4"
"DolocTown.Config.Localization.StaticTextInfo","get_TechtreeNodeLackOfPoints_l10n_key","System.String DolocTown.Config.Localization.StaticTextInfo::get_TechtreeNodeLackOfPoints_l10n_key()","System.String","","public","False","False","False","False","True","7","0x06007AD5"
"DolocTown.Config.Localization.StaticTextInfo","get_TechtreeNodeNotAvaiable","System.String DolocTown.Config.Localization.StaticTextInfo::get_TechtreeNodeNotAvaiable()","System.String","","public","False","False","False","False","True","7","0x06007AD6"
"DolocTown.Config.Localization.StaticTextInfo","set_TechtreeNodeNotAvaiable","System.Void DolocTown.Config.Localization.StaticTextInfo::set_TechtreeNodeNotAvaiable(System.String)","System.Void","System.String value","private","False","False","False","False","True","8","0x06007AD7"
"DolocTown.Config.Localization.StaticTextInfo","get_TechtreeNodeNotAvaiable_l10n_key","System.String DolocTown.Config.Localization.StaticTextInfo::get_TechtreeNodeNotAvaiable_l10n_key()","System.String","","public","False","False","False","False","True","7","0x06007AD8"
"DolocTown.Config.Localization.StaticTextInfo","get_TechtreeNodeUnlocked","System.String DolocTown.Config.Localization.StaticTextInfo::get_TechtreeNodeUnlocked()","System.String","","public","False","False","False","False","True","7","0x06007AD9"
"DolocTown.Config.Localization.StaticTextInfo","set_TechtreeNodeUnlocked","System.Void DolocTown.Config.Localization.StaticTextInfo::set_TechtreeNodeUnlocked(System.String)","System.Void","System.String value","private","False","False","False","False","True","8","0x06007ADA"
"DolocTown.Config.Localization.StaticTextInfo","get_TechtreeNodeUnlocked_l10n_key","System.String DolocTown.Config.Localization.StaticTextInfo::get_TechtreeNodeUnlocked_l10n_key()","System.String","","public","False","False","False","False","True","7","0x06007ADB"
"DolocTown.Config.Localization.StaticTextInfo","get_TechtreeNodeUnopen","System.String DolocTown.Config.Localization.StaticTextInfo::get_TechtreeNodeUnopen()","System.String","","public","False","False","False","False","True","7","0x06007ADC"
"DolocTown.Config.Localization.StaticTextInfo","set_TechtreeNodeUnopen","System.Void DolocTown.Config.Localization.StaticTextInfo::set_TechtreeNodeUnopen(System.String)","System.Void","System.String value","private","False","False","False","False","True","8","0x06007ADD"
"DolocTown.Config.Localization.StaticTextInfo","get_TechtreeNodeUnopen_l10n_key","System.String DolocTown.Config.Localization.StaticTextInfo::get_TechtreeNodeUnopen_l10n_key()","System.String","","public","False","False","False","False","True","7","0x06007ADE"
"DolocTown.Config.Localization.StaticTextInfo","get_TechtreeNodeUnlockConfirm","System.String DolocTown.Config.Localization.StaticTextInfo::get_TechtreeNodeUnlockConfirm()","System.String","","public","False","False","False","False","True","7","0x06007ADF"
"DolocTown.Config.Localization.StaticTextInfo","set_TechtreeNodeUnlockConfirm","System.Void DolocTown.Config.Localization.StaticTextInfo::set_TechtreeNodeUnlockConfirm(System.String)","System.Void","System.String value","private","False","False","False","False","True","8","0x06007AE0"
"DolocTown.Config.Localization.StaticTextInfo","get_TechtreeNodeUnlockConfirm_l10n_key","System.String DolocTown.Config.Localization.StaticTextInfo::get_TechtreeNodeUnlockConfirm_l10n_key()","System.String","","public","False","False","False","False","True","7","0x06007AE1"
"DolocTown.Config.Localization.StaticTextInfo","get_TechtreeNodeBuildingHealth","System.String DolocTown.Config.Localization.StaticTextInfo::get_TechtreeNodeBuildingHealth()","System.String","","public","False","False","False","False","True","7","0x06007AE2"
"DolocTown.Config.Localization.StaticTextInfo","set_TechtreeNodeBuildingHealth","System.Void DolocTown.Config.Localization.StaticTextInfo::set_TechtreeNodeBuildingHealth(System.String)","System.Void","System.String value","private","False","False","False","False","True","8","0x06007AE3"
"DolocTown.Config.Localization.StaticTextInfo","get_TechtreeNodeBuildingHealth_l10n_key","System.String DolocTown.Config.Localization.StaticTextInfo::get_TechtreeNodeBuildingHealth_l10n_key()","System.String","","public","False","False","False","False","True","7","0x06007AE4"
"DolocTown.Config.Localization.StaticTextInfo","get_TechtreeNodeEquipmentElectronic","System.String DolocTown.Config.Localization.StaticTextInfo::get_TechtreeNodeEquipmentElectronic()","System.String","","public","False","False","False","False","True","7","0x06007AE5"
"DolocTown.Config.Localization.StaticTextInfo","set_TechtreeNodeEquipmentElectronic","System.Void DolocTown.Config.Localization.StaticTextInfo::set_TechtreeNodeEquipmentElectronic(System.String)","System.Void","System.String value","private","False","False","False","False","True","8","0x06007AE6"
"DolocTown.Config.Localization.StaticTextInfo","get_TechtreeNodeEquipmentElectronic_l10n_key","System.String DolocTown.Config.Localization.StaticTextInfo::get_TechtreeNodeEquipmentElectronic_l10n_key()","System.String","","public","False","False","False","False","True","7","0x06007AE7"
"DolocTown.Config.Localization.StaticTextInfo","get_TechtreeProgressInfo","System.String DolocTown.Config.Localization.StaticTextInfo::get_TechtreeProgressInfo()","System.String","","public","False","False","False","False","True","7","0x06007AE8"
"DolocTown.Config.Localization.StaticTextInfo","set_TechtreeProgressInfo","System.Void DolocTown.Config.Localization.StaticTextInfo::set_TechtreeProgressInfo(System.String)","System.Void","System.String value","private","False","False","False","False","True","8","0x06007AE9"
"DolocTown.Config.Localization.StaticTextInfo","get_TechtreeProgressInfo_l10n_key","System.String DolocTown.Config.Localization.StaticTextInfo::get_TechtreeProgressInfo_l10n_key()","System.String","","public","False","False","False","False","True","7","0x06007AEA"
"DolocTown.Config.Localization.StaticTextInfo","get_TechtreeMaxLevel","System.String DolocTown.Config.Localization.StaticTextInfo::get_TechtreeMaxLevel()","System.String","","public","False","False","False","False","True","7","0x06007AEB"
"DolocTown.Config.Localization.StaticTextInfo","set_TechtreeMaxLevel","System.Void DolocTown.Config.Localization.StaticTextInfo::set_TechtreeMaxLevel(System.String)","System.Void","System.String value","private","False","False","False","False","True","8","0x06007AEC"
"DolocTown.Config.Localization.StaticTextInfo","get_TechtreeMaxLevel_l10n_key","System.String DolocTown.Config.Localization.StaticTextInfo::get_TechtreeMaxLevel_l10n_key()","System.String","","public","False","False","False","False","True","7","0x06007AED"
"DolocTown.Config.Localization.StaticTextInfo","get_TechtreeNodeHint","System.String DolocTown.Config.Localization.StaticTextInfo::get_TechtreeNodeHint()","System.String","","public","False","False","False","False","True","7","0x06007AEE"
"DolocTown.Config.Localization.StaticTextInfo","set_TechtreeNodeHint","System.Void DolocTown.Config.Localization.StaticTextInfo::set_TechtreeNodeHint(System.String)","System.Void","System.String value","private","False","False","False","False","True","8","0x06007AEF"
"DolocTown.Config.Localization.StaticTextInfo","get_TechtreeNodeHint_l10n_key","System.String DolocTown.Config.Localization.StaticTextInfo::get_TechtreeNodeHint_l10n_key()","System.String","","public","False","False","False","False","True","7","0x06007AF0"
"DolocTown.Config.Localization.StaticTextInfo","get_RewardInfoRecipeUnlock","System.String DolocTown.Config.Localization.StaticTextInfo::get_RewardInfoRecipeUnlock()","System.String","","public","False","False","False","False","True","7","0x06007C4A"
"DolocTown.Config.Localization.StaticTextInfo","set_RewardInfoRecipeUnlock","System.Void DolocTown.Config.Localization.StaticTextInfo::set_RewardInfoRecipeUnlock(System.String)","System.Void","System.String value","private","False","False","False","False","True","8","0x06007C4B"
"DolocTown.Config.Localization.StaticTextInfo","get_RewardInfoRecipeUnlock_l10n_key","System.String DolocTown.Config.Localization.StaticTextInfo::get_RewardInfoRecipeUnlock_l10n_key()","System.String","","public","False","False","False","False","True","7","0x06007C4C"
"DolocTown.Config.Localization.StaticTextInfo","get_RewardInfoRecipeUnlockHint","System.String DolocTown.Config.Localization.StaticTextInfo::get_RewardInfoRecipeUnlockHint()","System.String","","public","False","False","False","False","True","7","0x06007C4D"
"DolocTown.Config.Localization.StaticTextInfo","set_RewardInfoRecipeUnlockHint","System.Void DolocTown.Config.Localization.StaticTextInfo::set_RewardInfoRecipeUnlockHint(System.String)","System.Void","System.String value","private","False","False","False","False","True","8","0x06007C4E"
"DolocTown.Config.Localization.StaticTextInfo","get_RewardInfoRecipeUnlockHint_l10n_key","System.String DolocTown.Config.Localization.StaticTextInfo::get_RewardInfoRecipeUnlockHint_l10n_key()","System.String","","public","False","False","False","False","True","7","0x06007C4F"
"DolocTown.Config.Localization.StaticTextInfo","get_DropoffBoxNoGoods","System.String DolocTown.Config.Localization.StaticTextInfo::get_DropoffBoxNoGoods()","System.String","","public","False","False","False","False","True","7","0x06007C5F"
"DolocTown.Config.Localization.StaticTextInfo","set_DropoffBoxNoGoods","System.Void DolocTown.Config.Localization.StaticTextInfo::set_DropoffBoxNoGoods(System.String)","System.Void","System.String value","private","False","False","False","False","True","8","0x06007C60"
"DolocTown.Config.Localization.StaticTextInfo","get_DropoffBoxNoGoods_l10n_key","System.String DolocTown.Config.Localization.StaticTextInfo::get_DropoffBoxNoGoods_l10n_key()","System.String","","public","False","False","False","False","True","7","0x06007C61"
"DolocTown.Config.Localization.StaticTextInfo","get_DropoffBoxNoDrone","System.String DolocTown.Config.Localization.StaticTextInfo::get_DropoffBoxNoDrone()","System.String","","public","False","False","False","False","True","7","0x06007C62"
"DolocTown.Config.Localization.StaticTextInfo","set_DropoffBoxNoDrone","System.Void DolocTown.Config.Localization.StaticTextInfo::set_DropoffBoxNoDrone(System.String)","System.Void","System.String value","private","False","False","False","False","True","8","0x06007C63"
"DolocTown.Config.Localization.StaticTextInfo","get_DropoffBoxNoDrone_l10n_key","System.String DolocTown.Config.Localization.StaticTextInfo::get_DropoffBoxNoDrone_l10n_key()","System.String","","public","False","False","False","False","True","7","0x06007C64"
"DolocTown.Config.Localization.StaticTextInfo","get_DropoffBoxTotalMoney","System.String DolocTown.Config.Localization.StaticTextInfo::get_DropoffBoxTotalMoney()","System.String","","public","False","False","False","False","True","7","0x06007C65"
"DolocTown.Config.Localization.StaticTextInfo","set_DropoffBoxTotalMoney","System.Void DolocTown.Config.Localization.StaticTextInfo::set_DropoffBoxTotalMoney(System.String)","System.Void","System.String value","private","False","False","False","False","True","8","0x06007C66"
"DolocTown.Config.Localization.StaticTextInfo","get_DropoffBoxTotalMoney_l10n_key","System.String DolocTown.Config.Localization.StaticTextInfo::get_DropoffBoxTotalMoney_l10n_key()","System.String","","public","False","False","False","False","True","7","0x06007C67"
"DolocTown.Config.Localization.StaticTextInfo","get_DropoffBoxPriceIncreased","System.String DolocTown.Config.Localization.StaticTextInfo::get_DropoffBoxPriceIncreased()","System.String","","public","False","False","False","False","True","7","0x06007C68"
"DolocTown.Config.Localization.StaticTextInfo","set_DropoffBoxPriceIncreased","System.Void DolocTown.Config.Localization.StaticTextInfo::set_DropoffBoxPriceIncreased(System.String)","System.Void","System.String value","private","False","False","False","False","True","8","0x06007C69"
"DolocTown.Config.Localization.StaticTextInfo","get_DropoffBoxPriceIncreased_l10n_key","System.String DolocTown.Config.Localization.StaticTextInfo::get_DropoffBoxPriceIncreased_l10n_key()","System.String","","public","False","False","False","False","True","7","0x06007C6A"
"DolocTown.Config.Localization.StaticTextInfo","get_DropoffBoxLaunchDrone","System.String DolocTown.Config.Localization.StaticTextInfo::get_DropoffBoxLaunchDrone()","System.String","","public","False","False","False","False","True","7","0x06007C6B"
"DolocTown.Config.Localization.StaticTextInfo","set_DropoffBoxLaunchDrone","System.Void DolocTown.Config.Localization.StaticTextInfo::set_DropoffBoxLaunchDrone(System.String)","System.Void","System.String value","private","False","False","False","False","True","8","0x06007C6C"
"DolocTown.Config.Localization.StaticTextInfo","get_DropoffBoxLaunchDrone_l10n_key","System.String DolocTown.Config.Localization.StaticTextInfo::get_DropoffBoxLaunchDrone_l10n_key()","System.String","","public","False","False","False","False","True","7","0x06007C6D"
"DolocTown.Config.Localization.StaticTextInfo","get_DropoffBoxConfirmLauch","System.String DolocTown.Config.Localization.StaticTextInfo::get_DropoffBoxConfirmLauch()","System.String","","public","False","False","False","False","True","7","0x06007C6E"
"DolocTown.Config.Localization.StaticTextInfo","set_DropoffBoxConfirmLauch","System.Void DolocTown.Config.Localization.StaticTextInfo::set_DropoffBoxConfirmLauch(System.String)","System.Void","System.String value","private","False","False","False","False","True","8","0x06007C6F"
"DolocTown.Config.Localization.StaticTextInfo","get_DropoffBoxConfirmLauch_l10n_key","System.String DolocTown.Config.Localization.StaticTextInfo::get_DropoffBoxConfirmLauch_l10n_key()","System.String","","public","False","False","False","False","True","7","0x06007C70"
"DolocTown.Config.Localization.StaticTextInfo","get_BoxPanelNoRepairCost","System.String DolocTown.Config.Localization.StaticTextInfo::get_BoxPanelNoRepairCost()","System.String","","public","False","False","False","False","True","7","0x06007CD1"
"DolocTown.Config.Localization.StaticTextInfo","set_BoxPanelNoRepairCost","System.Void DolocTown.Config.Localization.StaticTextInfo::set_BoxPanelNoRepairCost(System.String)","System.Void","System.String value","private","False","False","False","False","True","8","0x06007CD2"
"DolocTown.Config.Localization.StaticTextInfo","get_BoxPanelNoRepairCost_l10n_key","System.String DolocTown.Config.Localization.StaticTextInfo::get_BoxPanelNoRepairCost_l10n_key()","System.String","","public","False","False","False","False","True","7","0x06007CD3"
"DolocTown.Config.Localization.StaticTextInfo","get_CollectionPanelMonsterDropText","System.String DolocTown.Config.Localization.StaticTextInfo::get_CollectionPanelMonsterDropText()","System.String","","public","False","False","False","False","True","7","0x06007E96"
"DolocTown.Config.Localization.StaticTextInfo","set_CollectionPanelMonsterDropText","System.Void DolocTown.Config.Localization.StaticTextInfo::set_CollectionPanelMonsterDropText(System.String)","System.Void","System.String value","private","False","False","False","False","True","8","0x06007E97"
"DolocTown.Config.Localization.StaticTextInfo","get_CollectionPanelMonsterDropText_l10n_key","System.String DolocTown.Config.Localization.StaticTextInfo::get_CollectionPanelMonsterDropText_l10n_key()","System.String","","public","False","False","False","False","True","7","0x06007E98"
"DolocTown.Config.Localization.StaticTextInfo","get_CollectionPanelResourceCollect","System.String DolocTown.Config.Localization.StaticTextInfo::get_CollectionPanelResourceCollect()","System.String","","public","False","False","False","False","True","7","0x06007ED2"
"DolocTown.Config.Localization.StaticTextInfo","set_CollectionPanelResourceCollect","System.Void DolocTown.Config.Localization.StaticTextInfo::set_CollectionPanelResourceCollect(System.String)","System.Void","System.String value","private","False","False","False","False","True","8","0x06007ED3"
"DolocTown.Config.Localization.StaticTextInfo","get_CollectionPanelResourceCollect_l10n_key","System.String DolocTown.Config.Localization.StaticTextInfo::get_CollectionPanelResourceCollect_l10n_key()","System.String","","public","False","False","False","False","True","7","0x06007ED4"
"DolocTown.Config.Localization.StaticTextInfo","get_CollectionPanelResourceGrowthPeriod","System.String DolocTown.Config.Localization.StaticTextInfo::get_CollectionPanelResourceGrowthPeriod()","System.String","","public","False","False","False","False","True","7","0x06007ED5"
"DolocTown.Config.Localization.StaticTextInfo","set_CollectionPanelResourceGrowthPeriod","System.Void DolocTown.Config.Localization.StaticTextInfo::set_CollectionPanelResourceGrowthPeriod(System.String)","System.Void","System.String value","private","False","False","False","False","True","8","0x06007ED6"
"DolocTown.Config.Localization.StaticTextInfo","get_CollectionPanelResourceGrowthPeriod_l10n_key","System.String DolocTown.Config.Localization.StaticTextInfo::get_CollectionPanelResourceGrowthPeriod_l10n_key()","System.String","","public","False","False","False","False","True","7","0x06007ED7"
"DolocTown.Config.Localization.StaticTextInfo","get_CollectionPanelResourceYearRoundGrowth","System.String DolocTown.Config.Localization.StaticTextInfo::get_CollectionPanelResourceYearRoundGrowth()","System.String","","public","False","False","False","False","True","7","0x06007ED8"
"DolocTown.Config.Localization.StaticTextInfo","set_CollectionPanelResourceYearRoundGrowth","System.Void DolocTown.Config.Localization.StaticTextInfo::set_CollectionPanelResourceYearRoundGrowth(System.String)","System.Void","System.String value","private","False","False","False","False","True","8","0x06007ED9"
"DolocTown.Config.Localization.StaticTextInfo","get_CollectionPanelResourceYearRoundGrowth_l10n_key","System.String DolocTown.Config.Localization.StaticTextInfo::get_CollectionPanelResourceYearRoundGrowth_l10n_key()","System.String","","public","False","False","False","False","True","7","0x06007EDA"
"DolocTown.Config.Localization.StaticTextInfo","get_CollectionPanelResourceDropTitle","System.String DolocTown.Config.Localization.StaticTextInfo::get_CollectionPanelResourceDropTitle()","System.String","","public","False","False","False","False","True","7","0x06007EDB"
"DolocTown.Config.Localization.StaticTextInfo","set_CollectionPanelResourceDropTitle","System.Void DolocTown.Config.Localization.StaticTextInfo::set_CollectionPanelResourceDropTitle(System.String)","System.Void","System.String value","private","False","False","False","False","True","8","0x06007EDC"
"DolocTown.Config.Localization.StaticTextInfo","get_CollectionPanelResourceDropTitle_l10n_key","System.String DolocTown.Config.Localization.StaticTextInfo::get_CollectionPanelResourceDropTitle_l10n_key()","System.String","","public","False","False","False","False","True","7","0x06007EDD"
"DolocTown.Config.Localization.StaticTextInfo","get_CollectionPanelResourceContentLockTip","System.String DolocTown.Config.Localization.StaticTextInfo::get_CollectionPanelResourceContentLockTip()","System.String","","public","False","False","False","False","True","7","0x06007EDE"
"DolocTown.Config.Localization.StaticTextInfo","set_CollectionPanelResourceContentLockTip","System.Void DolocTown.Config.Localization.StaticTextInfo::set_CollectionPanelResourceContentLockTip(System.String)","System.Void","System.String value","private","False","False","False","False","True","8","0x06007EDF"
"DolocTown.Config.Localization.StaticTextInfo","get_CollectionPanelResourceContentLockTip_l10n_key","System.String DolocTown.Config.Localization.StaticTextInfo::get_CollectionPanelResourceContentLockTip_l10n_key()","System.String","","public","False","False","False","False","True","7","0x06007EE0"
"DolocTown.Config.Localization.StaticTextInfo","get_UiCropInfoHarvestCount","System.String DolocTown.Config.Localization.StaticTextInfo::get_UiCropInfoHarvestCount()","System.String","","public","False","False","False","False","True","7","0x06007FAA"
"DolocTown.Config.Localization.StaticTextInfo","set_UiCropInfoHarvestCount","System.Void DolocTown.Config.Localization.StaticTextInfo::set_UiCropInfoHarvestCount(System.String)","System.Void","System.String value","private","False","False","False","False","True","8","0x06007FAB"
"DolocTown.Config.Localization.StaticTextInfo","get_UiCropInfoHarvestCount_l10n_key","System.String DolocTown.Config.Localization.StaticTextInfo::get_UiCropInfoHarvestCount_l10n_key()","System.String","","public","False","False","False","False","True","7","0x06007FAC"
"DolocTown.Config.Localization.TbStaticText","get_UiTipTechtreePointFocus","System.String DolocTown.Config.Localization.TbStaticText::get_UiTipTechtreePointFocus()","System.String","","public","False","False","False","False","True","12","0x06008105"
"DolocTown.Config.Localization.TbStaticText","get_UiTipTechtreeFocus","System.String DolocTown.Config.Localization.TbStaticText::get_UiTipTechtreeFocus()","System.String","","public","False","False","False","False","True","12","0x06008106"
"DolocTown.Config.Localization.TbStaticText","get_UiOperationHarvest","System.String DolocTown.Config.Localization.TbStaticText::get_UiOperationHarvest()","System.String","","public","False","False","False","False","True","12","0x0600810F"
"DolocTown.Config.Localization.TbStaticText","get_UiOperationErrCannotPlantTree","System.String DolocTown.Config.Localization.TbStaticText::get_UiOperationErrCannotPlantTree()","System.String","","public","False","False","False","False","True","12","0x0600812E"
"DolocTown.Config.Localization.TbStaticText","get_StorePlayerMoneyNotEnough","System.String DolocTown.Config.Localization.TbStaticText::get_StorePlayerMoneyNotEnough()","System.String","","public","False","False","False","False","True","12","0x06008159"
"DolocTown.Config.Localization.TbStaticText","get_StoreStoreMoneyNotEnough","System.String DolocTown.Config.Localization.TbStaticText::get_StoreStoreMoneyNotEnough()","System.String","","public","False","False","False","False","True","12","0x0600815A"
"DolocTown.Config.Localization.TbStaticText","get_StoreItemNotSaleable","System.String DolocTown.Config.Localization.TbStaticText::get_StoreItemNotSaleable()","System.String","","public","False","False","False","False","True","12","0x0600815B"
"DolocTown.Config.Localization.TbStaticText","get_StoreItemSoldOut","System.String DolocTown.Config.Localization.TbStaticText::get_StoreItemSoldOut()","System.String","","public","False","False","False","False","True","12","0x0600815C"
"DolocTown.Config.Localization.TbStaticText","get_StoreLackOfAsset","System.String DolocTown.Config.Localization.TbStaticText::get_StoreLackOfAsset()","System.String","","public","False","False","False","False","True","12","0x0600815D"
"DolocTown.Config.Localization.TbStaticText","get_StoreUpgradePrice","System.String DolocTown.Config.Localization.TbStaticText::get_StoreUpgradePrice()","System.String","","public","False","False","False","False","True","12","0x0600815E"
"DolocTown.Config.Localization.TbStaticText","get_StoreUpgradeConfirm","System.String DolocTown.Config.Localization.TbStaticText::get_StoreUpgradeConfirm()","System.String","","public","False","False","False","False","True","12","0x0600815F"
"DolocTown.Config.Localization.TbStaticText","get_StoreSoldOutIcon","System.String DolocTown.Config.Localization.TbStaticText::get_StoreSoldOutIcon()","System.String","","public","False","False","False","False","True","12","0x06008160"
"DolocTown.Config.Localization.TbStaticText","get_StoreUpgradeEmptyInfo","System.String DolocTown.Config.Localization.TbStaticText::get_StoreUpgradeEmptyInfo()","System.String","","public","False","False","False","False","True","12","0x06008161"
"DolocTown.Config.Localization.TbStaticText","get_StoreItemNotSaleableComment","System.String DolocTown.Config.Localization.TbStaticText::get_StoreItemNotSaleableComment()","System.String","","public","False","False","False","False","True","12","0x06008162"
"DolocTown.Config.Localization.TbStaticText","get_StoreQuantitySubmitSelling","System.String DolocTown.Config.Localization.TbStaticText::get_StoreQuantitySubmitSelling()","System.String","","public","False","False","False","False","True","12","0x06008163"
"DolocTown.Config.Localization.TbStaticText","get_StoreQuantitySubmitCurrentMoneySelling","System.String DolocTown.Config.Localization.TbStaticText::get_StoreQuantitySubmitCurrentMoneySelling()","System.String","","public","False","False","False","False","True","12","0x06008164"
"DolocTown.Config.Localization.TbStaticText","get_StoreQuantitySubmitTotalMoneySelling","System.String DolocTown.Config.Localization.TbStaticText::get_StoreQuantitySubmitTotalMoneySelling()","System.String","","public","False","False","False","False","True","12","0x06008165"
"DolocTown.Config.Localization.TbStaticText","get_StoreQuantitySubmitBuying","System.String DolocTown.Config.Localization.TbStaticText::get_StoreQuantitySubmitBuying()","System.String","","public","False","False","False","False","True","12","0x06008166"
"DolocTown.Config.Localization.TbStaticText","get_StoreQuantitySubmitCurrentMoneyBuying","System.String DolocTown.Config.Localization.TbStaticText::get_StoreQuantitySubmitCurrentMoneyBuying()","System.String","","public","False","False","False","False","True","12","0x06008167"
"DolocTown.Config.Localization.TbStaticText","get_StoreQuantitySubmitTotalMoneyBuying","System.String DolocTown.Config.Localization.TbStaticText::get_StoreQuantitySubmitTotalMoneyBuying()","System.String","","public","False","False","False","False","True","12","0x06008168"
"DolocTown.Config.Localization.TbStaticText","get_StoreQuantitySubmitCountInBack","System.String DolocTown.Config.Localization.TbStaticText::get_StoreQuantitySubmitCountInBack()","System.String","","public","False","False","False","False","True","12","0x06008169"
"DolocTown.Config.Localization.TbStaticText","get_StoreQuantitySubmitUnitPrice","System.String DolocTown.Config.Localization.TbStaticText::get_StoreQuantitySubmitUnitPrice()","System.String","","public","False","False","False","False","True","12","0x0600816A"
"DolocTown.Config.Localization.TbStaticText","get_StoreItemTipPlantbasinLocked","System.String DolocTown.Config.Localization.TbStaticText::get_StoreItemTipPlantbasinLocked()","System.String","","public","False","False","False","False","True","12","0x0600816B"
"DolocTown.Config.Localization.TbStaticText","get_FarmbuilderErrIndoorEquipment","System.String DolocTown.Config.Localization.TbStaticText::get_FarmbuilderErrIndoorEquipment()","System.String","","public","False","False","False","False","True","12","0x0600816E"
"DolocTown.Config.Localization.TbStaticText","get_FarmbuilderErrOutdoorEquipment","System.String DolocTown.Config.Localization.TbStaticText::get_FarmbuilderErrOutdoorEquipment()","System.String","","public","False","False","False","False","True","12","0x0600816F"
"DolocTown.Config.Localization.TbStaticText","get_FarmbuilderErrPlantbasinTreeOccupied","System.String DolocTown.Config.Localization.TbStaticText::get_FarmbuilderErrPlantbasinTreeOccupied()","System.String","","public","False","False","False","False","True","12","0x06008177"
"DolocTown.Config.Localization.TbStaticText","get_TechtreePanelTitle","System.String DolocTown.Config.Localization.TbStaticText::get_TechtreePanelTitle()","System.String","","public","False","False","False","False","True","12","0x0600818D"
"DolocTown.Config.Localization.TbStaticText","get_TechtreeNodeLackOfPoints","System.String DolocTown.Config.Localization.TbStaticText::get_TechtreeNodeLackOfPoints()","System.String","","public","False","False","False","False","True","12","0x0600818E"
"DolocTown.Config.Localization.TbStaticText","get_TechtreeNodeNotAvaiable","System.String DolocTown.Config.Localization.TbStaticText::get_TechtreeNodeNotAvaiable()","System.String","","public","False","False","False","False","True","12","0x0600818F"
"DolocTown.Config.Localization.TbStaticText","get_TechtreeNodeUnlocked","System.String DolocTown.Config.Localization.TbStaticText::get_TechtreeNodeUnlocked()","System.String","","public","False","False","False","False","True","12","0x06008190"
"DolocTown.Config.Localization.TbStaticText","get_TechtreeNodeUnopen","System.String DolocTown.Config.Localization.TbStaticText::get_TechtreeNodeUnopen()","System.String","","public","False","False","False","False","True","12","0x06008191"
"DolocTown.Config.Localization.TbStaticText","get_TechtreeNodeUnlockConfirm","System.String DolocTown.Config.Localization.TbStaticText::get_TechtreeNodeUnlockConfirm()","System.String","","public","False","False","False","False","True","12","0x06008192"
"DolocTown.Config.Localization.TbStaticText","get_TechtreeNodeBuildingHealth","System.String DolocTown.Config.Localization.TbStaticText::get_TechtreeNodeBuildingHealth()","System.String","","public","False","False","False","False","True","12","0x06008193"
"DolocTown.Config.Localization.TbStaticText","get_TechtreeNodeEquipmentElectronic","System.String DolocTown.Config.Localization.TbStaticText::get_TechtreeNodeEquipmentElectronic()","System.String","","public","False","False","False","False","True","12","0x06008194"
"DolocTown.Config.Localization.TbStaticText","get_TechtreeProgressInfo","System.String DolocTown.Config.Localization.TbStaticText::get_TechtreeProgressInfo()","System.String","","public","False","False","False","False","True","12","0x06008195"
"DolocTown.Config.Localization.TbStaticText","get_TechtreeMaxLevel","System.String DolocTown.Config.Localization.TbStaticText::get_TechtreeMaxLevel()","System.String","","public","False","False","False","False","True","12","0x06008196"
"DolocTown.Config.Localization.TbStaticText","get_TechtreeNodeHint","System.String DolocTown.Config.Localization.TbStaticText::get_TechtreeNodeHint()","System.String","","public","False","False","False","False","True","12","0x06008197"
"DolocTown.Config.Localization.TbStaticText","get_RewardInfoRecipeUnlock","System.String DolocTown.Config.Localization.TbStaticText::get_RewardInfoRecipeUnlock()","System.String","","public","False","False","False","False","True","12","0x0600820B"
"DolocTown.Config.Localization.TbStaticText","get_RewardInfoRecipeUnlockHint","System.String DolocTown.Config.Localization.TbStaticText::get_RewardInfoRecipeUnlockHint()","System.String","","public","False","False","False","False","True","12","0x0600820C"
"DolocTown.Config.Localization.TbStaticText","get_DropoffBoxNoGoods","System.String DolocTown.Config.Localization.TbStaticText::get_DropoffBoxNoGoods()","System.String","","public","False","False","False","False","True","12","0x06008212"
"DolocTown.Config.Localization.TbStaticText","get_DropoffBoxNoDrone","System.String DolocTown.Config.Localization.TbStaticText::get_DropoffBoxNoDrone()","System.String","","public","False","False","False","False","True","12","0x06008213"
"DolocTown.Config.Localization.TbStaticText","get_DropoffBoxTotalMoney","System.String DolocTown.Config.Localization.TbStaticText::get_DropoffBoxTotalMoney()","System.String","","public","False","False","False","False","True","12","0x06008214"
"DolocTown.Config.Localization.TbStaticText","get_DropoffBoxPriceIncreased","System.String DolocTown.Config.Localization.TbStaticText::get_DropoffBoxPriceIncreased()","System.String","","public","False","False","False","False","True","12","0x06008215"
"DolocTown.Config.Localization.TbStaticText","get_DropoffBoxLaunchDrone","System.String DolocTown.Config.Localization.TbStaticText::get_DropoffBoxLaunchDrone()","System.String","","public","False","False","False","False","True","12","0x06008216"
"DolocTown.Config.Localization.TbStaticText","get_DropoffBoxConfirmLauch","System.String DolocTown.Config.Localization.TbStaticText::get_DropoffBoxConfirmLauch()","System.String","","public","False","False","False","False","True","12","0x06008217"
"DolocTown.Config.Localization.TbStaticText","get_BoxPanelNoRepairCost","System.String DolocTown.Config.Localization.TbStaticText::get_BoxPanelNoRepairCost()","System.String","","public","False","False","False","False","True","12","0x06008238"
"DolocTown.Config.Localization.TbStaticText","get_CollectionPanelMonsterDropText","System.String DolocTown.Config.Localization.TbStaticText::get_CollectionPanelMonsterDropText()","System.String","","public","False","False","False","False","True","12","0x060082CF"
"DolocTown.Config.Localization.TbStaticText","get_CollectionPanelResourceCollect","System.String DolocTown.Config.Localization.TbStaticText::get_CollectionPanelResourceCollect()","System.String","","public","False","False","False","False","True","12","0x060082E3"
"DolocTown.Config.Localization.TbStaticText","get_CollectionPanelResourceGrowthPeriod","System.String DolocTown.Config.Localization.TbStaticText::get_CollectionPanelResourceGrowthPeriod()","System.String","","public","False","False","False","False","True","12","0x060082E4"
"DolocTown.Config.Localization.TbStaticText","get_CollectionPanelResourceYearRoundGrowth","System.String DolocTown.Config.Localization.TbStaticText::get_CollectionPanelResourceYearRoundGrowth()","System.String","","public","False","False","False","False","True","12","0x060082E5"
"DolocTown.Config.Localization.TbStaticText","get_CollectionPanelResourceDropTitle","System.String DolocTown.Config.Localization.TbStaticText::get_CollectionPanelResourceDropTitle()","System.String","","public","False","False","False","False","True","12","0x060082E6"
"DolocTown.Config.Localization.TbStaticText","get_CollectionPanelResourceContentLockTip","System.String DolocTown.Config.Localization.TbStaticText::get_CollectionPanelResourceContentLockTip()","System.String","","public","False","False","False","False","True","12","0x060082E7"
"DolocTown.Config.Localization.TbStaticText","get_UiCropInfoHarvestCount","System.String DolocTown.Config.Localization.TbStaticText::get_UiCropInfoHarvestCount()","System.String","","public","False","False","False","False","True","12","0x0600832B"
"DolocTown.Config.Item.ItemFunctionFertilizer","get_IsTree","System.Boolean DolocTown.Config.Item.ItemFunctionFertilizer::get_IsTree()","System.Boolean","","public","False","False","False","False","True","7","0x060085C1"
"DolocTown.Config.Item.ItemFunctionFertilizer","set_IsTree","System.Void DolocTown.Config.Item.ItemFunctionFertilizer::set_IsTree(System.Boolean)","System.Void","System.Boolean value","private","False","False","False","False","True","8","0x060085C2"
"DolocTown.Config.Item.ItemFunctionRandomPackage","get_DropSpawnEntry","DolocTown.Config.Item.ItemSpawnEntry DolocTown.Config.Item.ItemFunctionRandomPackage::get_DropSpawnEntry()","DolocTown.Config.Item.ItemSpawnEntry","","public","False","False","False","False","True","7","0x0600866A"
"DolocTown.Config.Item.ItemFunctionRandomPackage","set_DropSpawnEntry","System.Void DolocTown.Config.Item.ItemFunctionRandomPackage::set_DropSpawnEntry(DolocTown.Config.Item.ItemSpawnEntry)","System.Void","DolocTown.Config.Item.ItemSpawnEntry value","private","False","False","False","False","True","8","0x0600866B"
"DolocTown.Config.Item.ItemFunctionSeedTree",".ctor","System.Void DolocTown.Config.Item.ItemFunctionSeedTree::.ctor(SimpleJSON.JSONNode)","System.Void","SimpleJSON.JSONNode _json","public","False","False","False","True","True","54","0x060086A5"
"DolocTown.Config.Item.ItemFunctionSeedTree",".ctor","System.Void DolocTown.Config.Item.ItemFunctionSeedTree::.ctor(System.String)","System.Void","System.String tree_seed_id","public","False","False","False","True","True","14","0x060086A6"
"DolocTown.Config.Item.ItemFunctionSeedTree","DeserializeItemFunctionSeedTree","DolocTown.Config.Item.ItemFunctionSeedTree DolocTown.Config.Item.ItemFunctionSeedTree::DeserializeItemFunctionSeedTree(SimpleJSON.JSONNode)","DolocTown.Config.Item.ItemFunctionSeedTree","SimpleJSON.JSONNode _json","public","True","False","False","False","True","7","0x060086A7"
"DolocTown.Config.Item.ItemFunctionSeedTree","get_TreeSeedId","System.String DolocTown.Config.Item.ItemFunctionSeedTree::get_TreeSeedId()","System.String","","public","False","False","False","False","True","7","0x060086A8"
"DolocTown.Config.Item.ItemFunctionSeedTree","set_TreeSeedId","System.Void DolocTown.Config.Item.ItemFunctionSeedTree::set_TreeSeedId(System.String)","System.Void","System.String value","private","False","False","False","False","True","8","0x060086A9"
"DolocTown.Config.Item.ItemFunctionSeedTree","get_TreeSeedId_Ref","DolocTown.Config.Plant.TreeSeedInfo DolocTown.Config.Item.ItemFunctionSeedTree::get_TreeSeedId_Ref()","DolocTown.Config.Plant.TreeSeedInfo","","public","False","False","False","False","True","7","0x060086AA"
"DolocTown.Config.Item.ItemFunctionSeedTree","set_TreeSeedId_Ref","System.Void DolocTown.Config.Item.ItemFunctionSeedTree::set_TreeSeedId_Ref(DolocTown.Config.Plant.TreeSeedInfo)","System.Void","DolocTown.Config.Plant.TreeSeedInfo value","private","False","False","False","False","True","8","0x060086AB"
"DolocTown.Config.Item.ItemFunctionSeedTree","GetTypeId","System.Int32 DolocTown.Config.Item.ItemFunctionSeedTree::GetTypeId()","System.Int32","","public","False","True","False","False","True","6","0x060086AC"
"DolocTown.Config.Item.ItemFunctionSeedTree","Resolve","System.Void DolocTown.Config.Item.ItemFunctionSeedTree::Resolve(System.Collections.Generic.Dictionary`2<System.String,System.Object>)","System.Void","System.Collections.Generic.Dictionary`2<System.String,System.Object> _tables","public","False","True","False","False","True","41","0x060086AD"
"DolocTown.Config.Item.ItemFunctionSeedTree","TranslateText","System.Void DolocTown.Config.Item.ItemFunctionSeedTree::TranslateText(System.Func`3<System.String,System.String,System.String>)","System.Void","System.Func`3<System.String,System.String,System.String> translator","public","False","True","False","False","True","8","0x060086AE"
"DolocTown.Config.Item.ItemFunctionSeedTree","ToString","System.String DolocTown.Config.Item.ItemFunctionSeedTree::ToString()","System.String","","public","False","True","False","False","True","22","0x060086AF"
"DolocTown.Config.Item.ItemSpawnInfo","SpawnItems","DolocTown.CountItem[] DolocTown.Config.Item.ItemSpawnInfo::SpawnItems(System.Int32,System.Func`2<DolocTown.Config.Item.ItemSpawnData,System.Boolean>,System.String)","DolocTown.CountItem[]","System.Int32 totalCount; System.Func`2<DolocTown.Config.Item.ItemSpawnData,System.Boolean> spawnFilter; System.String debugInfo","public","False","False","False","False","True","51","0x0600876D"
"DolocTown.Config.Item.ItemSpawnInfo","SpawnItems","DolocTown.CountItem[] DolocTown.Config.Item.ItemSpawnInfo::SpawnItems(System.Int32,System.Int32,System.Func`2<DolocTown.Config.Item.ItemSpawnData,System.Boolean>,System.String)","DolocTown.CountItem[]","System.Int32 minCount; System.Int32 maxCount; System.Func`2<DolocTown.Config.Item.ItemSpawnData,System.Boolean> spawnFilter; System.String debugInfo","public","False","False","False","False","True","25","0x0600876E"
"DolocTown.Config.Item.ItemSpawnInfo/<>c","<SpawnItems>b__27_0","DolocTown.CountItem DolocTown.Config.Item.ItemSpawnInfo/<>c::<SpawnItems>b__27_0(System.Collections.Generic.KeyValuePair`2<DolocTown.Config.Item.ItemSpawnData,System.Int32>)","DolocTown.CountItem","System.Collections.Generic.KeyValuePair`2<DolocTown.Config.Item.ItemSpawnData,System.Int32> kv","internal","False","False","False","False","True","25","0x0600A726"
"DolocTown.Config.Item.ItemSpawnRandom","SpawnItems","DolocTown.CountItem[] DolocTown.Config.Item.ItemSpawnRandom::SpawnItems(System.Func`2<DolocTown.Config.Item.ItemSpawnData,System.Boolean>)","DolocTown.CountItem[]","System.Func`2<DolocTown.Config.Item.ItemSpawnData,System.Boolean> spawnFilter","public","False","False","False","False","True","59","0x0600877E"
"DolocTown.Config.Item.ToolExtraSpawnLutByResourceClass",".ctor","System.Void DolocTown.Config.Item.ToolExtraSpawnLutByResourceClass::.ctor(SimpleJSON.JSONNode)","System.Void","SimpleJSON.JSONNode _json","public","False","False","False","True","True","217","0x06008822"
"DolocTown.Config.Item.ToolExtraSpawnLutByResourceClass",".ctor","System.Void DolocTown.Config.Item.ToolExtraSpawnLutByResourceClass::.ctor(DolocTown.Config.Resource.DungeonResourceClass,DolocTown.Config.Item.ItemSpawnRandom,System.Int32[])","System.Void","DolocTown.Config.Resource.DungeonResourceClass target_resource_class; DolocTown.Config.Item.ItemSpawnRandom spawn_entry; System.Int32[] target_levels","public","False","False","False","True","True","28","0x06008823"
"DolocTown.Config.Item.ToolExtraSpawnLutByResourceClass","DeserializeToolExtraSpawnLutByResourceClass","DolocTown.Config.Item.ToolExtraSpawnLutByResourceClass DolocTown.Config.Item.ToolExtraSpawnLutByResourceClass::DeserializeToolExtraSpawnLutByResourceClass(SimpleJSON.JSONNode)","DolocTown.Config.Item.ToolExtraSpawnLutByResourceClass","SimpleJSON.JSONNode _json","public","True","False","False","False","True","7","0x06008824"
"DolocTown.Config.Item.ToolExtraSpawnLutByResourceClass","get_TargetResourceClass","DolocTown.Config.Resource.DungeonResourceClass DolocTown.Config.Item.ToolExtraSpawnLutByResourceClass::get_TargetResourceClass()","DolocTown.Config.Resource.DungeonResourceClass","","public","False","False","False","False","True","7","0x06008825"
"DolocTown.Config.Item.ToolExtraSpawnLutByResourceClass","set_TargetResourceClass","System.Void DolocTown.Config.Item.ToolExtraSpawnLutByResourceClass::set_TargetResourceClass(DolocTown.Config.Resource.DungeonResourceClass)","System.Void","DolocTown.Config.Resource.DungeonResourceClass value","private","False","False","False","False","True","8","0x06008826"
"DolocTown.Config.Item.ToolExtraSpawnLutByResourceClass","get_SpawnEntry","DolocTown.Config.Item.ItemSpawnRandom DolocTown.Config.Item.ToolExtraSpawnLutByResourceClass::get_SpawnEntry()","DolocTown.Config.Item.ItemSpawnRandom","","public","False","False","False","False","True","7","0x06008827"
"DolocTown.Config.Item.ToolExtraSpawnLutByResourceClass","set_SpawnEntry","System.Void DolocTown.Config.Item.ToolExtraSpawnLutByResourceClass::set_SpawnEntry(DolocTown.Config.Item.ItemSpawnRandom)","System.Void","DolocTown.Config.Item.ItemSpawnRandom value","private","False","False","False","False","True","8","0x06008828"
"DolocTown.Config.Item.ToolExtraSpawnLutByResourceClass","get_TargetLevels","System.Int32[] DolocTown.Config.Item.ToolExtraSpawnLutByResourceClass::get_TargetLevels()","System.Int32[]","","public","False","False","False","False","True","7","0x06008829"
"DolocTown.Config.Item.ToolExtraSpawnLutByResourceClass","set_TargetLevels","System.Void DolocTown.Config.Item.ToolExtraSpawnLutByResourceClass::set_TargetLevels(System.Int32[])","System.Void","System.Int32[] value","private","False","False","False","False","True","8","0x0600882A"
"DolocTown.Config.Item.ToolExtraSpawnLutByResourceClass","GetTypeId","System.Int32 DolocTown.Config.Item.ToolExtraSpawnLutByResourceClass::GetTypeId()","System.Int32","","public","False","True","False","False","True","6","0x0600882B"
"DolocTown.Config.Item.ToolExtraSpawnLutByResourceClass","Resolve","System.Void DolocTown.Config.Item.ToolExtraSpawnLutByResourceClass::Resolve(System.Collections.Generic.Dictionary`2<System.String,System.Object>)","System.Void","System.Collections.Generic.Dictionary`2<System.String,System.Object> _tables","public","False","False","False","False","True","18","0x0600882C"
"DolocTown.Config.Item.ToolExtraSpawnLutByResourceClass","TranslateText","System.Void DolocTown.Config.Item.ToolExtraSpawnLutByResourceClass::TranslateText(System.Func`3<System.String,System.String,System.String>)","System.Void","System.Func`3<System.String,System.String,System.String> translator","public","False","False","False","False","True","18","0x0600882D"
"DolocTown.Config.Item.ToolExtraSpawnLutByResourceClass","ToString","System.String DolocTown.Config.Item.ToolExtraSpawnLutByResourceClass::ToString()","System.String","","public","False","True","False","False","True","102","0x0600882E"
"DolocTown.Config.Item.ToolExtraSpawnLutByResourceName",".ctor","System.Void DolocTown.Config.Item.ToolExtraSpawnLutByResourceName::.ctor(SimpleJSON.JSONNode)","System.Void","SimpleJSON.JSONNode _json","public","False","False","False","True","True","217","0x0600882F"
"DolocTown.Config.Item.ToolExtraSpawnLutByResourceName",".ctor","System.Void DolocTown.Config.Item.ToolExtraSpawnLutByResourceName::.ctor(System.String,DolocTown.Config.Item.ItemSpawnRandom,System.Int32[])","System.Void","System.String target_resource_name; DolocTown.Config.Item.ItemSpawnRandom spawn_entry; System.Int32[] target_levels","public","False","False","False","True","True","28","0x06008830"
"DolocTown.Config.Item.ToolExtraSpawnLutByResourceName","DeserializeToolExtraSpawnLutByResourceName","DolocTown.Config.Item.ToolExtraSpawnLutByResourceName DolocTown.Config.Item.ToolExtraSpawnLutByResourceName::DeserializeToolExtraSpawnLutByResourceName(SimpleJSON.JSONNode)","DolocTown.Config.Item.ToolExtraSpawnLutByResourceName","SimpleJSON.JSONNode _json","public","True","False","False","False","True","7","0x06008831"
"DolocTown.Config.Item.ToolExtraSpawnLutByResourceName","get_TargetResourceName","System.String DolocTown.Config.Item.ToolExtraSpawnLutByResourceName::get_TargetResourceName()","System.String","","public","False","False","False","False","True","7","0x06008832"
"DolocTown.Config.Item.ToolExtraSpawnLutByResourceName","set_TargetResourceName","System.Void DolocTown.Config.Item.ToolExtraSpawnLutByResourceName::set_TargetResourceName(System.String)","System.Void","System.String value","private","False","False","False","False","True","8","0x06008833"
"DolocTown.Config.Item.ToolExtraSpawnLutByResourceName","get_TargetResourceName_Ref","DolocTown.Config.Resource.ResourceInfo DolocTown.Config.Item.ToolExtraSpawnLutByResourceName::get_TargetResourceName_Ref()","DolocTown.Config.Resource.ResourceInfo","","public","False","False","False","False","True","7","0x06008834"
"DolocTown.Config.Item.ToolExtraSpawnLutByResourceName","set_TargetResourceName_Ref","System.Void DolocTown.Config.Item.ToolExtraSpawnLutByResourceName::set_TargetResourceName_Ref(DolocTown.Config.Resource.ResourceInfo)","System.Void","DolocTown.Config.Resource.ResourceInfo value","private","False","False","False","False","True","8","0x06008835"
"DolocTown.Config.Item.ToolExtraSpawnLutByResourceName","get_SpawnEntry","DolocTown.Config.Item.ItemSpawnRandom DolocTown.Config.Item.ToolExtraSpawnLutByResourceName::get_SpawnEntry()","DolocTown.Config.Item.ItemSpawnRandom","","public","False","False","False","False","True","7","0x06008836"
"DolocTown.Config.Item.ToolExtraSpawnLutByResourceName","set_SpawnEntry","System.Void DolocTown.Config.Item.ToolExtraSpawnLutByResourceName::set_SpawnEntry(DolocTown.Config.Item.ItemSpawnRandom)","System.Void","DolocTown.Config.Item.ItemSpawnRandom value","private","False","False","False","False","True","8","0x06008837"
"DolocTown.Config.Item.ToolExtraSpawnLutByResourceName","get_TargetLevels","System.Int32[] DolocTown.Config.Item.ToolExtraSpawnLutByResourceName::get_TargetLevels()","System.Int32[]","","public","False","False","False","False","True","7","0x06008838"
"DolocTown.Config.Item.ToolExtraSpawnLutByResourceName","set_TargetLevels","System.Void DolocTown.Config.Item.ToolExtraSpawnLutByResourceName::set_TargetLevels(System.Int32[])","System.Void","System.Int32[] value","private","False","False","False","False","True","8","0x06008839"
"DolocTown.Config.Item.ToolExtraSpawnLutByResourceName","GetTypeId","System.Int32 DolocTown.Config.Item.ToolExtraSpawnLutByResourceName::GetTypeId()","System.Int32","","public","False","True","False","False","True","6","0x0600883A"
"DolocTown.Config.Item.ToolExtraSpawnLutByResourceName","Resolve","System.Void DolocTown.Config.Item.ToolExtraSpawnLutByResourceName::Resolve(System.Collections.Generic.Dictionary`2<System.String,System.Object>)","System.Void","System.Collections.Generic.Dictionary`2<System.String,System.Object> _tables","public","False","False","False","False","True","51","0x0600883B"
"DolocTown.Config.Item.ToolExtraSpawnLutByResourceName","TranslateText","System.Void DolocTown.Config.Item.ToolExtraSpawnLutByResourceName::TranslateText(System.Func`3<System.String,System.String,System.String>)","System.Void","System.Func`3<System.String,System.String,System.String> translator","public","False","False","False","False","True","18","0x0600883C"
"DolocTown.Config.Item.ToolExtraSpawnLutByResourceName","ToString","System.String DolocTown.Config.Item.ToolExtraSpawnLutByResourceName::ToString()","System.String","","public","False","True","False","False","True","88","0x0600883D"
"DolocTown.Config.Item.ToolOverrideInfo",".ctor","System.Void DolocTown.Config.Item.ToolOverrideInfo::.ctor(System.String,DolocTown.Config.Item.ToolOverrideLevel[],DolocTown.Config.Item.ToolOverrideSpawnLut[],DolocTown.Config.Item.ToolExtraSpawnLutByResourceName[],DolocTown.Config.Item.ToolExtraSpawnLutByResourceClass[])","System.Void","System.String id; DolocTown.Config.Item.ToolOverrideLevel[] override_levels; DolocTown.Config.Item.ToolOverrideSpawnLut[] override_spawn_luts; DolocTown.Config.Item.ToolExtraSpawnLutByResourceName[] extra_spawn_luts_by_name; DolocTown.Config.Item.ToolExtraSpawnLutByResourceClass[] extra_spawn_luts_by_class","public","False","False","False","True","True","275","0x0600883F"
"DolocTown.Config.Item.ToolOverrideInfo","get_ExtraSpawnLutsByName","DolocTown.Config.Item.ToolExtraSpawnLutByResourceName[] DolocTown.Config.Item.ToolOverrideInfo::get_ExtraSpawnLutsByName()","DolocTown.Config.Item.ToolExtraSpawnLutByResourceName[]","","public","False","False","False","False","True","7","0x06008849"
"DolocTown.Config.Item.ToolOverrideInfo","set_ExtraSpawnLutsByName","System.Void DolocTown.Config.Item.ToolOverrideInfo::set_ExtraSpawnLutsByName(DolocTown.Config.Item.ToolExtraSpawnLutByResourceName[])","System.Void","DolocTown.Config.Item.ToolExtraSpawnLutByResourceName[] value","private","False","False","False","False","True","8","0x0600884A"
"DolocTown.Config.Item.ToolOverrideInfo","get_ExtraSpawnLutsByClass","DolocTown.Config.Item.ToolExtraSpawnLutByResourceClass[] DolocTown.Config.Item.ToolOverrideInfo::get_ExtraSpawnLutsByClass()","DolocTown.Config.Item.ToolExtraSpawnLutByResourceClass[]","","public","False","False","False","False","True","7","0x0600884B"
"DolocTown.Config.Item.ToolOverrideInfo","set_ExtraSpawnLutsByClass","System.Void DolocTown.Config.Item.ToolOverrideInfo::set_ExtraSpawnLutsByClass(DolocTown.Config.Item.ToolExtraSpawnLutByResourceClass[])","System.Void","DolocTown.Config.Item.ToolExtraSpawnLutByResourceClass[] value","private","False","False","False","False","True","8","0x0600884C"
"DolocTown.Config.Item.ToolOverrideLevel",".ctor","System.Void DolocTown.Config.Item.ToolOverrideLevel::.ctor(DolocTown.Config.Resource.DungeonResourceClass,System.Int32)","System.Void","DolocTown.Config.Resource.DungeonResourceClass target_resource_class; System.Int32 override_level","public","False","False","False","True","True","21","0x06008852"
"DolocTown.Config.Item.ToolOverrideLevel","get_TargetResourceClass","DolocTown.Config.Resource.DungeonResourceClass DolocTown.Config.Item.ToolOverrideLevel::get_TargetResourceClass()","DolocTown.Config.Resource.DungeonResourceClass","","public","False","False","False","False","True","7","0x06008854"
"DolocTown.Config.Item.ToolOverrideLevel","set_TargetResourceClass","System.Void DolocTown.Config.Item.ToolOverrideLevel::set_TargetResourceClass(DolocTown.Config.Resource.DungeonResourceClass)","System.Void","DolocTown.Config.Resource.DungeonResourceClass value","private","False","False","False","False","True","8","0x06008855"
"DolocTown.Config.Item.ToolOverrideSpawnLut",".ctor","System.Void DolocTown.Config.Item.ToolOverrideSpawnLut::.ctor(DolocTown.Config.Resource.DungeonResourceClass,System.String)","System.Void","DolocTown.Config.Resource.DungeonResourceClass target_resource_class; System.String override_spawn_lut","public","False","False","False","True","True","21","0x0600885D"
"DolocTown.Config.Item.ToolOverrideSpawnLut","get_TargetResourceClass","DolocTown.Config.Resource.DungeonResourceClass DolocTown.Config.Item.ToolOverrideSpawnLut::get_TargetResourceClass()","DolocTown.Config.Resource.DungeonResourceClass","","public","False","False","False","False","True","7","0x0600885F"
"DolocTown.Config.Item.ToolOverrideSpawnLut","set_TargetResourceClass","System.Void DolocTown.Config.Item.ToolOverrideSpawnLut::set_TargetResourceClass(DolocTown.Config.Resource.DungeonResourceClass)","System.Void","DolocTown.Config.Resource.DungeonResourceClass value","private","False","False","False","False","True","8","0x06008860"
"DolocTown.Config.Fishing.FishInfo","get_BonusBaseScore","System.Int32 DolocTown.Config.Fishing.FishInfo::get_BonusBaseScore()","System.Int32","","public","False","False","False","False","True","7","0x0600894B"
"DolocTown.Config.Fishing.FishInfo","set_BonusBaseScore","System.Void DolocTown.Config.Fishing.FishInfo::set_BonusBaseScore(System.Int32)","System.Void","System.Int32 value","private","False","False","False","False","True","8","0x0600894C"
"DolocTown.Config.Fishing.FishInfo","get_BonusExtraScore","System.Int32 DolocTown.Config.Fishing.FishInfo::get_BonusExtraScore()","System.Int32","","public","False","False","False","False","True","7","0x0600894D"
"DolocTown.Config.Fishing.FishInfo","set_BonusExtraScore","System.Void DolocTown.Config.Fishing.FishInfo::set_BonusExtraScore(System.Int32)","System.Void","System.Int32 value","private","False","False","False","False","True","8","0x0600894E"
"DolocTown.Config.Equipment.ChairInfo","get_Foreground","DolocTown.SpriteAsset DolocTown.Config.Equipment.ChairInfo::get_Foreground()","DolocTown.SpriteAsset","","public","False","False","False","False","True","7","0x060089DD"
"DolocTown.Config.Equipment.ChairInfo","set_Foreground","System.Void DolocTown.Config.Equipment.ChairInfo::set_Foreground(DolocTown.SpriteAsset)","System.Void","DolocTown.SpriteAsset value","private","False","False","False","False","True","8","0x060089DE"
"DolocTown.Config.Equipment.ChairInfo","get_ForegroundFlip","DolocTown.SpriteAsset DolocTown.Config.Equipment.ChairInfo::get_ForegroundFlip()","DolocTown.SpriteAsset","","public","False","False","False","False","True","7","0x060089DF"
"DolocTown.Config.Equipment.ChairInfo","set_ForegroundFlip","System.Void DolocTown.Config.Equipment.ChairInfo::set_ForegroundFlip(DolocTown.SpriteAsset)","System.Void","DolocTown.SpriteAsset value","private","False","False","False","False","True","8","0x060089E0"
"DolocTown.Config.Equipment.EquipmentFuncParkingApron","get_StoreName","System.String DolocTown.Config.Equipment.EquipmentFuncParkingApron::get_StoreName()","System.String","","public","False","False","False","False","True","7","0x06008C10"
"DolocTown.Config.Equipment.EquipmentFuncParkingApron","set_StoreName","System.Void DolocTown.Config.Equipment.EquipmentFuncParkingApron::set_StoreName(System.String)","System.Void","System.String value","private","False","False","False","False","True","8","0x06008C11"
"DolocTown.Config.Equipment.EquipmentFuncParkingApron","get_StoreName_Ref","DolocTown.Config.Store.StoreInfo DolocTown.Config.Equipment.EquipmentFuncParkingApron::get_StoreName_Ref()","DolocTown.Config.Store.StoreInfo","","public","False","False","False","False","True","7","0x06008C12"
"DolocTown.Config.Equipment.EquipmentFuncParkingApron","set_StoreName_Ref","System.Void DolocTown.Config.Equipment.EquipmentFuncParkingApron::set_StoreName_Ref(DolocTown.Config.Store.StoreInfo)","System.Void","DolocTown.Config.Store.StoreInfo value","private","False","False","False","False","True","8","0x06008C13"
"DolocTown.Config.Equipment.EquipmentFuncPlantBasinTree",".ctor","System.Void DolocTown.Config.Equipment.EquipmentFuncPlantBasinTree::.ctor(SimpleJSON.JSONNode)","System.Void","SimpleJSON.JSONNode _json","public","False","False","False","True","True","54","0x06008C63"
"DolocTown.Config.Equipment.EquipmentFuncPlantBasinTree",".ctor","System.Void DolocTown.Config.Equipment.EquipmentFuncPlantBasinTree::.ctor(System.Single)","System.Void","System.Single fertilizer_offset","public","False","False","False","True","True","14","0x06008C64"
"DolocTown.Config.Equipment.EquipmentFuncPlantBasinTree","DeserializeEquipmentFuncPlantBasinTree","DolocTown.Config.Equipment.EquipmentFuncPlantBasinTree DolocTown.Config.Equipment.EquipmentFuncPlantBasinTree::DeserializeEquipmentFuncPlantBasinTree(SimpleJSON.JSONNode)","DolocTown.Config.Equipment.EquipmentFuncPlantBasinTree","SimpleJSON.JSONNode _json","public","True","False","False","False","True","7","0x06008C65"
"DolocTown.Config.Equipment.EquipmentFuncPlantBasinTree","get_FertilizerOffset","System.Single DolocTown.Config.Equipment.EquipmentFuncPlantBasinTree::get_FertilizerOffset()","System.Single","","public","False","False","False","False","True","7","0x06008C66"
"DolocTown.Config.Equipment.EquipmentFuncPlantBasinTree","set_FertilizerOffset","System.Void DolocTown.Config.Equipment.EquipmentFuncPlantBasinTree::set_FertilizerOffset(System.Single)","System.Void","System.Single value","private","False","False","False","False","True","8","0x06008C67"
"DolocTown.Config.Equipment.EquipmentFuncPlantBasinTree","GetTypeId","System.Int32 DolocTown.Config.Equipment.EquipmentFuncPlantBasinTree::GetTypeId()","System.Int32","","public","False","True","False","False","True","6","0x06008C68"
"DolocTown.Config.Equipment.EquipmentFuncPlantBasinTree","Resolve","System.Void DolocTown.Config.Equipment.EquipmentFuncPlantBasinTree::Resolve(System.Collections.Generic.Dictionary`2<System.String,System.Object>)","System.Void","System.Collections.Generic.Dictionary`2<System.String,System.Object> _tables","public","False","True","False","False","True","8","0x06008C69"
"DolocTown.Config.Equipment.EquipmentFuncPlantBasinTree","TranslateText","System.Void DolocTown.Config.Equipment.EquipmentFuncPlantBasinTree::TranslateText(System.Func`3<System.String,System.String,System.String>)","System.Void","System.Func`3<System.String,System.String,System.String> translator","public","False","True","False","False","True","8","0x06008C6A"
"DolocTown.Config.Equipment.EquipmentFuncPlantBasinTree","ToString","System.String DolocTown.Config.Equipment.EquipmentFuncPlantBasinTree::ToString()","System.String","","public","False","True","False","False","True","30","0x06008C6B"
"DolocTown.Config.Equipment.EquipmentFuncResinCollector","get_DefaultOutput_Ref","DolocTown.Config.Resource.ResinCollectorOutputInfo DolocTown.Config.Equipment.EquipmentFuncResinCollector::get_DefaultOutput_Ref()","DolocTown.Config.Resource.ResinCollectorOutputInfo","","public","False","False","False","False","True","7","0x06008C94"
"DolocTown.Config.Equipment.EquipmentFuncResinCollector","set_DefaultOutput_Ref","System.Void DolocTown.Config.Equipment.EquipmentFuncResinCollector::set_DefaultOutput_Ref(DolocTown.Config.Resource.ResinCollectorOutputInfo)","System.Void","DolocTown.Config.Resource.ResinCollectorOutputInfo value","private","False","False","False","False","True","8","0x06008C95"
"DolocTown.Config.Equipment.EquipmentFuncShowCase","get_ForegroundSprite","DolocTown.SpriteAsset DolocTown.Config.Equipment.EquipmentFuncShowCase::get_ForegroundSprite()","DolocTown.SpriteAsset","","public","False","False","False","False","True","7","0x06008CAC"
"DolocTown.Config.Equipment.EquipmentFuncShowCase","set_ForegroundSprite","System.Void DolocTown.Config.Equipment.EquipmentFuncShowCase::set_ForegroundSprite(DolocTown.SpriteAsset)","System.Void","DolocTown.SpriteAsset value","private","False","False","False","False","True","8","0x06008CAD"
"DolocTown.Config.Drone.DroneFunctionProtoBrustCore",".ctor","System.Void DolocTown.Config.Drone.DroneFunctionProtoBrustCore::.ctor(SimpleJSON.JSONNode)","System.Void","SimpleJSON.JSONNode _json","public","False","False","False","True","True","100","0x06008F28"
"DolocTown.Config.Drone.DroneFunctionProtoBrustCore",".ctor","System.Void DolocTown.Config.Drone.DroneFunctionProtoBrustCore::.ctor(System.Int32,System.Int32)","System.Void","System.Int32 bullet_interval; System.Int32 bullet_count","public","False","False","False","True","True","21","0x06008F29"
"DolocTown.Config.Drone.DroneFunctionProtoBrustCore","DeserializeDroneFunctionProtoBrustCore","DolocTown.Config.Drone.DroneFunctionProtoBrustCore DolocTown.Config.Drone.DroneFunctionProtoBrustCore::DeserializeDroneFunctionProtoBrustCore(SimpleJSON.JSONNode)","DolocTown.Config.Drone.DroneFunctionProtoBrustCore","SimpleJSON.JSONNode _json","public","True","False","False","False","True","7","0x06008F2A"
"DolocTown.Config.Drone.DroneFunctionProtoBrustCore","get_BulletInterval","System.Int32 DolocTown.Config.Drone.DroneFunctionProtoBrustCore::get_BulletInterval()","System.Int32","","public","False","False","False","False","True","7","0x06008F2B"
"DolocTown.Config.Drone.DroneFunctionProtoBrustCore","set_BulletInterval","System.Void DolocTown.Config.Drone.DroneFunctionProtoBrustCore::set_BulletInterval(System.Int32)","System.Void","System.Int32 value","private","False","False","False","False","True","8","0x06008F2C"
"DolocTown.Config.Drone.DroneFunctionProtoBrustCore","get_BulletCount","System.Int32 DolocTown.Config.Drone.DroneFunctionProtoBrustCore::get_BulletCount()","System.Int32","","public","False","False","False","False","True","7","0x06008F2D"
"DolocTown.Config.Drone.DroneFunctionProtoBrustCore","set_BulletCount","System.Void DolocTown.Config.Drone.DroneFunctionProtoBrustCore::set_BulletCount(System.Int32)","System.Void","System.Int32 value","private","False","False","False","False","True","8","0x06008F2E"
"DolocTown.Config.Drone.DroneFunctionProtoBrustCore","GetTypeId","System.Int32 DolocTown.Config.Drone.DroneFunctionProtoBrustCore::GetTypeId()","System.Int32","","public","False","True","False","False","True","6","0x06008F2F"
"DolocTown.Config.Drone.DroneFunctionProtoBrustCore","Resolve","System.Void DolocTown.Config.Drone.DroneFunctionProtoBrustCore::Resolve(System.Collections.Generic.Dictionary`2<System.String,System.Object>)","System.Void","System.Collections.Generic.Dictionary`2<System.String,System.Object> _tables","public","False","True","False","False","True","8","0x06008F30"
"DolocTown.Config.Drone.DroneFunctionProtoBrustCore","TranslateText","System.Void DolocTown.Config.Drone.DroneFunctionProtoBrustCore::TranslateText(System.Func`3<System.String,System.String,System.String>)","System.Void","System.Func`3<System.String,System.String,System.String> translator","public","False","True","False","False","True","8","0x06008F31"
"DolocTown.Config.Drone.DroneFunctionProtoBrustCore","ToString","System.String DolocTown.Config.Drone.DroneFunctionProtoBrustCore::ToString()","System.String","","public","False","True","False","False","True","70","0x06008F32"
"DolocTown.Config.Drone.DroneFunctionProtoCollectorHelper",".ctor","System.Void DolocTown.Config.Drone.DroneFunctionProtoCollectorHelper::.ctor(DolocTown.Config.Resource.DungeonResourceType[],System.Int32,System.Int32)","System.Void","DolocTown.Config.Resource.DungeonResourceType[] types; System.Int32 tool_level; System.Int32 chop_count","public","False","False","False","True","True","28","0x06008F4E"
"DolocTown.Config.Drone.DroneFunctionProtoCollectorHelper","get_Types","DolocTown.Config.Resource.DungeonResourceType[] DolocTown.Config.Drone.DroneFunctionProtoCollectorHelper::get_Types()","DolocTown.Config.Resource.DungeonResourceType[]","","public","False","False","False","False","True","7","0x06008F50"
"DolocTown.Config.Drone.DroneFunctionProtoCollectorHelper","set_Types","System.Void DolocTown.Config.Drone.DroneFunctionProtoCollectorHelper::set_Types(DolocTown.Config.Resource.DungeonResourceType[])","System.Void","DolocTown.Config.Resource.DungeonResourceType[] value","private","False","False","False","False","True","8","0x06008F51"
"DolocTown.Config.Drone.DroneFunctionProtoRestrictionReleaser",".ctor","System.Void DolocTown.Config.Drone.DroneFunctionProtoRestrictionReleaser::.ctor(SimpleJSON.JSONNode)","System.Void","SimpleJSON.JSONNode _json","public","False","False","False","True","True","100","0x06008F90"
"DolocTown.Config.Drone.DroneFunctionProtoRestrictionReleaser",".ctor","System.Void DolocTown.Config.Drone.DroneFunctionProtoRestrictionReleaser::.ctor(System.Single,System.Single)","System.Void","System.Single power_cost_increase; System.Single damage_increase","public","False","False","False","True","True","21","0x06008F91"
"DolocTown.Config.Drone.DroneFunctionProtoRestrictionReleaser","DeserializeDroneFunctionProtoRestrictionReleaser","DolocTown.Config.Drone.DroneFunctionProtoRestrictionReleaser DolocTown.Config.Drone.DroneFunctionProtoRestrictionReleaser::DeserializeDroneFunctionProtoRestrictionReleaser(SimpleJSON.JSONNode)","DolocTown.Config.Drone.DroneFunctionProtoRestrictionReleaser","SimpleJSON.JSONNode _json","public","True","False","False","False","True","7","0x06008F92"
"DolocTown.Config.Drone.DroneFunctionProtoRestrictionReleaser","get_PowerCostIncrease","System.Single DolocTown.Config.Drone.DroneFunctionProtoRestrictionReleaser::get_PowerCostIncrease()","System.Single","","public","False","False","False","False","True","7","0x06008F93"
"DolocTown.Config.Drone.DroneFunctionProtoRestrictionReleaser","set_PowerCostIncrease","System.Void DolocTown.Config.Drone.DroneFunctionProtoRestrictionReleaser::set_PowerCostIncrease(System.Single)","System.Void","System.Single value","private","False","False","False","False","True","8","0x06008F94"
"DolocTown.Config.Drone.DroneFunctionProtoRestrictionReleaser","get_DamageIncrease","System.Single DolocTown.Config.Drone.DroneFunctionProtoRestrictionReleaser::get_DamageIncrease()","System.Single","","public","False","False","False","False","True","7","0x06008F95"
"DolocTown.Config.Drone.DroneFunctionProtoRestrictionReleaser","set_DamageIncrease","System.Void DolocTown.Config.Drone.DroneFunctionProtoRestrictionReleaser::set_DamageIncrease(System.Single)","System.Void","System.Single value","private","False","False","False","False","True","8","0x06008F96"
"DolocTown.Config.Drone.DroneFunctionProtoRestrictionReleaser","GetTypeId","System.Int32 DolocTown.Config.Drone.DroneFunctionProtoRestrictionReleaser::GetTypeId()","System.Int32","","public","False","True","False","False","True","6","0x06008F97"
"DolocTown.Config.Drone.DroneFunctionProtoRestrictionReleaser","Resolve","System.Void DolocTown.Config.Drone.DroneFunctionProtoRestrictionReleaser::Resolve(System.Collections.Generic.Dictionary`2<System.String,System.Object>)","System.Void","System.Collections.Generic.Dictionary`2<System.String,System.Object> _tables","public","False","True","False","False","True","8","0x06008F98"
"DolocTown.Config.Drone.DroneFunctionProtoRestrictionReleaser","TranslateText","System.Void DolocTown.Config.Drone.DroneFunctionProtoRestrictionReleaser::TranslateText(System.Func`3<System.String,System.String,System.String>)","System.Void","System.Func`3<System.String,System.String,System.String> translator","public","False","True","False","False","True","8","0x06008F99"
"DolocTown.Config.Drone.DroneFunctionProtoRestrictionReleaser","ToString","System.String DolocTown.Config.Drone.DroneFunctionProtoRestrictionReleaser::ToString()","System.String","","public","False","True","False","False","True","70","0x06008F9A"
"DolocTown.Config.Automate.AutomateBotFunctionGathering",".ctor","System.Void DolocTown.Config.Automate.AutomateBotFunctionGathering::.ctor(SimpleJSON.JSONNode)","System.Void","SimpleJSON.JSONNode _json","public","False","False","False","True","True","8","0x06009292"
"DolocTown.Config.Automate.AutomateBotFunctionGathering",".ctor","System.Void DolocTown.Config.Automate.AutomateBotFunctionGathering::.ctor()","System.Void","","public","False","False","False","True","True","7","0x06009293"
"DolocTown.Config.Automate.AutomateBotFunctionGathering","DeserializeAutomateBotFunctionGathering","DolocTown.Config.Automate.AutomateBotFunctionGathering DolocTown.Config.Automate.AutomateBotFunctionGathering::DeserializeAutomateBotFunctionGathering(SimpleJSON.JSONNode)","DolocTown.Config.Automate.AutomateBotFunctionGathering","SimpleJSON.JSONNode _json","public","True","False","False","False","True","7","0x06009294"
"DolocTown.Config.Automate.AutomateBotFunctionGathering","GetTypeId","System.Int32 DolocTown.Config.Automate.AutomateBotFunctionGathering::GetTypeId()","System.Int32","","public","False","True","False","False","True","6","0x06009295"
"DolocTown.Config.Automate.AutomateBotFunctionGathering","Resolve","System.Void DolocTown.Config.Automate.AutomateBotFunctionGathering::Resolve(System.Collections.Generic.Dictionary`2<System.String,System.Object>)","System.Void","System.Collections.Generic.Dictionary`2<System.String,System.Object> _tables","public","False","True","False","False","True","8","0x06009296"
"DolocTown.Config.Automate.AutomateBotFunctionGathering","TranslateText","System.Void DolocTown.Config.Automate.AutomateBotFunctionGathering::TranslateText(System.Func`3<System.String,System.String,System.String>)","System.Void","System.Func`3<System.String,System.String,System.String> translator","public","False","True","False","False","True","8","0x06009297"
"DolocTown.Config.Automate.AutomateBotFunctionGathering","ToString","System.String DolocTown.Config.Automate.AutomateBotFunctionGathering::ToString()","System.String","","public","False","True","False","False","True","6","0x06009298"
